1.5           1   -0.004408   -0.004408           0
1.5           2    0.011596    0.003594  0.00565827
1.5           3    0.001296    0.002828  0.00382368
1.5           4    0.005896    0.003595  0.00294368
1.5           5    0.003136   0.0035032  0.00235637
1.5           6    0.007716  0.00420533  0.00206561
1.5           7   -0.001812  0.00334571  0.00194117
1.5           8    0.003292    0.003339  0.00169853
1.5           9    0.001648  0.00315111  0.00152016
1.5          10    0.019596   0.0047956  0.00207503
1.5          11   -0.003772  0.00401673   0.0020273
1.5          12    -0.00326  0.00341033  0.00194694
1.5          13     -0.0059  0.00269415  0.00192439
1.5          14   -0.003376  0.00226057  0.00183513
1.5          15    0.001832    0.002232  0.00171301
1.5          16   -0.015156  0.00114525  0.00191997
1.5          17   -0.012572 0.000338353   0.0019693
1.5          18   -0.007808-0.000114222  0.00191119
1.5          19    0.012304 0.000539368  0.00191911
1.5          20    0.005176   0.0007712   0.0018371
