1.5           1   -0.581896   -0.581896           0
1.5           2   -0.586016   -0.583956  0.00145664
1.5           3    -0.58368   -0.583864 0.000973994
1.5           4   -0.585728    -0.58433  0.00083456
1.5           5   -0.584944   -0.584453 0.000676623
1.5           6   -0.584864   -0.584521 0.000567312
1.5           7   -0.583328   -0.584351  0.00051124
1.5           8    -0.58276   -0.584152 0.000484469
1.5           9    -0.58432   -0.584171 0.000430998
1.5          10    -0.58164   -0.583918 0.000456184
1.5          11   -0.581776   -0.583723 0.000454362
1.5          12   -0.580728   -0.583473 0.000480176
1.5          13    -0.58348   -0.583474 0.000443239
1.5          14   -0.582576    -0.58341 0.000416193
1.5          15    -0.58584   -0.583572 0.000418797
1.5          16   -0.580264   -0.583365 0.000440704
1.5          17   -0.580816   -0.583215 0.000439548
1.5          18   -0.583416   -0.583226  0.00041527
1.5          19   -0.578904   -0.582999 0.000451443
1.5          20   -0.579888   -0.582843 0.000454876
