1.5           1     2.52382     2.52382           0
1.5           2     2.56617     2.54499   0.0149737
1.5           3     2.55474     2.54824   0.0103289
1.5           4     2.61734     2.56552   0.0168473
1.5           5     2.46565     2.54555   0.0223784
1.5           6     2.61513     2.55714   0.0214443
1.5           7     2.47288     2.54511   0.0214955
1.5           8     2.50552     2.54016   0.0193697
1.5           9     2.54697     2.54091   0.0172323
1.5          10     2.61068     2.54789   0.0168624
1.5          11     2.42267     2.53651   0.0187829
1.5          12     2.58887     2.54087   0.0177172
1.5          13     2.47954     2.53615    0.016971
1.5          14      2.5541     2.53743   0.0158071
1.5          15      2.5475     2.53811   0.0147675
1.5          16     2.52102     2.53704   0.0138831
1.5          17     2.60767     2.54119   0.0136741
1.5          18     2.53201     2.54068    0.012924
1.5          19     2.44989      2.5359   0.0130975
1.5          20     2.51197     2.53471   0.0124971
