1.5           1    0.301609    0.301609           0
1.5           2    0.295971     0.29879  0.00199339
1.5           3    0.290586    0.296055  0.00259834
1.5           4    0.290841    0.294752  0.00225218
1.5           5    0.291268    0.294055  0.00190645
1.5           6    0.294116    0.294065  0.00158873
1.5           7    0.289702    0.293442  0.00147898
1.5           8    0.293384    0.293435  0.00129413
1.5           9     0.29582      0.2937  0.00117716
1.5          10    0.286582    0.292988  0.00125634
1.5          11    0.287446    0.292484  0.00123902
1.5          12    0.291537    0.292405  0.00113828
1.5          13    0.284794     0.29182  0.00119182
1.5          14    0.296414    0.292148  0.00115099
1.5          15    0.292988    0.292204  0.00107562
1.5          16    0.292784     0.29224    0.001009
1.5          17    0.307498    0.293138  0.00128841
1.5          18    0.300249    0.293533  0.00127597
1.5          19    0.290839    0.293391  0.00121666
1.5          20     0.29531    0.293487  0.00115961
