           0        1000           0
           0        1000   0.0256496
           0        1000   0.0512993
           0        1000   0.0769489
           0        1000    0.102599
           0        1000    0.128248
           0        1000    0.153898
           0        1000    0.179547
           0        1000    0.205197
           0        1000    0.230847
           0        1000    0.256496
           0        1000    0.282146
           0        1000    0.307796
           0        1000    0.333445
           0        1000    0.359095
           0        1000    0.384745
           0        1000    0.410394
           0        1000    0.436044
           0        1000    0.461694
           0        1000    0.487343
           0        1000    0.512993
           0        1000    0.538642
           0        1000    0.564292
           0        1000    0.589942
           0        1000    0.615591
           0        1000    0.641241
           0        1000    0.666891
           0        1000     0.69254
           0        1000     0.71819
           0        1000     0.74384
           0        1000    0.769489
           0        1000    0.795139
           0        1000    0.820788
           0        1000    0.846438
  0.00100876        1000    0.872088
   0.0213065        1000    0.897737
    0.151983        1000    0.923387
     0.49281        1000    0.949037
     1.13392        1000    0.974686
     1.74975        1000     1.00034
      2.2314        1000     1.02599
     2.53129        1000     1.05164
     2.53426        1000     1.07728
     2.38621        1000     1.10293
     2.25945        1000     1.12858
     2.06041        1000     1.15423
     1.84468        1000     1.17988
     1.65283        1000     1.20553
       1.476        1000     1.23118
     1.32212        1000     1.25683
     1.19521        1000     1.28248
     1.05821        1000     1.30813
    0.956617        1000     1.33378
    0.880346        1000     1.35943
    0.813278        1000     1.38508
    0.757551        1000     1.41073
    0.715346        1000     1.43638
    0.707882        1000     1.46203
    0.670652        1000     1.48768
    0.646109        1000     1.51333
     0.64795        1000     1.53898
    0.642404        1000     1.56463
    0.657669        1000     1.59028
    0.664136        1000     1.61593
    0.689278        1000     1.64158
    0.706507        1000     1.66723
    0.734736        1000     1.69288
    0.771657        1000     1.71853
    0.802053        1000     1.74418
    0.836246        1000     1.76983
    0.872605        1000     1.79547
    0.920751        1000     1.82112
     0.95895        1000     1.84677
     1.00962        1000     1.87242
     1.04295        1000     1.89807
     1.10052        1000     1.92372
      1.1274        1000     1.94937
      1.1592        1000     1.97502
      1.1862        1000     2.00067
     1.21551        1000     2.02632
     1.21922        1000     2.05197
     1.24047        1000     2.07762
     1.21377        1000     2.10327
     1.20937        1000     2.12892
     1.19054        1000     2.15457
     1.15326        1000     2.18022
     1.13778        1000     2.20587
     1.11021        1000     2.23152
     1.07773        1000     2.25717
     1.06428        1000     2.28282
     1.02525        1000     2.30847
    0.994472        1000     2.33412
    0.969285        1000     2.35977
    0.956391        1000     2.38542
    0.922836        1000     2.41107
    0.915209        1000     2.43672
    0.908331        1000     2.46237
    0.895168        1000     2.48802
    0.900172        1000     2.51366
    0.894253        1000     2.53931
           0        1000           0
           0        1000   0.0256496
           0        1000   0.0512993
           0        1000   0.0769489
           0        1000    0.102599
           0        1000    0.128248
           0        1000    0.153898
           0        1000    0.179547
           0        1000    0.205197
           0        1000    0.230847
           0        1000    0.256496
           0        1000    0.282146
           0        1000    0.307796
           0        1000    0.333445
           0        1000    0.359095
           0        1000    0.384745
           0        1000    0.410394
           0        1000    0.436044
           0        1000    0.461694
           0        1000    0.487343
           0        1000    0.512993
           0        1000    0.538642
           0        1000    0.564292
           0        1000    0.589942
           0        1000    0.615591
           0        1000    0.641241
           0        1000    0.666891
           0        1000     0.69254
           0        1000     0.71819
           0        1000     0.74384
           0        1000    0.769489
           0        1000    0.795139
           0        1000    0.820788
           0        1000    0.846438
  0.00238434        1000    0.872088
   0.0241647        1000    0.897737
    0.159274        1000    0.923387
    0.541245        1000    0.949037
     1.17987        1000    0.974686
     1.86357        1000     1.00034
     2.30879        1000     1.02599
     2.55107        1000     1.05164
     2.55282        1000     1.07728
     2.40426        1000     1.10293
     2.21568        1000     1.12858
     1.99182        1000     1.15423
     1.75507        1000     1.17988
     1.57678        1000     1.20553
     1.41052        1000     1.23118
     1.26051        1000     1.25683
     1.14196        1000     1.28248
     1.00828        1000     1.30813
    0.946122        1000     1.33378
    0.874244        1000     1.35943
     0.82456        1000     1.38508
     0.76882        1000     1.41073
     0.72728        1000     1.43638
    0.701807        1000     1.46203
    0.691958        1000     1.48768
    0.686963        1000     1.51333
    0.675029        1000     1.53898
    0.677181        1000     1.56463
    0.665186        1000     1.59028
    0.678023        1000     1.61593
     0.69471        1000     1.64158
    0.711035        1000     1.66723
    0.730417        1000     1.69288
    0.788308        1000     1.71853
    0.813383        1000     1.74418
    0.844924        1000     1.76983
    0.885475        1000     1.79547
    0.933627        1000     1.82112
    0.980112        1000     1.84677
     1.01826        1000     1.87242
     1.04799        1000     1.89807
     1.09483        1000     1.92372
     1.12382        1000     1.94937
     1.16229        1000     1.97502
      1.1751        1000     2.00067
     1.19914        1000     2.02632
     1.21788        1000     2.05197
      1.2079        1000     2.07762
     1.20811        1000     2.10327
     1.19793        1000     2.12892
     1.19147        1000     2.15457
     1.15335        1000     2.18022
     1.14947        1000     2.20587
     1.11465        1000     2.23152
     1.08005        1000     2.25717
     1.03753        1000     2.28282
     1.02064        1000     2.30847
     0.99751        1000     2.33412
    0.980703        1000     2.35977
    0.947439        1000     2.38542
    0.933373        1000     2.41107
    0.919661        1000     2.43672
    0.908776        1000     2.46237
    0.884547        1000     2.48802
    0.886288        1000     2.51366
    0.887384        1000     2.53931
           0        1000           0
           0        1000   0.0256496
           0        1000   0.0512993
           0        1000   0.0769489
           0        1000    0.102599
           0        1000    0.128248
           0        1000    0.153898
           0        1000    0.179547
           0        1000    0.205197
           0        1000    0.230847
           0        1000    0.256496
           0        1000    0.282146
           0        1000    0.307796
           0        1000    0.333445
           0        1000    0.359095
           0        1000    0.384745
           0        1000    0.410394
           0        1000    0.436044
           0        1000    0.461694
           0        1000    0.487343
           0        1000    0.512993
           0        1000    0.538642
           0        1000    0.564292
           0        1000    0.589942
           0        1000    0.615591
           0        1000    0.641241
           0        1000    0.666891
           0        1000     0.69254
           0        1000     0.71819
           0        1000     0.74384
           0        1000    0.769489
           0        1000    0.795139
           0        1000    0.820788
           0        1000    0.846438
  0.00146728        1000    0.872088
    0.024771        1000    0.897737
    0.168615        1000    0.923387
    0.556847        1000    0.949037
     1.18281        1000    0.974686
     1.85245        1000     1.00034
     2.35817        1000     1.02599
     2.56077        1000     1.05164
     2.53457        1000     1.07728
     2.40028        1000     1.10293
     2.20107        1000     1.12858
     1.96029        1000     1.15423
     1.77547        1000     1.17988
     1.57228        1000     1.20553
      1.3914        1000     1.23118
      1.2467        1000     1.25683
     1.12398        1000     1.28248
    0.994044        1000     1.30813
    0.929766        1000     1.33378
    0.878554        1000     1.35943
    0.826618        1000     1.38508
    0.771478        1000     1.41073
    0.750429        1000     1.43638
    0.721319        1000     1.46203
    0.698146        1000     1.48768
    0.676018        1000     1.51333
     0.68666        1000     1.53898
    0.662693        1000     1.56463
    0.675554        1000     1.59028
    0.679837        1000     1.61593
    0.691115        1000     1.64158
    0.706227        1000     1.66723
     0.74851        1000     1.69288
    0.768662        1000     1.71853
    0.822479        1000     1.74418
    0.847749        1000     1.76983
    0.891119        1000     1.79547
     0.91742        1000     1.82112
       0.976        1000     1.84677
     1.01432        1000     1.87242
     1.05352        1000     1.89807
     1.09393        1000     1.92372
     1.13016        1000     1.94937
     1.16763        1000     1.97502
     1.18888        1000     2.00067
     1.20083        1000     2.02632
     1.23026        1000     2.05197
     1.21046        1000     2.07762
     1.21218        1000     2.10327
     1.21075        1000     2.12892
     1.18337        1000     2.15457
     1.15187        1000     2.18022
     1.13107        1000     2.20587
     1.09933        1000     2.23152
     1.07728        1000     2.25717
     1.02534        1000     2.28282
     1.01336        1000     2.30847
    0.992386        1000     2.33412
      0.9688        1000     2.35977
    0.955805        1000     2.38542
    0.929156        1000     2.41107
    0.917698        1000     2.43672
    0.902458        1000     2.46237
    0.889599        1000     2.48802
    0.874238        1000     2.51366
    0.883999        1000     2.53931
           0        1000           0
           0        1000   0.0256496
           0        1000   0.0512993
           0        1000   0.0769489
           0        1000    0.102599
           0        1000    0.128248
           0        1000    0.153898
           0        1000    0.179547
           0        1000    0.205197
           0        1000    0.230847
           0        1000    0.256496
           0        1000    0.282146
           0        1000    0.307796
           0        1000    0.333445
           0        1000    0.359095
           0        1000    0.384745
           0        1000    0.410394
           0        1000    0.436044
           0        1000    0.461694
           0        1000    0.487343
           0        1000    0.512993
           0        1000    0.538642
           0        1000    0.564292
           0        1000    0.589942
           0        1000    0.615591
           0        1000    0.641241
           0        1000    0.666891
           0        1000     0.69254
           0        1000     0.71819
           0        1000     0.74384
           0        1000    0.769489
           0        1000    0.795139
           0        1000    0.820788
           0        1000    0.846438
   0.0017424        1000    0.872088
   0.0231254        1000    0.897737
    0.158701        1000    0.923387
    0.553742        1000    0.949037
     1.21315        1000    0.974686
     1.86987        1000     1.00034
     2.36256        1000     1.02599
     2.55069        1000     1.05164
     2.54653        1000     1.07728
     2.41822        1000     1.10293
     2.18503        1000     1.12858
     1.95623        1000     1.15423
     1.73518        1000     1.17988
     1.54233        1000     1.20553
     1.38143        1000     1.23118
     1.23908        1000     1.25683
     1.12702        1000     1.28248
     1.03623        1000     1.30813
    0.932142        1000     1.33378
    0.880232        1000     1.35943
    0.827831        1000     1.38508
    0.771761        1000     1.41073
    0.730118        1000     1.43638
    0.715344        1000     1.46203
    0.688609        1000     1.48768
    0.678639        1000     1.51333
     0.67649        1000     1.53898
    0.667051        1000     1.56463
    0.680947        1000     1.59028
    0.690016        1000     1.61593
    0.711581        1000     1.64158
    0.724622        1000     1.66723
    0.747375        1000     1.69288
    0.786032        1000     1.71853
     0.81978        1000     1.74418
    0.856924        1000     1.76983
    0.898125        1000     1.79547
    0.937641        1000     1.82112
    0.973736        1000     1.84677
     1.02725        1000     1.87242
     1.05601        1000     1.89807
     1.10142        1000     1.92372
     1.12461        1000     1.94937
     1.15538        1000     1.97502
     1.18089        1000     2.00067
     1.18817        1000     2.02632
     1.21368        1000     2.05197
     1.19907        1000     2.07762
     1.20521        1000     2.10327
      1.1922        1000     2.12892
      1.1721        1000     2.15457
     1.15541        1000     2.18022
     1.12604        1000     2.20587
     1.09549        1000     2.23152
     1.06436        1000     2.25717
     1.04508        1000     2.28282
     1.00705        1000     2.30847
    0.993872        1000     2.33412
    0.970344        1000     2.35977
    0.946552        1000     2.38542
    0.939045        1000     2.41107
    0.913521        1000     2.43672
    0.899657        1000     2.46237
    0.900749        1000     2.48802
    0.890169        1000     2.51366
     0.89132        1000     2.53931
           0        1000           0
           0        1000   0.0256496
           0        1000   0.0512993
           0        1000   0.0769489
           0        1000    0.102599
           0        1000    0.128248
           0        1000    0.153898
           0        1000    0.179547
           0        1000    0.205197
           0        1000    0.230847
           0        1000    0.256496
           0        1000    0.282146
           0        1000    0.307796
           0        1000    0.333445
           0        1000    0.359095
           0        1000    0.384745
           0        1000    0.410394
           0        1000    0.436044
           0        1000    0.461694
           0        1000    0.487343
           0        1000    0.512993
           0        1000    0.538642
           0        1000    0.564292
           0        1000    0.589942
           0        1000    0.615591
           0        1000    0.641241
           0        1000    0.666891
           0        1000     0.69254
           0        1000     0.71819
           0        1000     0.74384
           0        1000    0.769489
           0        1000    0.795139
           0        1000    0.820788
           0        1000    0.846438
 0.000733642        1000    0.872088
   0.0219994        1000    0.897737
    0.172629        1000    0.923387
    0.570818        1000    0.949037
     1.23495        1000    0.974686
     1.87575        1000     1.00034
     2.37561        1000     1.02599
     2.52521        1000     1.05164
     2.55493        1000     1.07728
     2.41055        1000     1.10293
     2.20653        1000     1.12858
     1.97748        1000     1.15423
     1.76229        1000     1.17988
     1.51297        1000     1.20553
     1.35423        1000     1.23118
     1.22095        1000     1.25683
     1.11067        1000     1.28248
     1.00865        1000     1.30813
    0.923944        1000     1.33378
    0.851896        1000     1.35943
    0.813535        1000     1.38508
    0.772647        1000     1.41073
     0.74147        1000     1.43638
    0.716004        1000     1.46203
    0.707045        1000     1.48768
    0.684188        1000     1.51333
    0.687674        1000     1.53898
    0.683732        1000     1.56463
    0.678907        1000     1.59028
    0.696783        1000     1.61593
    0.707934        1000     1.64158
    0.742789        1000     1.66723
    0.774749        1000     1.69288
    0.781719        1000     1.71853
    0.825642        1000     1.74418
    0.864698        1000     1.76983
    0.902188        1000     1.79547
    0.927541        1000     1.82112
    0.973612        1000     1.84677
     1.01717        1000     1.87242
     1.03829        1000     1.89807
     1.08738        1000     1.92372
     1.12886        1000     1.94937
     1.15934        1000     1.97502
        1.18        1000     2.00067
     1.21579        1000     2.02632
      1.2039        1000     2.05197
      1.1949        1000     2.07762
     1.20581        1000     2.10327
     1.19688        1000     2.12892
     1.18713        1000     2.15457
     1.14871        1000     2.18022
     1.11559        1000     2.20587
     1.09437        1000     2.23152
     1.05888        1000     2.25717
     1.01689        1000     2.28282
    0.995779        1000     2.30847
      0.9688        1000     2.33412
    0.949025        1000     2.35977
    0.939248        1000     2.38542
    0.923667        1000     2.41107
    0.921804        1000     2.43672
    0.908542        1000     2.46237
    0.900393        1000     2.48802
    0.894141        1000     2.51366
    0.894165        1000     2.53931
           0        1000           0
           0        1000   0.0256496
           0        1000   0.0512993
           0        1000   0.0769489
           0        1000    0.102599
           0        1000    0.128248
           0        1000    0.153898
           0        1000    0.179547
           0        1000    0.205197
           0        1000    0.230847
           0        1000    0.256496
           0        1000    0.282146
           0        1000    0.307796
           0        1000    0.333445
           0        1000    0.359095
           0        1000    0.384745
           0        1000    0.410394
           0        1000    0.436044
           0        1000    0.461694
           0        1000    0.487343
           0        1000    0.512993
           0        1000    0.538642
           0        1000    0.564292
           0        1000    0.589942
           0        1000    0.615591
           0        1000    0.641241
           0        1000    0.666891
           0        1000     0.69254
           0        1000     0.71819
           0        1000     0.74384
           0        1000    0.769489
           0        1000    0.795139
           0        1000    0.820788
           0        1000    0.846438
   0.0017424        1000    0.872088
    0.025204        1000    0.897737
    0.173285        1000    0.923387
    0.567481        1000    0.949037
     1.23407        1000    0.974686
       1.891        1000     1.00034
     2.35045        1000     1.02599
     2.57249        1000     1.05164
     2.51263        1000     1.07728
     2.38621        1000     1.10293
      2.1895        1000     1.12858
     1.95676        1000     1.15423
     1.73049        1000     1.17988
     1.53967        1000     1.20553
     1.37242        1000     1.23118
     1.23971        1000     1.25683
     1.10622        1000     1.28248
     1.00351        1000     1.30813
    0.925845        1000     1.33378
    0.868142        1000     1.35943
    0.820885        1000     1.38508
    0.770698        1000     1.41073
    0.729878        1000     1.43638
    0.723102        1000     1.46203
    0.710299        1000     1.48768
    0.694209        1000     1.51333
    0.683707        1000     1.53898
    0.691236        1000     1.56463
    0.680416        1000     1.59028
    0.696242        1000     1.61593
    0.717143        1000     1.64158
    0.739277        1000     1.66723
    0.767911        1000     1.69288
    0.800335        1000     1.71853
    0.832575        1000     1.74418
    0.869986        1000     1.76983
    0.899706        1000     1.79547
    0.927947        1000     1.82112
    0.970434        1000     1.84677
     1.01289        1000     1.87242
     1.05407        1000     1.89807
     1.08543        1000     1.92372
     1.11358        1000     1.94937
     1.15035        1000     1.97502
     1.18344        1000     2.00067
     1.18437        1000     2.02632
     1.19312        1000     2.05197
     1.20678        1000     2.07762
     1.19667        1000     2.10327
     1.18047        1000     2.12892
     1.16461        1000     2.15457
     1.13984        1000     2.18022
     1.11419        1000     2.20587
     1.09034        1000     2.23152
     1.07088        1000     2.25717
     1.03895        1000     2.28282
     1.01157        1000     2.30847
    0.981291        1000     2.33412
    0.968711        1000     2.35977
    0.966143        1000     2.38542
    0.942137        1000     2.41107
    0.935257        1000     2.43672
    0.916982        1000     2.46237
    0.904251        1000     2.48802
    0.898619        1000     2.51366
    0.898355        1000     2.53931
           0        1000           0
           0        1000   0.0256496
           0        1000   0.0512993
           0        1000   0.0769489
           0        1000    0.102599
           0        1000    0.128248
           0        1000    0.153898
           0        1000    0.179547
           0        1000    0.205197
           0        1000    0.230847
           0        1000    0.256496
           0        1000    0.282146
           0        1000    0.307796
           0        1000    0.333445
           0        1000    0.359095
           0        1000    0.384745
           0        1000    0.410394
           0        1000    0.436044
           0        1000    0.461694
           0        1000    0.487343
           0        1000    0.512993
           0        1000    0.538642
           0        1000    0.564292
           0        1000    0.589942
           0        1000    0.615591
           0        1000    0.641241
           0        1000    0.666891
           0        1000     0.69254
           0        1000     0.71819
           0        1000     0.74384
           0        1000    0.769489
           0        1000    0.795139
           0        1000    0.820788
 0.000291784        1000    0.846438
  0.00100876        1000    0.872088
   0.0253773        1000    0.897737
    0.158373        1000    0.923387
    0.586575        1000    0.949037
     1.25299        1000    0.974686
     1.92038        1000     1.00034
     2.34812        1000     1.02599
     2.56577        1000     1.05164
     2.52949        1000     1.07728
     2.37629        1000     1.10293
     2.18117        1000     1.12858
      1.9672        1000     1.15423
     1.74689        1000     1.17988
     1.54848        1000     1.20553
     1.36867        1000     1.23118
     1.24127        1000     1.25683
     1.12612        1000     1.28248
      1.0124        1000     1.30813
    0.946399        1000     1.33378
    0.858646        1000     1.35943
    0.806773        1000     1.38508
    0.759535        1000     1.41073
     0.72003        1000     1.43638
    0.706991        1000     1.46203
    0.678179        1000     1.48768
    0.664455        1000     1.51333
    0.653259        1000     1.53898
     0.66024        1000     1.56463
    0.670468        1000     1.59028
    0.693021        1000     1.61593
    0.709324        1000     1.64158
    0.743272        1000     1.66723
    0.753422        1000     1.69288
    0.801532        1000     1.71853
    0.834483        1000     1.74418
    0.868924        1000     1.76983
      0.9218        1000     1.79547
    0.949897        1000     1.82112
     1.00653        1000     1.84677
     1.04015        1000     1.87242
      1.0862        1000     1.89807
     1.11294        1000     1.92372
     1.14956        1000     1.94937
      1.1751        1000     1.97502
     1.19113        1000     2.00067
     1.19859        1000     2.02632
     1.19731        1000     2.05197
     1.19784        1000     2.07762
     1.18439        1000     2.10327
     1.17167        1000     2.12892
     1.15702        1000     2.15457
     1.13033        1000     2.18022
     1.09873        1000     2.20587
     1.08195        1000     2.23152
     1.04786        1000     2.25717
     1.02591        1000     2.28282
    0.998831        1000     2.30847
    0.982725        1000     2.33412
    0.958925        1000     2.35977
    0.937025        1000     2.38542
    0.923252        1000     2.41107
    0.914108        1000     2.43672
    0.904533        1000     2.46237
     0.89278        1000     2.48802
    0.887075        1000     2.51366
    0.880052        1000     2.53931
           0        1000           0
           0        1000   0.0256496
           0        1000   0.0512993
           0        1000   0.0769489
           0        1000    0.102599
           0        1000    0.128248
           0        1000    0.153898
           0        1000    0.179547
           0        1000    0.205197
           0        1000    0.230847
           0        1000    0.256496
           0        1000    0.282146
           0        1000    0.307796
           0        1000    0.333445
           0        1000    0.359095
           0        1000    0.384745
           0        1000    0.410394
           0        1000    0.436044
           0        1000    0.461694
           0        1000    0.487343
           0        1000    0.512993
           0        1000    0.538642
           0        1000    0.564292
           0        1000    0.589942
           0        1000    0.615591
           0        1000    0.641241
           0        1000    0.666891
           0        1000     0.69254
           0        1000     0.71819
           0        1000     0.74384
           0        1000    0.769489
           0        1000    0.795139
           0        1000    0.820788
           0        1000    0.846438
  0.00146728        1000    0.872088
   0.0218262        1000    0.897737
    0.153457        1000    0.923387
    0.544738        1000    0.949037
     1.18303        1000    0.974686
     1.86735        1000     1.00034
     2.34859        1000     1.02599
     2.56051        1000     1.05164
      2.5707        1000     1.07728
     2.43293        1000     1.10293
     2.22698        1000     1.12858
     1.97305        1000     1.15423
      1.7372        1000     1.17988
     1.57905        1000     1.20553
     1.37688        1000     1.23118
     1.22639        1000     1.25683
     1.11966        1000     1.28248
      1.0138        1000     1.30813
     0.94327        1000     1.33378
    0.878516        1000     1.35943
    0.823421        1000     1.38508
    0.783278        1000     1.41073
    0.748138        1000     1.43638
    0.720593        1000     1.46203
    0.689343        1000     1.48768
    0.682246        1000     1.51333
    0.678101        1000     1.53898
     0.66076        1000     1.56463
     0.67139        1000     1.59028
    0.675776        1000     1.61593
    0.681249        1000     1.64158
    0.703148        1000     1.66723
    0.736292        1000     1.69288
    0.770076        1000     1.71853
    0.801774        1000     1.74418
    0.846483        1000     1.76983
    0.881609        1000     1.79547
     0.94016        1000     1.82112
    0.974173        1000     1.84677
     1.03223        1000     1.87242
     1.06575        1000     1.89807
     1.09303        1000     1.92372
     1.15566        1000     1.94937
     1.16422        1000     1.97502
     1.18709        1000     2.00067
     1.21721        1000     2.02632
     1.21719        1000     2.05197
     1.24099        1000     2.07762
     1.22445        1000     2.10327
     1.19995        1000     2.12892
     1.17668        1000     2.15457
     1.14822        1000     2.18022
     1.12373        1000     2.20587
     1.10318        1000     2.23152
     1.06475        1000     2.25717
     1.03556        1000     2.28282
      1.0007        1000     2.30847
    0.985476        1000     2.33412
    0.955506        1000     2.35977
    0.938848        1000     2.38542
    0.925745        1000     2.41107
     0.91248        1000     2.43672
    0.905494        1000     2.46237
    0.892298        1000     2.48802
    0.879301        1000     2.51366
     0.88594        1000     2.53931
           0        1000           0
           0        1000   0.0256496
           0        1000   0.0512993
           0        1000   0.0769489
           0        1000    0.102599
           0        1000    0.128248
           0        1000    0.153898
           0        1000    0.179547
           0        1000    0.205197
           0        1000    0.230847
           0        1000    0.256496
           0        1000    0.282146
           0        1000    0.307796
           0        1000    0.333445
           0        1000    0.359095
           0        1000    0.384745
           0        1000    0.410394
           0        1000    0.436044
           0        1000    0.461694
           0        1000    0.487343
           0        1000    0.512993
           0        1000    0.538642
           0        1000    0.564292
           0        1000    0.589942
           0        1000    0.615591
           0        1000    0.641241
           0        1000    0.666891
           0        1000     0.69254
           0        1000     0.71819
           0        1000     0.74384
           0        1000    0.769489
           0        1000    0.795139
           0        1000    0.820788
           0        1000    0.846438
  0.00155899        1000    0.872088
   0.0297079        1000    0.897737
    0.170253        1000    0.923387
    0.562125        1000    0.949037
     1.21352        1000    0.974686
     1.83146        1000     1.00034
     2.30513        1000     1.02599
     2.58548        1000     1.05164
     2.53807        1000     1.07728
     2.39532        1000     1.10293
     2.21237        1000     1.12858
     1.97205        1000     1.15423
     1.73922        1000     1.17988
     1.53507        1000     1.20553
      1.3902        1000     1.23118
     1.25076        1000     1.25683
     1.13139        1000     1.28248
     1.03339        1000     1.30813
    0.941409        1000     1.33378
    0.876838        1000     1.35943
    0.821069        1000     1.38508
    0.762016        1000     1.41073
    0.746565        1000     1.43638
    0.709071        1000     1.46203
    0.708481        1000     1.48768
    0.687087        1000     1.51333
    0.672733        1000     1.53898
    0.679115        1000     1.56463
    0.675917        1000     1.59028
     0.69118        1000     1.61593
    0.704155        1000     1.64158
     0.72162        1000     1.66723
    0.743573        1000     1.69288
    0.772903        1000     1.71853
    0.797121        1000     1.74418
    0.836585        1000     1.76983
    0.895401        1000     1.79547
    0.944837        1000     1.82112
    0.961712        1000     1.84677
      1.0178        1000     1.87242
      1.0459        1000     1.89807
      1.0878        1000     1.92372
      1.1369        1000     1.94937
     1.17007        1000     1.97502
     1.19742        1000     2.00067
     1.21398        1000     2.02632
     1.22079        1000     2.05197
     1.22269        1000     2.07762
     1.21258        1000     2.10327
     1.20043        1000     2.12892
      1.1846        1000     2.15457
     1.16076        1000     2.18022
     1.13011        1000     2.20587
     1.09516        1000     2.23152
     1.06081        1000     2.25717
      1.0429        1000     2.28282
     1.01668        1000     2.30847
    0.968383        1000     2.33412
     0.95483        1000     2.35977
    0.933404        1000     2.38542
    0.933593        1000     2.41107
    0.908123        1000     2.43672
    0.895132        1000     2.46237
    0.887877        1000     2.48802
    0.882024        1000     2.51366
    0.875983        1000     2.53931
           0        1000           0
           0        1000   0.0256496
           0        1000   0.0512993
           0        1000   0.0769489
           0        1000    0.102599
           0        1000    0.128248
           0        1000    0.153898
           0        1000    0.179547
           0        1000    0.205197
           0        1000    0.230847
           0        1000    0.256496
           0        1000    0.282146
           0        1000    0.307796
           0        1000    0.333445
           0        1000    0.359095
           0        1000    0.384745
           0        1000    0.410394
           0        1000    0.436044
           0        1000    0.461694
           0        1000    0.487343
           0        1000    0.512993
           0        1000    0.538642
           0        1000    0.564292
           0        1000    0.589942
           0        1000    0.615591
           0        1000    0.641241
           0        1000    0.666891
           0        1000     0.69254
           0        1000     0.71819
           0        1000     0.74384
           0        1000    0.769489
           0        1000    0.795139
           0        1000    0.820788
           0        1000    0.846438
  0.00100876        1000    0.872088
    0.024771        1000    0.897737
    0.177217        1000    0.923387
    0.567093        1000    0.949037
      1.2119        1000    0.974686
     1.90744        1000     1.00034
     2.36829        1000     1.02599
     2.58193        1000     1.05164
     2.56768        1000     1.07728
     2.40709        1000     1.10293
      2.1944        1000     1.12858
     1.93756        1000     1.15423
     1.72993        1000     1.17988
     1.54625        1000     1.20553
     1.37015        1000     1.23118
     1.23557        1000     1.25683
     1.11872        1000     1.28248
     1.01977        1000     1.30813
    0.921607        1000     1.33378
    0.850638        1000     1.35943
    0.804531        1000     1.38508
    0.768182        1000     1.41073
    0.726527        1000     1.43638
    0.720725        1000     1.46203
    0.696009        1000     1.48768
    0.685206        1000     1.51333
    0.686451        1000     1.53898
    0.678797        1000     1.56463
    0.687598        1000     1.59028
    0.699626        1000     1.61593
    0.704418        1000     1.64158
    0.736046        1000     1.66723
    0.749497        1000     1.69288
    0.776017        1000     1.71853
    0.811335        1000     1.74418
     0.85715        1000     1.76983
    0.888879        1000     1.79547
    0.937726        1000     1.82112
    0.971369        1000     1.84677
     1.01515        1000     1.87242
     1.05574        1000     1.89807
       1.096        1000     1.92372
     1.13416        1000     1.94937
     1.17694        1000     1.97502
     1.19742        1000     2.00067
     1.22018        1000     2.02632
     1.21495        1000     2.05197
     1.22025        1000     2.07762
     1.19496        1000     2.10327
     1.19054        1000     2.12892
     1.16641        1000     2.15457
     1.14881        1000     2.18022
      1.1213        1000     2.20587
     1.08287        1000     2.23152
     1.06387        1000     2.25717
     1.02719        1000     2.28282
     1.00492        1000     2.30847
    0.988175        1000     2.33412
    0.955353        1000     2.35977
    0.931619        1000     2.38542
    0.927408        1000     2.41107
    0.911535        1000     2.43672
    0.903642        1000     2.46237
     0.89131        1000     2.48802
    0.888527        1000     2.51366
    0.890967        1000     2.53931
           0        1000           0
           0        1000   0.0256496
           0        1000   0.0512993
           0        1000   0.0769489
           0        1000    0.102599
           0        1000    0.128248
           0        1000    0.153898
           0        1000    0.179547
           0        1000    0.205197
           0        1000    0.230847
           0        1000    0.256496
           0        1000    0.282146
           0        1000    0.307796
           0        1000    0.333445
           0        1000    0.359095
           0        1000    0.384745
           0        1000    0.410394
           0        1000    0.436044
           0        1000    0.461694
           0        1000    0.487343
           0        1000    0.512993
           0        1000    0.538642
           0        1000    0.564292
           0        1000    0.589942
           0        1000    0.615591
           0        1000    0.641241
           0        1000    0.666891
           0        1000     0.69254
           0        1000     0.71819
           0        1000     0.74384
           0        1000    0.769489
           0        1000    0.795139
           0        1000    0.820788
           0        1000    0.846438
  0.00100876        1000    0.872088
   0.0213065        1000    0.897737
    0.151983        1000    0.923387
     0.49281        1000    0.949037
     1.13392        1000    0.974686
     1.74975        1000     1.00034
      2.2314        1000     1.02599
     2.53129        1000     1.05164
     2.53426        1000     1.07728
     2.38621        1000     1.10293
     2.25945        1000     1.12858
     2.06041        1000     1.15423
     1.84468        1000     1.17988
     1.65283        1000     1.20553
       1.476        1000     1.23118
     1.32212        1000     1.25683
     1.19521        1000     1.28248
     1.05821        1000     1.30813
    0.956617        1000     1.33378
    0.880346        1000     1.35943
    0.813278        1000     1.38508
    0.757551        1000     1.41073
    0.715346        1000     1.43638
    0.707882        1000     1.46203
    0.670652        1000     1.48768
    0.646109        1000     1.51333
     0.64795        1000     1.53898
    0.642404        1000     1.56463
    0.657669        1000     1.59028
    0.664136        1000     1.61593
    0.689278        1000     1.64158
    0.706507        1000     1.66723
    0.734736        1000     1.69288
    0.771657        1000     1.71853
    0.802053        1000     1.74418
    0.836246        1000     1.76983
    0.872605        1000     1.79547
    0.920751        1000     1.82112
     0.95895        1000     1.84677
     1.00962        1000     1.87242
     1.04295        1000     1.89807
     1.10052        1000     1.92372
      1.1274        1000     1.94937
      1.1592        1000     1.97502
      1.1862        1000     2.00067
     1.21551        1000     2.02632
     1.21922        1000     2.05197
     1.24047        1000     2.07762
     1.21377        1000     2.10327
     1.20937        1000     2.12892
     1.19054        1000     2.15457
     1.15326        1000     2.18022
     1.13778        1000     2.20587
     1.11021        1000     2.23152
     1.07773        1000     2.25717
     1.06428        1000     2.28282
     1.02525        1000     2.30847
    0.994472        1000     2.33412
    0.969285        1000     2.35977
    0.956391        1000     2.38542
    0.922836        1000     2.41107
    0.915209        1000     2.43672
    0.908331        1000     2.46237
    0.895168        1000     2.48802
    0.900172        1000     2.51366
    0.894253        1000     2.53931
           0        1000           0
           0        1000   0.0256496
           0        1000   0.0512993
           0        1000   0.0769489
           0        1000    0.102599
           0        1000    0.128248
           0        1000    0.153898
           0        1000    0.179547
           0        1000    0.205197
           0        1000    0.230847
           0        1000    0.256496
           0        1000    0.282146
           0        1000    0.307796
           0        1000    0.333445
           0        1000    0.359095
           0        1000    0.384745
           0        1000    0.410394
           0        1000    0.436044
           0        1000    0.461694
           0        1000    0.487343
           0        1000    0.512993
           0        1000    0.538642
           0        1000    0.564292
           0        1000    0.589942
           0        1000    0.615591
           0        1000    0.641241
           0        1000    0.666891
           0        1000     0.69254
           0        1000     0.71819
           0        1000     0.74384
           0        1000    0.769489
           0        1000    0.795139
           0        1000    0.820788
           0        1000    0.846438
  0.00238434        1000    0.872088
   0.0241647        1000    0.897737
    0.159274        1000    0.923387
    0.541245        1000    0.949037
     1.17987        1000    0.974686
     1.86357        1000     1.00034
     2.30879        1000     1.02599
     2.55107        1000     1.05164
     2.55282        1000     1.07728
     2.40426        1000     1.10293
     2.21568        1000     1.12858
     1.99182        1000     1.15423
     1.75507        1000     1.17988
     1.57678        1000     1.20553
     1.41052        1000     1.23118
     1.26051        1000     1.25683
     1.14196        1000     1.28248
     1.00828        1000     1.30813
    0.946122        1000     1.33378
    0.874244        1000     1.35943
     0.82456        1000     1.38508
     0.76882        1000     1.41073
     0.72728        1000     1.43638
    0.701807        1000     1.46203
    0.691958        1000     1.48768
    0.686963        1000     1.51333
    0.675029        1000     1.53898
    0.677181        1000     1.56463
    0.665186        1000     1.59028
    0.678023        1000     1.61593
     0.69471        1000     1.64158
    0.711035        1000     1.66723
    0.730417        1000     1.69288
    0.788308        1000     1.71853
    0.813383        1000     1.74418
    0.844924        1000     1.76983
    0.885475        1000     1.79547
    0.933627        1000     1.82112
    0.980112        1000     1.84677
     1.01826        1000     1.87242
     1.04799        1000     1.89807
     1.09483        1000     1.92372
     1.12382        1000     1.94937
     1.16229        1000     1.97502
      1.1751        1000     2.00067
     1.19914        1000     2.02632
     1.21788        1000     2.05197
      1.2079        1000     2.07762
     1.20811        1000     2.10327
     1.19793        1000     2.12892
     1.19147        1000     2.15457
     1.15335        1000     2.18022
     1.14947        1000     2.20587
     1.11465        1000     2.23152
     1.08005        1000     2.25717
     1.03753        1000     2.28282
     1.02064        1000     2.30847
     0.99751        1000     2.33412
    0.980703        1000     2.35977
    0.947439        1000     2.38542
    0.933373        1000     2.41107
    0.919661        1000     2.43672
    0.908776        1000     2.46237
    0.884547        1000     2.48802
    0.886288        1000     2.51366
    0.887384        1000     2.53931
           0        1000           0
           0        1000   0.0256496
           0        1000   0.0512993
           0        1000   0.0769489
           0        1000    0.102599
           0        1000    0.128248
           0        1000    0.153898
           0        1000    0.179547
           0        1000    0.205197
           0        1000    0.230847
           0        1000    0.256496
           0        1000    0.282146
           0        1000    0.307796
           0        1000    0.333445
           0        1000    0.359095
           0        1000    0.384745
           0        1000    0.410394
           0        1000    0.436044
           0        1000    0.461694
           0        1000    0.487343
           0        1000    0.512993
           0        1000    0.538642
           0        1000    0.564292
           0        1000    0.589942
           0        1000    0.615591
           0        1000    0.641241
           0        1000    0.666891
           0        1000     0.69254
           0        1000     0.71819
           0        1000     0.74384
           0        1000    0.769489
           0        1000    0.795139
           0        1000    0.820788
           0        1000    0.846438
  0.00146728        1000    0.872088
    0.024771        1000    0.897737
    0.168615        1000    0.923387
    0.556847        1000    0.949037
     1.18281        1000    0.974686
     1.85245        1000     1.00034
     2.35817        1000     1.02599
     2.56077        1000     1.05164
     2.53457        1000     1.07728
     2.40028        1000     1.10293
     2.20107        1000     1.12858
     1.96029        1000     1.15423
     1.77547        1000     1.17988
     1.57228        1000     1.20553
      1.3914        1000     1.23118
      1.2467        1000     1.25683
     1.12398        1000     1.28248
    0.994044        1000     1.30813
    0.929766        1000     1.33378
    0.878554        1000     1.35943
    0.826618        1000     1.38508
    0.771478        1000     1.41073
    0.750429        1000     1.43638
    0.721319        1000     1.46203
    0.698146        1000     1.48768
    0.676018        1000     1.51333
     0.68666        1000     1.53898
    0.662693        1000     1.56463
    0.675554        1000     1.59028
    0.679837        1000     1.61593
    0.691115        1000     1.64158
    0.706227        1000     1.66723
     0.74851        1000     1.69288
    0.768662        1000     1.71853
    0.822479        1000     1.74418
    0.847749        1000     1.76983
    0.891119        1000     1.79547
     0.91742        1000     1.82112
       0.976        1000     1.84677
     1.01432        1000     1.87242
     1.05352        1000     1.89807
     1.09393        1000     1.92372
     1.13016        1000     1.94937
     1.16763        1000     1.97502
     1.18888        1000     2.00067
     1.20083        1000     2.02632
     1.23026        1000     2.05197
     1.21046        1000     2.07762
     1.21218        1000     2.10327
     1.21075        1000     2.12892
     1.18337        1000     2.15457
     1.15187        1000     2.18022
     1.13107        1000     2.20587
     1.09933        1000     2.23152
     1.07728        1000     2.25717
     1.02534        1000     2.28282
     1.01336        1000     2.30847
    0.992386        1000     2.33412
      0.9688        1000     2.35977
    0.955805        1000     2.38542
    0.929156        1000     2.41107
    0.917698        1000     2.43672
    0.902458        1000     2.46237
    0.889599        1000     2.48802
    0.874238        1000     2.51366
    0.883999        1000     2.53931
           0        1000           0
           0        1000   0.0256496
           0        1000   0.0512993
           0        1000   0.0769489
           0        1000    0.102599
           0        1000    0.128248
           0        1000    0.153898
           0        1000    0.179547
           0        1000    0.205197
           0        1000    0.230847
           0        1000    0.256496
           0        1000    0.282146
           0        1000    0.307796
           0        1000    0.333445
           0        1000    0.359095
           0        1000    0.384745
           0        1000    0.410394
           0        1000    0.436044
           0        1000    0.461694
           0        1000    0.487343
           0        1000    0.512993
           0        1000    0.538642
           0        1000    0.564292
           0        1000    0.589942
           0        1000    0.615591
           0        1000    0.641241
           0        1000    0.666891
           0        1000     0.69254
           0        1000     0.71819
           0        1000     0.74384
           0        1000    0.769489
           0        1000    0.795139
           0        1000    0.820788
           0        1000    0.846438
   0.0017424        1000    0.872088
   0.0231254        1000    0.897737
    0.158701        1000    0.923387
    0.553742        1000    0.949037
     1.21315        1000    0.974686
     1.86987        1000     1.00034
     2.36256        1000     1.02599
     2.55069        1000     1.05164
     2.54653        1000     1.07728
     2.41822        1000     1.10293
     2.18503        1000     1.12858
     1.95623        1000     1.15423
     1.73518        1000     1.17988
     1.54233        1000     1.20553
     1.38143        1000     1.23118
     1.23908        1000     1.25683
     1.12702        1000     1.28248
     1.03623        1000     1.30813
    0.932142        1000     1.33378
    0.880232        1000     1.35943
    0.827831        1000     1.38508
    0.771761        1000     1.41073
    0.730118        1000     1.43638
    0.715344        1000     1.46203
    0.688609        1000     1.48768
    0.678639        1000     1.51333
     0.67649        1000     1.53898
    0.667051        1000     1.56463
    0.680947        1000     1.59028
    0.690016        1000     1.61593
    0.711581        1000     1.64158
    0.724622        1000     1.66723
    0.747375        1000     1.69288
    0.786032        1000     1.71853
     0.81978        1000     1.74418
    0.856924        1000     1.76983
    0.898125        1000     1.79547
    0.937641        1000     1.82112
    0.973736        1000     1.84677
     1.02725        1000     1.87242
     1.05601        1000     1.89807
     1.10142        1000     1.92372
     1.12461        1000     1.94937
     1.15538        1000     1.97502
     1.18089        1000     2.00067
     1.18817        1000     2.02632
     1.21368        1000     2.05197
     1.19907        1000     2.07762
     1.20521        1000     2.10327
      1.1922        1000     2.12892
      1.1721        1000     2.15457
     1.15541        1000     2.18022
     1.12604        1000     2.20587
     1.09549        1000     2.23152
     1.06436        1000     2.25717
     1.04508        1000     2.28282
     1.00705        1000     2.30847
    0.993872        1000     2.33412
    0.970344        1000     2.35977
    0.946552        1000     2.38542
    0.939045        1000     2.41107
    0.913521        1000     2.43672
    0.899657        1000     2.46237
    0.900749        1000     2.48802
    0.890169        1000     2.51366
     0.89132        1000     2.53931
           0        1000           0
           0        1000   0.0256496
           0        1000   0.0512993
           0        1000   0.0769489
           0        1000    0.102599
           0        1000    0.128248
           0        1000    0.153898
           0        1000    0.179547
           0        1000    0.205197
           0        1000    0.230847
           0        1000    0.256496
           0        1000    0.282146
           0        1000    0.307796
           0        1000    0.333445
           0        1000    0.359095
           0        1000    0.384745
           0        1000    0.410394
           0        1000    0.436044
           0        1000    0.461694
           0        1000    0.487343
           0        1000    0.512993
           0        1000    0.538642
           0        1000    0.564292
           0        1000    0.589942
           0        1000    0.615591
           0        1000    0.641241
           0        1000    0.666891
           0        1000     0.69254
           0        1000     0.71819
           0        1000     0.74384
           0        1000    0.769489
           0        1000    0.795139
           0        1000    0.820788
           0        1000    0.846438
 0.000733642        1000    0.872088
   0.0219994        1000    0.897737
    0.172629        1000    0.923387
    0.570818        1000    0.949037
     1.23495        1000    0.974686
     1.87575        1000     1.00034
     2.37561        1000     1.02599
     2.52521        1000     1.05164
     2.55493        1000     1.07728
     2.41055        1000     1.10293
     2.20653        1000     1.12858
     1.97748        1000     1.15423
     1.76229        1000     1.17988
     1.51297        1000     1.20553
     1.35423        1000     1.23118
     1.22095        1000     1.25683
     1.11067        1000     1.28248
     1.00865        1000     1.30813
    0.923944        1000     1.33378
    0.851896        1000     1.35943
    0.813535        1000     1.38508
    0.772647        1000     1.41073
     0.74147        1000     1.43638
    0.716004        1000     1.46203
    0.707045        1000     1.48768
    0.684188        1000     1.51333
    0.687674        1000     1.53898
    0.683732        1000     1.56463
    0.678907        1000     1.59028
    0.696783        1000     1.61593
    0.707934        1000     1.64158
    0.742789        1000     1.66723
    0.774749        1000     1.69288
    0.781719        1000     1.71853
    0.825642        1000     1.74418
    0.864698        1000     1.76983
    0.902188        1000     1.79547
    0.927541        1000     1.82112
    0.973612        1000     1.84677
     1.01717        1000     1.87242
     1.03829        1000     1.89807
     1.08738        1000     1.92372
     1.12886        1000     1.94937
     1.15934        1000     1.97502
        1.18        1000     2.00067
     1.21579        1000     2.02632
      1.2039        1000     2.05197
      1.1949        1000     2.07762
     1.20581        1000     2.10327
     1.19688        1000     2.12892
     1.18713        1000     2.15457
     1.14871        1000     2.18022
     1.11559        1000     2.20587
     1.09437        1000     2.23152
     1.05888        1000     2.25717
     1.01689        1000     2.28282
    0.995779        1000     2.30847
      0.9688        1000     2.33412
    0.949025        1000     2.35977
    0.939248        1000     2.38542
    0.923667        1000     2.41107
    0.921804        1000     2.43672
    0.908542        1000     2.46237
    0.900393        1000     2.48802
    0.894141        1000     2.51366
    0.894165        1000     2.53931
           0        1000           0
           0        1000   0.0256496
           0        1000   0.0512993
           0        1000   0.0769489
           0        1000    0.102599
           0        1000    0.128248
           0        1000    0.153898
           0        1000    0.179547
           0        1000    0.205197
           0        1000    0.230847
           0        1000    0.256496
           0        1000    0.282146
           0        1000    0.307796
           0        1000    0.333445
           0        1000    0.359095
           0        1000    0.384745
           0        1000    0.410394
           0        1000    0.436044
           0        1000    0.461694
           0        1000    0.487343
           0        1000    0.512993
           0        1000    0.538642
           0        1000    0.564292
           0        1000    0.589942
           0        1000    0.615591
           0        1000    0.641241
           0        1000    0.666891
           0        1000     0.69254
           0        1000     0.71819
           0        1000     0.74384
           0        1000    0.769489
           0        1000    0.795139
           0        1000    0.820788
           0        1000    0.846438
   0.0017424        1000    0.872088
    0.025204        1000    0.897737
    0.173285        1000    0.923387
    0.567481        1000    0.949037
     1.23407        1000    0.974686
       1.891        1000     1.00034
     2.35045        1000     1.02599
     2.57249        1000     1.05164
     2.51263        1000     1.07728
     2.38621        1000     1.10293
      2.1895        1000     1.12858
     1.95676        1000     1.15423
     1.73049        1000     1.17988
     1.53967        1000     1.20553
     1.37242        1000     1.23118
     1.23971        1000     1.25683
     1.10622        1000     1.28248
     1.00351        1000     1.30813
    0.925845        1000     1.33378
    0.868142        1000     1.35943
    0.820885        1000     1.38508
    0.770698        1000     1.41073
    0.729878        1000     1.43638
    0.723102        1000     1.46203
    0.710299        1000     1.48768
    0.694209        1000     1.51333
    0.683707        1000     1.53898
    0.691236        1000     1.56463
    0.680416        1000     1.59028
    0.696242        1000     1.61593
    0.717143        1000     1.64158
    0.739277        1000     1.66723
    0.767911        1000     1.69288
    0.800335        1000     1.71853
    0.832575        1000     1.74418
    0.869986        1000     1.76983
    0.899706        1000     1.79547
    0.927947        1000     1.82112
    0.970434        1000     1.84677
     1.01289        1000     1.87242
     1.05407        1000     1.89807
     1.08543        1000     1.92372
     1.11358        1000     1.94937
     1.15035        1000     1.97502
     1.18344        1000     2.00067
     1.18437        1000     2.02632
     1.19312        1000     2.05197
     1.20678        1000     2.07762
     1.19667        1000     2.10327
     1.18047        1000     2.12892
     1.16461        1000     2.15457
     1.13984        1000     2.18022
     1.11419        1000     2.20587
     1.09034        1000     2.23152
     1.07088        1000     2.25717
     1.03895        1000     2.28282
     1.01157        1000     2.30847
    0.981291        1000     2.33412
    0.968711        1000     2.35977
    0.966143        1000     2.38542
    0.942137        1000     2.41107
    0.935257        1000     2.43672
    0.916982        1000     2.46237
    0.904251        1000     2.48802
    0.898619        1000     2.51366
    0.898355        1000     2.53931
           0        1000           0
           0        1000   0.0256496
           0        1000   0.0512993
           0        1000   0.0769489
           0        1000    0.102599
           0        1000    0.128248
           0        1000    0.153898
           0        1000    0.179547
           0        1000    0.205197
           0        1000    0.230847
           0        1000    0.256496
           0        1000    0.282146
           0        1000    0.307796
           0        1000    0.333445
           0        1000    0.359095
           0        1000    0.384745
           0        1000    0.410394
           0        1000    0.436044
           0        1000    0.461694
           0        1000    0.487343
           0        1000    0.512993
           0        1000    0.538642
           0        1000    0.564292
           0        1000    0.589942
           0        1000    0.615591
           0        1000    0.641241
           0        1000    0.666891
           0        1000     0.69254
           0        1000     0.71819
           0        1000     0.74384
           0        1000    0.769489
           0        1000    0.795139
           0        1000    0.820788
 0.000291784        1000    0.846438
  0.00100876        1000    0.872088
   0.0253773        1000    0.897737
    0.158373        1000    0.923387
    0.586575        1000    0.949037
     1.25299        1000    0.974686
     1.92038        1000     1.00034
     2.34812        1000     1.02599
     2.56577        1000     1.05164
     2.52949        1000     1.07728
     2.37629        1000     1.10293
     2.18117        1000     1.12858
      1.9672        1000     1.15423
     1.74689        1000     1.17988
     1.54848        1000     1.20553
     1.36867        1000     1.23118
     1.24127        1000     1.25683
     1.12612        1000     1.28248
      1.0124        1000     1.30813
    0.946399        1000     1.33378
    0.858646        1000     1.35943
    0.806773        1000     1.38508
    0.759535        1000     1.41073
     0.72003        1000     1.43638
    0.706991        1000     1.46203
    0.678179        1000     1.48768
    0.664455        1000     1.51333
    0.653259        1000     1.53898
     0.66024        1000     1.56463
    0.670468        1000     1.59028
    0.693021        1000     1.61593
    0.709324        1000     1.64158
    0.743272        1000     1.66723
    0.753422        1000     1.69288
    0.801532        1000     1.71853
    0.834483        1000     1.74418
    0.868924        1000     1.76983
      0.9218        1000     1.79547
    0.949897        1000     1.82112
     1.00653        1000     1.84677
     1.04015        1000     1.87242
      1.0862        1000     1.89807
     1.11294        1000     1.92372
     1.14956        1000     1.94937
      1.1751        1000     1.97502
     1.19113        1000     2.00067
     1.19859        1000     2.02632
     1.19731        1000     2.05197
     1.19784        1000     2.07762
     1.18439        1000     2.10327
     1.17167        1000     2.12892
     1.15702        1000     2.15457
     1.13033        1000     2.18022
     1.09873        1000     2.20587
     1.08195        1000     2.23152
     1.04786        1000     2.25717
     1.02591        1000     2.28282
    0.998831        1000     2.30847
    0.982725        1000     2.33412
    0.958925        1000     2.35977
    0.937025        1000     2.38542
    0.923252        1000     2.41107
    0.914108        1000     2.43672
    0.904533        1000     2.46237
     0.89278        1000     2.48802
    0.887075        1000     2.51366
    0.880052        1000     2.53931
           0        1000           0
           0        1000   0.0256496
           0        1000   0.0512993
           0        1000   0.0769489
           0        1000    0.102599
           0        1000    0.128248
           0        1000    0.153898
           0        1000    0.179547
           0        1000    0.205197
           0        1000    0.230847
           0        1000    0.256496
           0        1000    0.282146
           0        1000    0.307796
           0        1000    0.333445
           0        1000    0.359095
           0        1000    0.384745
           0        1000    0.410394
           0        1000    0.436044
           0        1000    0.461694
           0        1000    0.487343
           0        1000    0.512993
           0        1000    0.538642
           0        1000    0.564292
           0        1000    0.589942
           0        1000    0.615591
           0        1000    0.641241
           0        1000    0.666891
           0        1000     0.69254
           0        1000     0.71819
           0        1000     0.74384
           0        1000    0.769489
           0        1000    0.795139
           0        1000    0.820788
           0        1000    0.846438
  0.00146728        1000    0.872088
   0.0218262        1000    0.897737
    0.153457        1000    0.923387
    0.544738        1000    0.949037
     1.18303        1000    0.974686
     1.86735        1000     1.00034
     2.34859        1000     1.02599
     2.56051        1000     1.05164
      2.5707        1000     1.07728
     2.43293        1000     1.10293
     2.22698        1000     1.12858
     1.97305        1000     1.15423
      1.7372        1000     1.17988
     1.57905        1000     1.20553
     1.37688        1000     1.23118
     1.22639        1000     1.25683
     1.11966        1000     1.28248
      1.0138        1000     1.30813
     0.94327        1000     1.33378
    0.878516        1000     1.35943
    0.823421        1000     1.38508
    0.783278        1000     1.41073
    0.748138        1000     1.43638
    0.720593        1000     1.46203
    0.689343        1000     1.48768
    0.682246        1000     1.51333
    0.678101        1000     1.53898
     0.66076        1000     1.56463
     0.67139        1000     1.59028
    0.675776        1000     1.61593
    0.681249        1000     1.64158
    0.703148        1000     1.66723
    0.736292        1000     1.69288
    0.770076        1000     1.71853
    0.801774        1000     1.74418
    0.846483        1000     1.76983
    0.881609        1000     1.79547
     0.94016        1000     1.82112
    0.974173        1000     1.84677
     1.03223        1000     1.87242
     1.06575        1000     1.89807
     1.09303        1000     1.92372
     1.15566        1000     1.94937
     1.16422        1000     1.97502
     1.18709        1000     2.00067
     1.21721        1000     2.02632
     1.21719        1000     2.05197
     1.24099        1000     2.07762
     1.22445        1000     2.10327
     1.19995        1000     2.12892
     1.17668        1000     2.15457
     1.14822        1000     2.18022
     1.12373        1000     2.20587
     1.10318        1000     2.23152
     1.06475        1000     2.25717
     1.03556        1000     2.28282
      1.0007        1000     2.30847
    0.985476        1000     2.33412
    0.955506        1000     2.35977
    0.938848        1000     2.38542
    0.925745        1000     2.41107
     0.91248        1000     2.43672
    0.905494        1000     2.46237
    0.892298        1000     2.48802
    0.879301        1000     2.51366
     0.88594        1000     2.53931
           0        1000           0
           0        1000   0.0256496
           0        1000   0.0512993
           0        1000   0.0769489
           0        1000    0.102599
           0        1000    0.128248
           0        1000    0.153898
           0        1000    0.179547
           0        1000    0.205197
           0        1000    0.230847
           0        1000    0.256496
           0        1000    0.282146
           0        1000    0.307796
           0        1000    0.333445
           0        1000    0.359095
           0        1000    0.384745
           0        1000    0.410394
           0        1000    0.436044
           0        1000    0.461694
           0        1000    0.487343
           0        1000    0.512993
           0        1000    0.538642
           0        1000    0.564292
           0        1000    0.589942
           0        1000    0.615591
           0        1000    0.641241
           0        1000    0.666891
           0        1000     0.69254
           0        1000     0.71819
           0        1000     0.74384
           0        1000    0.769489
           0        1000    0.795139
           0        1000    0.820788
           0        1000    0.846438
  0.00155899        1000    0.872088
   0.0297079        1000    0.897737
    0.170253        1000    0.923387
    0.562125        1000    0.949037
     1.21352        1000    0.974686
     1.83146        1000     1.00034
     2.30513        1000     1.02599
     2.58548        1000     1.05164
     2.53807        1000     1.07728
     2.39532        1000     1.10293
     2.21237        1000     1.12858
     1.97205        1000     1.15423
     1.73922        1000     1.17988
     1.53507        1000     1.20553
      1.3902        1000     1.23118
     1.25076        1000     1.25683
     1.13139        1000     1.28248
     1.03339        1000     1.30813
    0.941409        1000     1.33378
    0.876838        1000     1.35943
    0.821069        1000     1.38508
    0.762016        1000     1.41073
    0.746565        1000     1.43638
    0.709071        1000     1.46203
    0.708481        1000     1.48768
    0.687087        1000     1.51333
    0.672733        1000     1.53898
    0.679115        1000     1.56463
    0.675917        1000     1.59028
     0.69118        1000     1.61593
    0.704155        1000     1.64158
     0.72162        1000     1.66723
    0.743573        1000     1.69288
    0.772903        1000     1.71853
    0.797121        1000     1.74418
    0.836585        1000     1.76983
    0.895401        1000     1.79547
    0.944837        1000     1.82112
    0.961712        1000     1.84677
      1.0178        1000     1.87242
      1.0459        1000     1.89807
      1.0878        1000     1.92372
      1.1369        1000     1.94937
     1.17007        1000     1.97502
     1.19742        1000     2.00067
     1.21398        1000     2.02632
     1.22079        1000     2.05197
     1.22269        1000     2.07762
     1.21258        1000     2.10327
     1.20043        1000     2.12892
      1.1846        1000     2.15457
     1.16076        1000     2.18022
     1.13011        1000     2.20587
     1.09516        1000     2.23152
     1.06081        1000     2.25717
      1.0429        1000     2.28282
     1.01668        1000     2.30847
    0.968383        1000     2.33412
     0.95483        1000     2.35977
    0.933404        1000     2.38542
    0.933593        1000     2.41107
    0.908123        1000     2.43672
    0.895132        1000     2.46237
    0.887877        1000     2.48802
    0.882024        1000     2.51366
    0.875983        1000     2.53931
           0        1000           0
           0        1000   0.0256496
           0        1000   0.0512993
           0        1000   0.0769489
           0        1000    0.102599
           0        1000    0.128248
           0        1000    0.153898
           0        1000    0.179547
           0        1000    0.205197
           0        1000    0.230847
           0        1000    0.256496
           0        1000    0.282146
           0        1000    0.307796
           0        1000    0.333445
           0        1000    0.359095
           0        1000    0.384745
           0        1000    0.410394
           0        1000    0.436044
           0        1000    0.461694
           0        1000    0.487343
           0        1000    0.512993
           0        1000    0.538642
           0        1000    0.564292
           0        1000    0.589942
           0        1000    0.615591
           0        1000    0.641241
           0        1000    0.666891
           0        1000     0.69254
           0        1000     0.71819
           0        1000     0.74384
           0        1000    0.769489
           0        1000    0.795139
           0        1000    0.820788
           0        1000    0.846438
  0.00100876        1000    0.872088
    0.024771        1000    0.897737
    0.177217        1000    0.923387
    0.567093        1000    0.949037
      1.2119        1000    0.974686
     1.90744        1000     1.00034
     2.36829        1000     1.02599
     2.58193        1000     1.05164
     2.56768        1000     1.07728
     2.40709        1000     1.10293
      2.1944        1000     1.12858
     1.93756        1000     1.15423
     1.72993        1000     1.17988
     1.54625        1000     1.20553
     1.37015        1000     1.23118
     1.23557        1000     1.25683
     1.11872        1000     1.28248
     1.01977        1000     1.30813
    0.921607        1000     1.33378
    0.850638        1000     1.35943
    0.804531        1000     1.38508
    0.768182        1000     1.41073
    0.726527        1000     1.43638
    0.720725        1000     1.46203
    0.696009        1000     1.48768
    0.685206        1000     1.51333
    0.686451        1000     1.53898
    0.678797        1000     1.56463
    0.687598        1000     1.59028
    0.699626        1000     1.61593
    0.704418        1000     1.64158
    0.736046        1000     1.66723
    0.749497        1000     1.69288
    0.776017        1000     1.71853
    0.811335        1000     1.74418
     0.85715        1000     1.76983
    0.888879        1000     1.79547
    0.937726        1000     1.82112
    0.971369        1000     1.84677
     1.01515        1000     1.87242
     1.05574        1000     1.89807
       1.096        1000     1.92372
     1.13416        1000     1.94937
     1.17694        1000     1.97502
     1.19742        1000     2.00067
     1.22018        1000     2.02632
     1.21495        1000     2.05197
     1.22025        1000     2.07762
     1.19496        1000     2.10327
     1.19054        1000     2.12892
     1.16641        1000     2.15457
     1.14881        1000     2.18022
      1.1213        1000     2.20587
     1.08287        1000     2.23152
     1.06387        1000     2.25717
     1.02719        1000     2.28282
     1.00492        1000     2.30847
    0.988175        1000     2.33412
    0.955353        1000     2.35977
    0.931619        1000     2.38542
    0.927408        1000     2.41107
    0.911535        1000     2.43672
    0.903642        1000     2.46237
     0.89131        1000     2.48802
    0.888527        1000     2.51366
    0.890967        1000     2.53931
