0.000000e+00  0.000000e+00  0.000000e+00
2.564964e-02  0.000000e+00  0.000000e+00
5.129928e-02  0.000000e+00  0.000000e+00
7.694892e-02  0.000000e+00  0.000000e+00
1.025986e-01  0.000000e+00  0.000000e+00
1.282482e-01  0.000000e+00  0.000000e+00
1.538978e-01  0.000000e+00  0.000000e+00
1.795475e-01  0.000000e+00  0.000000e+00
2.051971e-01  0.000000e+00  0.000000e+00
2.308468e-01  0.000000e+00  0.000000e+00
2.564964e-01  0.000000e+00  0.000000e+00
2.821460e-01  0.000000e+00  0.000000e+00
3.077957e-01  0.000000e+00  0.000000e+00
3.334453e-01  0.000000e+00  0.000000e+00
3.590949e-01  0.000000e+00  0.000000e+00
3.847446e-01  0.000000e+00  0.000000e+00
4.103942e-01  0.000000e+00  0.000000e+00
4.360439e-01  0.000000e+00  0.000000e+00
4.616935e-01  0.000000e+00  0.000000e+00
4.873431e-01  0.000000e+00  0.000000e+00
5.129928e-01  0.000000e+00  0.000000e+00
5.386424e-01  0.000000e+00  0.000000e+00
5.642921e-01  0.000000e+00  0.000000e+00
5.899417e-01  0.000000e+00  0.000000e+00
6.155913e-01  0.000000e+00  0.000000e+00
6.412410e-01  0.000000e+00  0.000000e+00
6.668906e-01  0.000000e+00  0.000000e+00
6.925403e-01  0.000000e+00  0.000000e+00
7.181899e-01  0.000000e+00  0.000000e+00
7.438395e-01  0.000000e+00  0.000000e+00
7.694892e-01  0.000000e+00  0.000000e+00
7.951388e-01  0.000000e+00  0.000000e+00
8.207885e-01  0.000000e+00  0.000000e+00
8.464381e-01  2.917844e-05  2.768109e-05
8.720877e-01  1.412260e-03  1.462691e-04
8.977374e-01  2.422533e-02  7.306312e-04
9.233870e-01  1.643787e-01  2.705496e-03
9.490367e-01  5.543474e-01  7.591310e-03
9.746863e-01  1.204022e+00  1.043154e-02
1.000336e+00  1.862903e+00  1.421671e-02
1.025986e+00  2.335711e+00  1.302158e-02
1.051635e+00  2.558522e+00  5.915819e-03
1.077285e+00  2.544168e+00  5.376746e-03
1.102934e+00  2.401738e+00  5.030935e-03
1.128584e+00  2.207219e+00  7.002550e-03
1.154234e+00  1.975284e+00  9.980183e-03
1.179883e+00  1.755641e+00  1.037481e-02
1.205533e+00  1.560570e+00  1.152830e-02
1.231183e+00  1.389191e+00  1.024480e-02
1.256832e+00  1.248306e+00  8.488841e-03
1.282482e+00  1.130097e+00  7.503358e-03
1.308132e+00  1.018828e+00  5.653803e-03
1.333781e+00  9.367120e-01  3.495791e-03
1.359431e+00  8.698052e-01  3.545137e-03
1.385081e+00  8.182499e-01  2.470093e-03
1.410730e+00  7.685965e-01  2.241302e-03
1.436380e+00  7.335783e-01  3.684983e-03
1.462029e+00  7.142839e-01  2.212809e-03
1.487679e+00  6.938721e-01  3.894798e-03
1.513329e+00  6.785121e-01  4.166636e-03
1.538978e+00  6.748054e-01  4.152689e-03
1.564628e+00  6.703210e-01  4.306756e-03
1.590278e+00  6.744051e-01  2.581680e-03
1.615927e+00  6.864640e-01  3.436750e-03
1.641577e+00  7.010907e-01  3.429652e-03
1.667227e+00  7.234542e-01  4.827830e-03
1.692876e+00  7.486483e-01  4.221171e-03
1.718526e+00  7.817242e-01  3.631305e-03
1.744175e+00  8.160625e-01  3.933731e-03
1.769825e+00  8.529671e-01  3.737590e-03
1.795475e+00  8.936906e-01  4.011201e-03
1.821124e+00  9.337548e-01  3.104108e-03
1.846774e+00  9.746626e-01  3.863172e-03
1.872424e+00  1.020484e+00  2.890764e-03
1.898073e+00  1.054642e+00  4.060299e-03
1.923723e+00  1.095326e+00  2.449785e-03
1.949373e+00  1.132472e+00  3.728099e-03
1.975022e+00  1.164052e+00  2.547373e-03
2.000672e+00  1.186755e+00  2.186943e-03
2.026321e+00  1.205376e+00  3.855955e-03
2.051971e+00  1.212829e+00  3.416191e-03
2.077621e+00  1.214134e+00  4.994573e-03
2.103270e+00  1.205813e+00  3.410462e-03
2.128920e+00  1.195020e+00  3.610743e-03
2.154570e+00  1.177392e+00  3.578693e-03
2.180219e+00  1.149057e+00  2.565328e-03
2.205869e+00  1.124800e+00  4.167245e-03
2.231519e+00  1.096756e+00  3.181455e-03
2.257168e+00  1.066647e+00  2.995647e-03
2.282818e+00  1.035964e+00  3.999718e-03
2.308468e+00  1.009478e+00  2.914067e-03
2.334117e+00  9.853089e-01  3.076286e-03
2.359767e+00  9.631482e-01  2.942988e-03
2.385416e+00  9.452473e-01  3.390205e-03
2.411066e+00  9.300212e-01  2.039330e-03
2.436716e+00  9.169397e-01  2.273078e-03
2.462365e+00  9.053548e-01  1.774558e-03
2.488015e+00  8.938971e-01  1.872476e-03
2.513665e+00  8.880554e-01  2.466027e-03
2.539314e+00  8.882417e-01  2.077935e-03
0.000000e+00  0.000000e+00  0.000000e+00
2.564964e-02  0.000000e+00  0.000000e+00
5.129928e-02  0.000000e+00  0.000000e+00
7.694892e-02  0.000000e+00  0.000000e+00
1.025986e-01  0.000000e+00  0.000000e+00
1.282482e-01  0.000000e+00  0.000000e+00
1.538978e-01  0.000000e+00  0.000000e+00
1.795475e-01  0.000000e+00  0.000000e+00
2.051971e-01  0.000000e+00  0.000000e+00
2.308468e-01  0.000000e+00  0.000000e+00
2.564964e-01  0.000000e+00  0.000000e+00
2.821460e-01  0.000000e+00  0.000000e+00
3.077957e-01  0.000000e+00  0.000000e+00
3.334453e-01  0.000000e+00  0.000000e+00
3.590949e-01  0.000000e+00  0.000000e+00
3.847446e-01  0.000000e+00  0.000000e+00
4.103942e-01  0.000000e+00  0.000000e+00
4.360439e-01  0.000000e+00  0.000000e+00
4.616935e-01  0.000000e+00  0.000000e+00
4.873431e-01  0.000000e+00  0.000000e+00
5.129928e-01  0.000000e+00  0.000000e+00
5.386424e-01  0.000000e+00  0.000000e+00
5.642921e-01  0.000000e+00  0.000000e+00
5.899417e-01  0.000000e+00  0.000000e+00
6.155913e-01  0.000000e+00  0.000000e+00
6.412410e-01  0.000000e+00  0.000000e+00
6.668906e-01  0.000000e+00  0.000000e+00
6.925403e-01  0.000000e+00  0.000000e+00
7.181899e-01  0.000000e+00  0.000000e+00
7.438395e-01  0.000000e+00  0.000000e+00
7.694892e-01  0.000000e+00  0.000000e+00
7.951388e-01  0.000000e+00  0.000000e+00
8.207885e-01  0.000000e+00  0.000000e+00
8.464381e-01  2.917844e-05  2.768109e-05
8.720877e-01  1.412260e-03  1.462691e-04
8.977374e-01  2.422533e-02  7.306312e-04
9.233870e-01  1.643787e-01  2.705496e-03
9.490367e-01  5.543474e-01  7.591310e-03
9.746863e-01  1.204022e+00  1.043154e-02
1.000336e+00  1.862903e+00  1.421671e-02
1.025986e+00  2.335711e+00  1.302158e-02
1.051635e+00  2.558522e+00  5.915819e-03
1.077285e+00  2.544168e+00  5.376746e-03
1.102934e+00  2.401738e+00  5.030935e-03
1.128584e+00  2.207219e+00  7.002550e-03
1.154234e+00  1.975284e+00  9.980183e-03
1.179883e+00  1.755641e+00  1.037481e-02
1.205533e+00  1.560570e+00  1.152830e-02
1.231183e+00  1.389191e+00  1.024480e-02
1.256832e+00  1.248306e+00  8.488841e-03
1.282482e+00  1.130097e+00  7.503358e-03
1.308132e+00  1.018828e+00  5.653803e-03
1.333781e+00  9.367120e-01  3.495791e-03
1.359431e+00  8.698052e-01  3.545137e-03
1.385081e+00  8.182499e-01  2.470093e-03
1.410730e+00  7.685965e-01  2.241302e-03
1.436380e+00  7.335783e-01  3.684983e-03
1.462029e+00  7.142839e-01  2.212809e-03
1.487679e+00  6.938721e-01  3.894798e-03
1.513329e+00  6.785121e-01  4.166636e-03
1.538978e+00  6.748054e-01  4.152689e-03
1.564628e+00  6.703210e-01  4.306756e-03
1.590278e+00  6.744051e-01  2.581680e-03
1.615927e+00  6.864640e-01  3.436750e-03
1.641577e+00  7.010907e-01  3.429652e-03
1.667227e+00  7.234542e-01  4.827830e-03
1.692876e+00  7.486483e-01  4.221171e-03
1.718526e+00  7.817242e-01  3.631305e-03
1.744175e+00  8.160625e-01  3.933731e-03
1.769825e+00  8.529671e-01  3.737590e-03
1.795475e+00  8.936906e-01  4.011201e-03
1.821124e+00  9.337548e-01  3.104108e-03
1.846774e+00  9.746626e-01  3.863172e-03
1.872424e+00  1.020484e+00  2.890764e-03
1.898073e+00  1.054642e+00  4.060299e-03
1.923723e+00  1.095326e+00  2.449785e-03
1.949373e+00  1.132472e+00  3.728099e-03
1.975022e+00  1.164052e+00  2.547373e-03
2.000672e+00  1.186755e+00  2.186943e-03
2.026321e+00  1.205376e+00  3.855955e-03
2.051971e+00  1.212829e+00  3.416191e-03
2.077621e+00  1.214134e+00  4.994573e-03
2.103270e+00  1.205813e+00  3.410462e-03
2.128920e+00  1.195020e+00  3.610743e-03
2.154570e+00  1.177392e+00  3.578693e-03
2.180219e+00  1.149057e+00  2.565328e-03
2.205869e+00  1.124800e+00  4.167245e-03
2.231519e+00  1.096756e+00  3.181455e-03
2.257168e+00  1.066647e+00  2.995647e-03
2.282818e+00  1.035964e+00  3.999718e-03
2.308468e+00  1.009478e+00  2.914067e-03
2.334117e+00  9.853089e-01  3.076286e-03
2.359767e+00  9.631482e-01  2.942988e-03
2.385416e+00  9.452473e-01  3.390205e-03
2.411066e+00  9.300212e-01  2.039330e-03
2.436716e+00  9.169397e-01  2.273078e-03
2.462365e+00  9.053548e-01  1.774558e-03
2.488015e+00  8.938971e-01  1.872476e-03
2.513665e+00  8.880554e-01  2.466027e-03
2.539314e+00  8.882417e-01  2.077935e-03
