1.1           1    0.401024    0.401024           0
1.1           2    0.387146    0.394085  0.00490644
1.1           3    0.371852    0.386674  0.00687854
1.1           4    0.396085    0.389027  0.00554668
1.1           5    0.386896    0.388601  0.00445368
1.1           6    0.396538    0.389923  0.00390294
1.1           7    0.400162    0.391386  0.00360908
1.1           8    0.402945    0.392831    0.003435
1.1           9    0.408361    0.394557   0.0034597
1.1          10    0.392918    0.394393  0.00311761
1.1          11    0.394251     0.39438  0.00283421
1.1          12    0.393338    0.394293  0.00259936
1.1          13    0.389032    0.393888   0.0024307
1.1          14    0.403003    0.394539  0.00234265
1.1          15    0.383418    0.393798  0.00230081
1.1          16    0.393337    0.393769  0.00215719
1.1          17    0.398308    0.394036  0.00204675
1.1          18    0.393075    0.393983  0.00193374
1.1          19    0.389428    0.393743  0.00184676
1.1          20    0.395901    0.393851  0.00175757
