1.1           1     5.63153     5.63153           0
1.1           2     5.54724     5.58939   0.0297988
1.1           3     5.49245     5.55707   0.0330254
1.1           4     5.53632     5.55189   0.0251733
1.1           5     5.66263     5.57403   0.0282497
1.1           6     5.47082     5.55683   0.0282983
1.1           7     5.28852      5.5185   0.0429849
1.1           8     6.18952     5.60238   0.0870093
1.1           9     5.39265     5.57908   0.0804015
1.1          10      5.4946     5.57063   0.0728038
1.1          11     5.91932     5.60233   0.0727598
1.1          12     5.41992     5.58713   0.0682659
1.1          13     5.60836     5.58876   0.0630342
1.1          14     5.57479     5.58776   0.0585397
1.1          15     5.59769     5.58842   0.0546408
1.1          16     5.50666     5.58331   0.0514641
1.1          17       5.365     5.57047   0.0500135
1.1          18     5.29444     5.55514   0.0495301
1.1          19     5.43193     5.54865   0.0473459
1.1          20     5.67233     5.55484   0.0453806
