1.1           1   -0.716976   -0.716976           0
1.1           2   -0.722888   -0.719932  0.00209021
1.1           3   -0.722168   -0.720677  0.00152056
1.1           4   -0.724736   -0.721692   0.0014397
1.1           5   -0.722592   -0.721872  0.00116295
1.1           6   -0.718896   -0.721376  0.00106968
1.1           7   -0.721352   -0.721373 0.000916878
1.1           8   -0.724776   -0.721798 0.000895544
1.1           9   -0.721352   -0.721748 0.000797409
1.1          10   -0.720712   -0.721645 0.000724373
1.1          11   -0.722024   -0.721679  0.00065934
1.1          12   -0.721368   -0.721653 0.000604905
1.1          13   -0.721048   -0.721607 0.000560164
1.1          14    -0.72096   -0.721561 0.000522053
1.1          15   -0.719984   -0.721455 0.000497718
1.1          16   -0.720776   -0.721413 0.000468419
1.1          17   -0.719208   -0.721283 0.000458471
1.1          18   -0.717904   -0.721096 0.000469869
1.1          19   -0.721328   -0.721108 0.000445298
1.1          20       -0.72   -0.721052 0.000426464
