1.1           1   -0.016476   -0.016476           0
1.1           2    0.006568   -0.004954  0.00814728
1.1           3   -0.028016  -0.0126413  0.00830049
1.1           4     0.03424   -0.000921   0.0119071
1.1           5    0.011336   0.0015304  0.00977479
1.1           6    -0.02912   -0.003578  0.00938607
1.1           7    -0.01134 -0.00468686  0.00811044
1.1           8    0.012092  -0.0025895  0.00736283
1.1           9   -0.021144 -0.00465111  0.00682727
1.1          10     0.00516    -0.00367  0.00621463
1.1          11    0.013644   -0.002096   0.0058456
1.1          12   -0.012708 -0.00298033  0.00542494
1.1          13   -0.034572 -0.00541046  0.00552519
1.1          14    0.005252 -0.00464886  0.00518276
1.1          15    0.007164 -0.00386133  0.00489671
1.1          16   -0.014824  -0.0045465  0.00463835
1.1          17   -0.015916 -0.00521529  0.00441346
1.1          18    0.010352 -0.00435044  0.00425216
1.1          19    0.015928 -0.00328316  0.00416015
1.1          20     6.8e-05  -0.0031156  0.00395551
