0.8           1     0.43954     0.43954           0
0.8           2    0.439048    0.439294 0.000173771
0.8           3    0.443954    0.440847  0.00127352
0.8           4      0.4135     0.43401  0.00599746
0.8           5    0.446774    0.436563  0.00531357
0.8           6    0.436528    0.436557  0.00442798
0.8           7    0.430555      0.4357  0.00387755
0.8           8    0.435806    0.435713  0.00339288
0.8           9    0.473711    0.439935  0.00499404
0.8          10     0.39816    0.435757  0.00599236
0.8          11    0.451554    0.437194  0.00561704
0.8          12    0.420636    0.435814  0.00531572
0.8          13    0.426223    0.435076  0.00495775
0.8          14     0.44546    0.435818  0.00465877
0.8          15    0.443683    0.436342   0.0043776
0.8          16    0.433354    0.436155  0.00410798
0.8          17    0.429712    0.435776  0.00388378
0.8          18     0.47055    0.437708  0.00412056
0.8          19    0.433471    0.437485  0.00390972
0.8          20     0.44358     0.43779  0.00372609
