0.8           1       -0.02       -0.02           0
0.8           2   -0.041596   -0.030798  0.00763534
0.8           3   -0.119972  -0.0605227   0.0247981
0.8           4   -0.042584   -0.056038   0.0189998
0.8           5   -0.057908   -0.056412   0.0152035
0.8           6   -0.038692  -0.0534587   0.0129533
0.8           7   -0.031072  -0.0502606   0.0114908
0.8           8    -0.04778  -0.0499505   0.0100586
0.8           9    0.028736  -0.0412076   0.0121609
0.8          10   -0.006416  -0.0377284   0.0114317
0.8          11   -0.011588   -0.035352   0.0106366
0.8          12   -0.023196   -0.034339   0.0097983
0.8          13   -0.068476  -0.0369649  0.00938987
0.8          14    0.028492  -0.0322894  0.00981441
0.8          15   -0.002512  -0.0303043  0.00935873
0.8          16   -0.047864  -0.0314017  0.00883792
0.8          17   -0.040332  -0.0319271  0.00833364
0.8          18    0.001356   -0.030078  0.00807319
0.8          19    0.042104  -0.0262789  0.00849526
0.8          20   -0.033092  -0.0266196  0.00807733
