0.8           1     13.9116     13.9116           0
0.8           2      14.669     14.2903    0.267799
0.8           3     16.6675     15.0827    0.671179
0.8           4     14.5805     14.9571    0.514995
0.8           5     15.8952     15.1447    0.444855
0.8           6     14.7039     15.0713    0.376732
0.8           7     16.9717     15.3428     0.40921
0.8           8     16.8757     15.5344    0.400417
0.8           9      16.044      15.591    0.359908
0.8          10      13.876     15.4195    0.362482
0.8          11     14.8226     15.3652    0.333566
0.8          12      15.963     15.4151    0.309466
0.8          13     15.1912     15.3978     0.28614
0.8          14     16.1026     15.4482    0.270093
0.8          15     14.8608      15.409     0.25491
0.8          16     15.8788     15.4384    0.240664
0.8          17     15.6363       15.45    0.226788
0.8          18     15.7336     15.4658    0.214735
0.8          19     15.4249     15.4636    0.203444
0.8          20     14.5738     15.4191    0.198077
