0.8           1    -0.84488    -0.84488           0
0.8           2    -0.84416    -0.84452 0.000254558
0.8           3   -0.851864   -0.846968  0.00200598
0.8           4    -0.84808   -0.847246  0.00152362
0.8           5   -0.851552   -0.848107  0.00144189
0.8           6    -0.84704   -0.847929   0.0012125
0.8           7   -0.854264   -0.848834  0.00133494
0.8           8   -0.855344   -0.849648  0.00139418
0.8           9   -0.848608   -0.849532  0.00124405
0.8          10   -0.848072   -0.849386  0.00112819
0.8          11   -0.843192   -0.848823  0.00115767
0.8          12   -0.852832   -0.849157  0.00110835
0.8          13   -0.849416   -0.849177  0.00102327
0.8          14    -0.84728   -0.849042 0.000959108
0.8          15   -0.844888   -0.848765 0.000934289
0.8          16   -0.847712   -0.848699  0.00087821
0.8          17   -0.849984   -0.848775 0.000829797
0.8          18   -0.847376   -0.848697 0.000787326
0.8          19   -0.846528   -0.848583 0.000754118
0.8          20    -0.84676   -0.848492 0.000721898
