0.9           1     9.43563     9.43563           0
0.9           2     10.0391     9.73739    0.213377
0.9           3     11.4198     10.2982    0.479472
0.9           4     9.13117     10.0064    0.439493
0.9           5     9.85484     9.97611    0.352638
0.9           6     10.0878     9.99472    0.294356
0.9           7     9.44548     9.91626    0.262555
0.9           8     10.2155     9.95366    0.232384
0.9           9     10.7749     10.0449    0.223761
0.9          10     9.21578     9.96199    0.216201
0.9          11     10.0755     9.97231    0.196793
0.9          12     10.7834     10.0399    0.191648
0.9          13      10.574      10.081    0.181257
0.9          14     9.78708       10.06    0.169522
0.9          15      9.8131     10.0435    0.159017
0.9          16     9.24325     9.99352    0.156748
0.9          17     10.6948     10.0348     0.15286
0.9          18      10.615      10.067    0.147727
0.9          19      10.376     10.0833    0.140844
0.9          20      10.487     10.1035     0.13524
