0.9           1    0.457007    0.457007           0
0.9           2    0.439479    0.448243  0.00619735
0.9           3    0.441951    0.446146   0.0044724
0.9           4    0.405207    0.435911  0.00947695
0.9           5     0.40155    0.429039  0.00976025
0.9           6    0.409755    0.425825  0.00864654
0.9           7     0.43307     0.42686  0.00747302
0.9           8    0.422724    0.426343  0.00655675
0.9           9    0.445775    0.428502   0.0061735
0.9          10    0.439351    0.429587  0.00565068
0.9          11    0.454143    0.431819  0.00556049
0.9          12    0.453363    0.433615  0.00537914
0.9          13    0.427017    0.433107  0.00498924
0.9          14    0.427853    0.432732  0.00464696
0.9          15    0.425288    0.432236  0.00436358
0.9          16    0.416065    0.431225  0.00420627
0.9          17    0.437616    0.431601   0.0039756
0.9          18    0.417353    0.430809  0.00383273
0.9          19    0.466339    0.432679  0.00406165
0.9          20    0.433714    0.432731  0.00385889
