0.9           1   -0.799992   -0.799992           0
0.9           2   -0.804504   -0.802248  0.00159523
0.9           3   -0.807552   -0.804016  0.00179301
0.9           4   -0.805496   -0.804386  0.00138241
0.9           5   -0.806488   -0.804806   0.0011681
0.9           6   -0.807248   -0.805213  0.00104189
0.9           7   -0.803912   -0.805027 0.000909484
0.9           8   -0.810176   -0.805671 0.000997851
0.9           9   -0.804952   -0.805591 0.000890171
0.9          10   -0.802104   -0.805242 0.000866768
0.9          11    -0.80204   -0.804951 0.000835433
0.9          12     -0.8044   -0.804905 0.000767076
0.9          13   -0.804464   -0.804871 0.000708821
0.9          14   -0.803392   -0.804766 0.000666021
0.9          15   -0.803656   -0.804692 0.000625715
0.9          16   -0.805328   -0.804731  0.00058787
0.9          17   -0.805816   -0.804795  0.00055674
0.9          18   -0.806184   -0.804872 0.000531129
0.9          19   -0.802504   -0.804748 0.000517596
0.9          20    -0.80552   -0.804786 0.000493154
