0.9           1    0.016328    0.016328           0
0.9           2     0.01588    0.016104 0.000158392
0.9           3    0.010292   0.0141667  0.00158535
0.9           4   -0.017644    0.006214  0.00698909
0.9           5   -0.005336    0.003904  0.00596081
0.9           6    0.032284    0.008634  0.00658168
0.9           7    0.001836  0.00766286  0.00571264
0.9           8     0.04314   0.0120975  0.00649565
0.9           9   -0.013312  0.00927422  0.00635793
0.9          10    0.009076   0.0092544  0.00572217
0.9          11    0.017752   0.0100269  0.00525386
0.9          12   -0.009416  0.00840667   0.0050597
0.9          13   -0.022632  0.00601908  0.00520342
0.9          14    0.019428  0.00697686  0.00491911
0.9          15    0.046912   0.0096392  0.00526254
0.9          16     -0.0046  0.00874925  0.00500832
0.9          17    0.034512   0.0102647  0.00493767
0.9          18   -0.020912  0.00853267  0.00495784
0.9          19    -0.00582  0.00777726   0.0047541
0.9          20     0.03186   0.0089814   0.0046664
