1.9           1     1.51344     1.51344           0
1.9           2     1.52155     1.51749  0.00286862
1.9           3     1.48056     1.50518    0.010231
1.9           4     1.50275     1.50457   0.0076913
1.9           5     1.49591     1.50284  0.00634519
1.9           6     1.49393     1.50136  0.00545881
1.9           7     1.44871     1.49384  0.00838936
1.9           8     1.54896     1.50073  0.00976921
1.9           9     1.51351     1.50215  0.00878642
1.9          10     1.52124     1.50406  0.00811253
1.9          11     1.49241       1.503  0.00744376
1.9          12     1.52738     1.50503  0.00709528
1.9          13     1.50147     1.50476  0.00655477
1.9          14     1.48352     1.50324  0.00625968
1.9          15     1.53119      1.5051  0.00611339
1.9          16     1.52547     1.50637  0.00586235
1.9          17     1.53923     1.50831  0.00582737
1.9          18     1.42909     1.50391  0.00696994
1.9          19     1.51289     1.50438  0.00661913
1.9          20     1.56829     1.50757  0.00701718
