1.9           1   -0.001012   -0.001012           0
1.9           2   -0.001368    -0.00119 0.000125865
1.9           3    0.004464 0.000694667  0.00154111
1.9           4   -0.002716   -0.000158  0.00137158
1.9           5     0.00434   0.0007416  0.00136067
1.9           6   -0.002336 0.000228667  0.00122677
1.9           7   -0.010728 -0.00133657  0.00179043
1.9           8    0.002732   -0.000828  0.00163727
1.9           9    0.001156-0.000607556  0.00147011
1.9          10    0.003016  -0.0002452  0.00136703
1.9          11    0.001792      -6e-05  0.00125524
1.9          12   -0.001304-0.000163667  0.00115491
1.9          13    0.001804-1.23077e-05  0.00107594
1.9          14     0.01058 0.000744286  0.00123682
1.9          15   -0.005852 0.000304533  0.00123006
1.9          16    0.001676  0.00039025  0.00115616
1.9          17    -0.00458 9.78824e-05  0.00112451
1.9          18   -0.000784 4.88889e-05  0.00106311
1.9          19   -0.003152-0.000119579  0.00102042
1.9          20     0.00564   0.0001684  0.00100921
