1.9           1   -0.481784   -0.481784           0
1.9           2   -0.485584   -0.483684   0.0013435
1.9           3   -0.483224   -0.483531 0.000904376
1.9           4   -0.486128    -0.48418 0.000881074
1.9           5    -0.48396   -0.484136 0.000705957
1.9           6    -0.48248    -0.48386  0.00063998
1.9           7    -0.48068   -0.483406 0.000691234
1.9           8   -0.484752   -0.483574  0.00062498
1.9           9   -0.482232   -0.483425 0.000573049
1.9          10   -0.479952   -0.483078 0.000611997
1.9          11   -0.483944   -0.483156 0.000561407
1.9          12   -0.484984   -0.483309 0.000534883
1.9          13   -0.483888   -0.483353 0.000495591
1.9          14   -0.486936   -0.483609 0.000522101
1.9          15   -0.481024   -0.483437 0.000514954
1.9          16   -0.482336   -0.483368 0.000487344
1.9          17   -0.481152   -0.483238  0.00047579
1.9          18    -0.48188   -0.483162 0.000455297
1.9          19   -0.482624   -0.483134 0.000432214
1.9          20   -0.480552   -0.483005  0.00042945
