1.9           1    0.215038    0.215038           0
1.9           2    0.217416    0.216227 0.000840701
1.9           3    0.206642    0.213032  0.00266844
1.9           4    0.214243    0.213335  0.00201843
1.9           5    0.211656    0.212999  0.00164243
1.9           6    0.211629    0.212771  0.00138448
1.9           7    0.208818    0.212206  0.00129675
1.9           8    0.209114     0.21182  0.00119086
1.9           9    0.208224     0.21142  0.00112358
1.9          10    0.215703    0.211848   0.0010898
1.9          11    0.207616    0.211464  0.00105646
1.9          12    0.210856    0.211413 0.000969636
1.9          13    0.204289    0.210865  0.00103841
1.9          14    0.214008     0.21109 0.000988215
1.9          15    0.207037    0.210819 0.000958555
1.9          16    0.206604    0.210556 0.000934156
1.9          17    0.212813    0.210689 0.000888588
1.9          18      0.2025    0.210234 0.000948565
1.9          19    0.209137    0.210176 0.000900396
1.9          20    0.212862     0.21031 0.000865336
