0.5           1   -0.974928   -0.974928           0
0.5           2   -0.980952    -0.97794  0.00212981
0.5           3   -0.984808   -0.980229  0.00234735
0.5           4    -0.97708   -0.979442  0.00188794
0.5           5   -0.972536   -0.978061  0.00195124
0.5           6   -0.977848   -0.978025  0.00162636
0.5           7     -0.9722   -0.977193  0.00159276
0.5           8   -0.969296   -0.976206  0.00167181
0.5           9   -0.978224    -0.97643  0.00150102
0.5          10   -0.981064   -0.976894  0.00142064
0.5          11   -0.977352   -0.976935   0.0012921
0.5          12   -0.980632   -0.977243   0.0012206
0.5          13   -0.969408   -0.976641   0.0012668
0.5          14    -0.98016   -0.976892    0.001201
0.5          15   -0.974752   -0.976749  0.00112938
0.5          16   -0.976928    -0.97676  0.00105885
0.5          17    -0.98244   -0.977095  0.00104794
0.5          18    -0.96152   -0.976229   0.0012987
0.5          19   -0.979096    -0.97638  0.00123908
0.5          20   -0.976944   -0.976408  0.00117745
