0.5           1   -0.373256   -0.373256           0
0.5           2    0.343788   -0.014734    0.253513
0.5           3     -0.4852   -0.171556    0.212036
0.5           4   -0.018848   -0.133379    0.162428
0.5           5   -0.288856   -0.164474    0.132885
0.5           6   -0.341748    -0.19402    0.113975
0.5           7   -0.728624   -0.270392    0.120596
0.5           8   -0.116956   -0.251213    0.107036
0.5           9     0.53886   -0.163427    0.126104
0.5          10    0.564808  -0.0906032    0.132867
0.5          11   -0.400876    -0.11881    0.123746
0.5          12   -0.629148   -0.161338    0.120521
0.5          13    0.301456   -0.125738    0.116389
0.5          14    0.550228  -0.0774551    0.117665
0.5          15    0.147052   -0.062488    0.110768
0.5          16    0.214536   -0.045174     0.10519
0.5          17    0.156164  -0.0333306   0.0996668
0.5          18    0.321452  -0.0136204   0.0960589
0.5          19    0.024924  -0.0115918   0.0910246
0.5          20   -0.616944  -0.0418594   0.0913672
