0.5           1    0.332519    0.332519           0
0.5           2    0.266507    0.299513   0.0233388
0.5           3    0.212529    0.270518   0.0283294
0.5           4    0.309015    0.280142   0.0228233
0.5           5    0.344634    0.293041    0.021598
0.5           6    0.306978    0.295363   0.0181228
0.5           7     0.34604    0.302603   0.0169181
0.5           8    0.360829    0.309881   0.0162939
0.5           9    0.276873    0.306214   0.0148905
0.5          10    0.293726    0.304965   0.0134537
0.5          11    0.277446    0.302463   0.0124611
0.5          12    0.255344    0.298536   0.0120254
0.5          13    0.363994    0.303572   0.0121087
0.5          14    0.280443     0.30192   0.0113559
0.5          15    0.326396    0.303551   0.0107155
0.5          16    0.304161    0.303589   0.0100458
0.5          17    0.250009    0.300438  0.00993702
0.5          18    0.389426    0.305381   0.0105433
0.5          19    0.279325     0.30401   0.0100772
0.5          20    0.296372    0.303628  0.00958054
