0.5           1      80.779      80.779           0
0.5           2     85.7499     83.2644     1.75749
0.5           3     89.3184     85.2824     2.02178
0.5           4     82.2353     84.5206     1.65363
0.5           5     76.6174       82.94     1.93619
0.5           6     82.3706     82.8451     1.61581
0.5           7     78.9171     82.2839     1.47922
0.5           8     76.0563     81.5055     1.48509
0.5           9     82.9304     81.6638     1.32849
0.5          10     86.3957      82.137     1.27714
0.5          11     81.8882     82.1144     1.16123
0.5          12     84.3549     82.3011     1.07937
0.5          13     76.2482     81.8355     1.09216
0.5          14      84.606     82.0334     1.03192
0.5          15     79.3116     81.8519    0.978948
0.5          16     80.3292     81.7568    0.922378
0.5          17      86.729     82.0492    0.913316
0.5          18      65.718      81.142     1.23348
0.5          19     84.0256     81.2937     1.17786
0.5          20     81.6806     81.3131     1.11913
