0.7           1    0.435419    0.435419           0
0.7           2     0.44087    0.438144  0.00192691
0.7           3    0.383831     0.42004    0.014838
0.7           4    0.422224    0.420586   0.0111385
0.7           5    0.395439    0.415556  0.00998194
0.7           6    0.423787    0.416928    0.008412
0.7           7    0.430766    0.418905  0.00743894
0.7           8     0.40343    0.416971  0.00675591
0.7           9    0.421266    0.417448  0.00602209
0.7          10      0.4111    0.416813  0.00545323
0.7          11    0.445518    0.419423  0.00554681
0.7          12    0.445264    0.421576  0.00548669
0.7          13    0.407081    0.420461  0.00517668
0.7          14    0.424708    0.420764   0.0048158
0.7          15    0.431081    0.421452  0.00454359
0.7          16    0.457221    0.423688  0.00477803
0.7          17    0.386036    0.421473  0.00498393
0.7          18      0.4496    0.423036  0.00494594
0.7          19    0.457989    0.424875  0.00501611
0.7          20    0.414092    0.424336  0.00479419
