0.7           1     23.0648     23.0648           0
0.7           2     23.3855     23.2252    0.113384
0.7           3     23.3178      23.256   0.0796808
0.7           4     25.1684     23.7341    0.418338
0.7           5     24.3508     23.8575     0.35238
0.7           6     28.0013     24.5481    0.695495
0.7           7     24.1398     24.4898     0.59858
0.7           8     25.3925     24.6026    0.534287
0.7           9     23.1547     24.4417    0.498554
0.7          10       24.18     24.4156    0.449385
0.7          11     27.2172     24.6703     0.47526
0.7          12     26.3981     24.8142    0.456946
0.7          13     25.8453     24.8936    0.428624
0.7          14     24.5752     24.8708    0.398611
0.7          15     23.2204     24.7608    0.386924
0.7          16     26.9973     24.9006    0.387168
0.7          17     19.9922     24.6118    0.459611
0.7          18     25.6779     24.6711    0.437876
0.7          19     26.7783      24.782    0.428646
0.7          20     23.6555     24.7256    0.410898
