0.7           1   -0.023544   -0.023544           0
0.7           2    0.030996    0.003726   0.0192828
0.7           3     0.03412   0.0138573   0.0152868
0.7           4    0.047132    0.022176   0.0135406
0.7           5    0.074556    0.032652   0.0143227
0.7           6    0.022732   0.0309987   0.0120306
0.7           7   -0.026936   0.0227223   0.0128472
0.7           8   -0.085496    0.009195   0.0169257
0.7           9    0.022644   0.0106893   0.0151109
0.7          10   -0.049112   0.0047092   0.0147357
0.7          11      0.1276   0.0158811   0.0171149
0.7          12     0.01518   0.0158227   0.0156888
0.7          13   -0.094028  0.00737262   0.0166023
0.7          14    0.103376     0.01423   0.0167729
0.7          15    0.104156   0.0202251   0.0166918
0.7          16    0.055048   0.0224015   0.0157898
0.7          17   -0.060636   0.0175169   0.0155982
0.7          18   -0.148244    0.008308    0.017237
0.7          19   -0.089372  0.00316695   0.0170793
0.7          20   -0.039088   0.0010542   0.0163555
