0.7           1    -0.88864    -0.88864           0
0.7           2   -0.890344   -0.889492 0.000602455
0.7           3   -0.892664   -0.890549 0.000952163
0.7           4   -0.894592    -0.89156  0.00112963
0.7           5   -0.894856   -0.892219  0.00107903
0.7           6   -0.894328   -0.892571  0.00095472
0.7           7   -0.890304   -0.892247 0.000871516
0.7           8   -0.894232   -0.892495  0.00079712
0.7           9    -0.89248   -0.892493 0.000708553
0.7          10   -0.895616   -0.892806 0.000703149
0.7          11    -0.89192   -0.892725 0.000643819
0.7          12   -0.892024   -0.892667 0.000592812
0.7          13   -0.892864   -0.892682 0.000547405
0.7          14   -0.889688   -0.892468 0.000548487
0.7          15   -0.891344   -0.892393 0.000517014
0.7          16    -0.89528   -0.892573 0.000515225
0.7          17   -0.887368   -0.892267 0.000568675
0.7          18    -0.89196    -0.89225 0.000537338
0.7          19   -0.893648   -0.892324 0.000514069
0.7          20   -0.892112   -0.892313 0.000488474
