1.80115
1.80175
1.8017
1.80103
1.79986
1.79836
1.79679
1.79545
1.79471
1.79488
1.7962
1.79874
1.80244
1.80706
1.81228
1.81774
1.82309
1.82803
1.8323
1.83568
1.838
1.83909
1.8389
1.83741
1.83471
1.83101
1.82662
1.82191
1.81725
1.81293
1.8092
1.80625
1.80438
1.804
1.80561
1.80952
1.81559
1.82315
1.83117
1.83857
1.84456
1.84868
1.85081
1.85107
1.84972
1.84706
1.84342
1.83907
1.83426
1.82913
1.82379
1.81832
1.81283
1.8075
1.80261
1.79848
1.79541
1.79361
1.79306
1.79354
1.79458
1.79555
1.79567
1.79409
1.78997
1.78267
1.7723
1.76031
1.75
1.74546
1.74919
1.7601
1.77439
1.78819
1.79922
1.80689
1.81155
1.81388
1.81451
1.81394
1.81252
1.81051
1.80812
1.80559
1.80317
1.80115
1.79972
1.79903
1.79903
1.79955
1.80032
1.801
1.8013
1.80097
1.79987
1.79793
1.79518
1.7917
1.78766
1.7833
1.77889
1.77477
1.77132
1.76889
1.76777
1.76809
1.76977
1.77256
1.77606
1.77985
1.78356
1.78694
1.78986
1.79229
1.79426
1.79584
1.79712
1.79818
1.7991
1.79992
1.8007
1.80144
1.80213
1.80277
1.80329
1.80364
1.80372
1.80343
1.80264
1.80124
1.79914
1.79628
1.79268
1.78844
1.78371
1.77863
1.77324
1.76742
1.76088
1.75336
1.74479
1.73546
1.72598
1.71695
1.70878
1.70164
1.69587
1.69227
1.692
1.69598
1.70416
1.71549
1.72838
1.74134
1.75338
1.76397
1.773
1.78052
1.7867
1.79171
1.79573
1.79889
1.80134
1.80317
1.80446
1.80529
1.80571
1.80577
1.80548
1.80487
1.80397
1.80275
1.80123
1.79937
1.79713
1.79447
1.79131
1.78755
1.78308
1.77774
1.77134
1.7637
1.75464
1.74407
1.73218
1.71965
1.70784
1.69872
1.69431
1.69573
1.70253
1.71294
1.7248
1.73637
1.74664
1.75521
1.76209
1.76743
1.77145
1.77436
1.77634
1.77756
1.77817
1.77829
1.77804
1.77755
1.77692
1.77624
1.77559
1.77504
1.77463
1.77439
1.7743
1.77434
1.77448
1.77466
1.77484
1.77498
1.77505
1.77504
1.77493
1.77475
1.7745
1.77418
1.7738
1.77333
1.77274
1.77199
1.77102
1.76979
1.7683
1.76656
1.76464
1.76265
1.76074
1.75909
1.75782
1.75701
1.75664
1.7566
1.75669
1.75674
1.75658
1.75615
1.75549
1.75476
1.75419
1.75401
1.75441
1.75548
1.7572
1.75944
1.76205
1.76484
1.76768
1.77046
1.77313
1.77563
1.77793
1.77998
1.7817
1.78301
1.78383
1.78409
1.78373
1.78276
1.78123
1.77927
1.77704
1.77471
1.77242
1.77022
1.7681
1.76598
1.76388
1.76192
1.76043
1.75986
1.76055
1.76254
1.76551
1.76888
1.77202
1.77447
1.77609
1.77701
1.77757
1.77818
1.77924
1.78095
1.78335
1.78623
1.78915
1.79158
1.79289
1.79247
1.78992
1.78512
1.77843
1.7708
1.76359
1.75828
1.75599
1.75714
1.76145
1.76811
1.77609
1.78439
1.79223
1.79907
1.80469
1.80903
1.81214
1.81411
1.81501
1.81496
1.81407
1.81256
1.81073
1.80898
1.80773
1.80731
1.80783
1.80914
1.81088
1.81254
1.81359
1.81364
1.81242
1.80981
1.80589
1.80086
1.79509
1.78911
1.78353
1.77903
1.77623
1.77553
1.77705
1.78053
1.78546
1.79119
1.7971
1.80269
1.80762
1.81171
1.8149
1.81723
1.81877
1.81962
1.81988
1.81966
1.81904
1.81811
1.81693
1.81557
1.81412
1.81265
1.81126
1.81004
1.80911
1.80855
1.80842
1.80875
1.80953
1.81073
1.81228
1.8141
1.81611
1.81824
1.82041
1.82255
1.82459
1.82646
1.82811
1.82947
1.8305
1.83116
1.83141
1.83123
1.83061
1.82953
1.82799
1.82599
1.82354
1.82063
1.81728
1.81353
1.80946
1.80528
1.80131
1.79806
1.79609
1.79588
1.79758
1.80095
1.8054
1.81021
1.81476
1.81866
1.82176
1.82411
1.82585
1.82718
1.82824
1.82917
1.83003
1.83087
1.83173
1.83265
1.83366
1.8348
1.83612
1.8376
1.83924
1.84097
1.84272
1.84439
1.84591
1.84723
1.84831
1.84916
1.84981
1.85031
1.85074
1.85114
1.85158
1.85209
1.85269
1.85337
1.85411
1.85489
1.85565
1.85636
1.85699
1.85753
1.85797
1.85834
1.85865
1.85896
1.85933
1.8598
1.86044
1.86129
1.86239
1.86373
1.86528
1.86698
1.86872
1.87038
1.8718
1.8728
1.87321
1.87286
1.87165
1.86952
1.86655
1.86292
1.85896
1.85503
1.85147
1.84852
1.84626
1.84468
1.84378
1.84361
1.84432
1.84604
1.84881
1.85252
1.85693
1.86171
1.86653
1.87112
1.8753
1.87895
1.88206
1.88465
1.88678
1.88852
1.88994
1.89108
1.89197
1.89257
1.89284
1.89269
1.89201
1.89068
1.88857
1.88558
1.88167
1.87687
1.87136
1.86548
1.85974
1.85479
1.85123
1.8495
1.84973
1.85167
1.85484
1.85859
1.86236
1.86571
1.86838
1.87025
1.87135
1.87175
1.87156
1.8709
1.86985
1.86846
1.8667
1.86456
1.86196
1.85888
1.85529
1.85124
1.84683
1.84214
1.83721
1.83182
1.82547
1.8174
1.80687
1.79385
1.77979
1.76783
1.76151
1.76252
1.76962
1.77991
1.79091
1.80136
1.81073
1.81872
1.82495
1.82912
1.83105
1.83077
1.82843
1.82435
1.81889
1.81254
1.80584
1.79942
1.79388
1.78971
1.78718
1.78631
1.78681
1.78827
1.79018
1.79214
1.79386
1.7952
1.79615
1.79681
1.79731
1.79779
1.79839
1.79917
1.80017
1.80138
1.80274
1.80419
1.80565
1.80708
1.80842
1.80964
1.81074
1.81172
1.81257
1.8133
1.81391
1.8144
1.81476
1.81496
1.81495
1.81469
1.81412
1.81317
1.81179
1.80992
1.80757
1.80479
1.80171
1.79854
1.7955
1.79285
1.79073
1.78915
1.78796
1.78689
1.78564
1.78396
1.78175
1.77912
1.7764
1.77404
1.77249
1.77196
1.77236
1.77328
1.77414
1.77441
1.77374
1.77202
1.76938
1.76607
1.76247
1.75897
1.75599
1.75394
1.75319
1.75399
1.75642
1.76038
1.76554
1.77147
1.77769
1.78372
1.78923
1.79394
1.79771
1.80047
1.80223
1.80298
1.80276
1.80156
1.79937
1.79619
1.79201
1.78689
1.78104
1.7748
1.76875
1.76358
1.75993
1.75823
1.75849
1.76033
1.76318
1.76641
1.76953
1.77223
1.77437
1.7759
1.77685
1.77724
1.77714
1.77659
1.77563
1.77431
1.7727
1.77088
1.76894
1.767
1.76519
1.76366
1.76251
1.76185
1.76172
1.76212
1.76297
1.76416
1.76553
1.76692
1.76817
1.76917
1.76983
1.77013
1.77006
1.76967
1.76902
1.76817
1.76718
1.76607
1.76487
1.76358
1.76216
1.76059
1.75887
1.75698
1.75498
1.75292
1.75094
1.74919
1.74787
1.74719
1.74731
1.74834
1.75027
1.753
1.75632
1.75999
1.76375
1.76738
1.7707
1.7736
1.776
1.77789
1.77927
1.78019
1.78073
1.781
1.78113
1.78129
1.78161
1.78224
1.78325
1.78466
1.78638
1.78828
1.79011
1.79158
1.79231
1.7919
1.78992
1.78597
1.77983
1.77165
1.76218
1.75283
1.74525
1.74059
1.73875
1.73851
1.73841
1.73778
1.73717
1.73806
1.74185
1.74892
1.75839
1.76862
1.77803
1.78556
1.79075
1.79359
1.79431
1.79327
1.7909
1.78767
1.78405
1.78051
1.77745
1.77517
1.77383
1.7735
1.77413
1.77561
1.7778
1.78052
1.78358
1.78679
1.78998
1.79299
1.79573
1.79812
1.80014
1.8018
1.80314
1.80422
1.80511
1.80586
1.80654
1.80717
1.80778
1.80835
1.80888
1.80932
1.80965
1.80981
1.80978
1.80949
1.8089
1.80795
1.80658
1.80469
1.80221
1.79907
1.79525
1.79081
1.78596
1.78107
1.77665
1.77333
1.77169
1.7721
1.7746
1.77883
1.7842
1.78999
1.79557
1.80043
1.80424
1.80682
1.80808
1.80802
1.80667
1.80411
1.80047
1.79593
1.79074
1.78527
1.77995
1.77528
1.77174
1.7697
1.76936
1.77069
1.77342
1.77717
1.7815
1.78603
1.79048
1.79467
1.79853
1.80204
1.80522
1.80809
1.81067
1.81296
1.81496
1.81665
1.81802
1.81904
1.81966
1.81987
1.81967
1.81908
1.81819
1.81712
1.81604
1.81509
1.81435
1.81377
1.81323
1.81252
1.81148
1.81005
1.8084
1.80685
1.80583
1.80573
1.80669
1.80857
1.811
1.81346
1.81545
1.81653
1.81636
1.81467
1.81133
1.80632
1.79988
1.79264
1.7856
1.78004
1.77711
1.77742
1.78082
1.78652
1.79351
1.80088
1.808
1.81446
1.82004
1.8246
1.82805
1.83031
1.8313
1.83096
1.82926
1.82622
1.82197
1.81681
1.81116
1.8056
1.80067
1.79685
1.79442
1.79348
1.79395
1.79557
1.79801
1.80085
1.80373
1.80638
1.80862
1.81041
1.81173
1.81258
1.81296
1.81286
1.81227
1.81125
1.80987
1.80828
1.80662
1.80504
1.80364
1.80244
1.80141
1.80045
1.79943
1.79824
1.79679
1.795
1.79288
1.79045
1.78782
1.78518
1.78285
1.78123
1.7807
1.7815
1.7836
1.7867
1.79032
1.79394
1.79716
1.79972
1.80156
1.80273
1.80336
1.80362
1.80367
1.80364
1.80365
1.80375
1.80399
1.80435
1.80484
1.80542
1.80609
1.80683
1.80763
1.80848
1.80937
1.81029
1.81122
1.81214
1.813
1.81376
1.81435
1.81469
1.81468
1.81424
1.81327
1.81172
1.80959
1.80698
1.80413
1.80138
1.79916
1.79786
1.7977
1.79866
1.80046
1.80268
1.80485
1.80663
1.80777
1.8082
1.80796
1.80714
1.80591
1.80443
1.80287
1.8014
1.80017
1.79929
1.79881
1.79875
1.79901
1.79949
1.80004
1.80052
1.80088
1.80111
1.80127
1.80148
1.80186
1.80252
1.80351
1.80482
1.80638
1.8081
1.80989
1.81166
1.81333
1.81484
1.81615
1.81723
1.81806
1.81861
1.81888
1.81885
