1.44184
1.44191
1.44197
1.44202
1.44207
1.44209
1.44208
1.44204
1.44197
1.44186
1.44175
1.44162
1.44152
1.44145
1.44141
1.44141
1.44144
1.4415
1.44158
1.44168
1.44179
1.44191
1.44204
1.44217
1.44228
1.44236
1.44241
1.44243
1.44241
1.44235
1.4423
1.4422
1.44207
1.4419
1.44167
1.44145
1.44126
1.44117
1.44119
1.4413
1.44147
1.44167
1.44187
1.44205
1.44219
1.44231
1.44238
1.44245
1.44249
1.44251
1.44253
1.44253
1.44252
1.44249
1.44242
1.44233
1.44221
1.44208
1.44196
1.44188
1.44186
1.4419
1.44204
1.44226
1.44256
1.44289
1.44314
1.44315
1.44275
1.44198
1.44115
1.44062
1.4405
1.44072
1.44105
1.44137
1.44164
1.44185
1.44198
1.44208
1.44214
1.44219
1.44222
1.44221
1.44219
1.44213
1.44207
1.442
1.44193
1.44189
1.44188
1.44191
1.44196
1.44203
1.44212
1.4422
1.44229
1.44236
1.4424
1.44242
1.4424
1.44235
1.44226
1.44213
1.44199
1.44185
1.44172
1.44163
1.44159
1.44159
1.44161
1.44165
1.4417
1.44175
1.4418
1.44183
1.44186
1.44187
1.44188
1.44188
1.44189
1.4419
1.44191
1.44192
1.44193
1.44195
1.44198
1.44203
1.44209
1.44215
1.44223
1.4423
1.44238
1.44244
1.44247
1.4425
1.44253
1.44258
1.44267
1.44278
1.44286
1.44291
1.4429
1.44282
1.44272
1.4426
1.44243
1.44215
1.44175
1.44131
1.44093
1.44071
1.44064
1.44071
1.44084
1.44099
1.44115
1.44129
1.44141
1.44152
1.4416
1.44168
1.44174
1.4418
1.44185
1.44189
1.44194
1.44198
1.44201
1.44204
1.44206
1.4421
1.44213
1.44216
1.4422
1.44224
1.4423
1.44236
1.44244
1.44253
1.44264
1.44278
1.44292
1.44307
1.44317
1.44317
1.44299
1.4426
1.44204
1.44146
1.441
1.44076
1.44072
1.44082
1.44097
1.44114
1.4413
1.44144
1.44157
1.44168
1.44176
1.44183
1.44189
1.44194
1.44197
1.44199
1.442
1.442
1.442
1.44198
1.44197
1.44196
1.44194
1.44193
1.44192
1.44192
1.44193
1.44193
1.44194
1.44195
1.44196
1.44196
1.44197
1.44197
1.44197
1.44198
1.44199
1.44201
1.44203
1.44205
1.44208
1.4421
1.44211
1.44211
1.44208
1.44205
1.44201
1.44196
1.44192
1.4419
1.44189
1.44191
1.44194
1.44196
1.44198
1.44197
1.44194
1.44189
1.44183
1.44176
1.44171
1.44167
1.44165
1.44163
1.44162
1.44162
1.44164
1.44166
1.44167
1.4417
1.44175
1.44179
1.44184
1.44191
1.44197
1.44203
1.44208
1.44211
1.44213
1.44213
1.44211
1.44211
1.4421
1.44211
1.44211
1.44207
1.442
1.44188
1.44174
1.44161
1.44154
1.44155
1.44159
1.44168
1.44175
1.4418
1.44181
1.44179
1.44172
1.44165
1.44159
1.44156
1.44157
1.44166
1.44181
1.44201
1.44224
1.44245
1.4426
1.44262
1.4425
1.44224
1.4419
1.44156
1.44128
1.4411
1.44103
1.44104
1.44113
1.44125
1.44138
1.44151
1.44163
1.44174
1.44185
1.44193
1.442
1.44205
1.44205
1.44202
1.44195
1.44185
1.44176
1.44169
1.44168
1.44172
1.4418
1.44191
1.44204
1.44218
1.44231
1.44241
1.44246
1.44245
1.44237
1.44222
1.44202
1.4418
1.44158
1.44141
1.4413
1.44127
1.44128
1.44133
1.44141
1.4415
1.44159
1.44167
1.44175
1.44181
1.44187
1.44191
1.44195
1.44197
1.44199
1.442
1.44201
1.44202
1.442
1.44198
1.44195
1.44191
1.44186
1.44182
1.44177
1.44173
1.44171
1.44169
1.44167
1.44165
1.44165
1.44165
1.44167
1.44169
1.44171
1.44175
1.44179
1.44183
1.44186
1.44191
1.44196
1.442
1.44205
1.4421
1.44214
1.44218
1.44222
1.44225
1.44228
1.44227
1.44222
1.44213
1.44197
1.44178
1.4416
1.44145
1.44138
1.44137
1.44142
1.44149
1.44157
1.44163
1.44168
1.44171
1.44173
1.44174
1.44176
1.44175
1.44175
1.44174
1.44173
1.44172
1.44169
1.44168
1.44167
1.44167
1.44168
1.44169
1.44171
1.44173
1.44176
1.44178
1.44181
1.44182
1.44182
1.44182
1.44182
1.44181
1.4418
1.44179
1.44178
1.44178
1.44177
1.44179
1.44179
1.44178
1.4418
1.44181
1.44181
1.44182
1.44181
1.4418
1.44178
1.44175
1.44172
1.44169
1.44167
1.44167
1.44167
1.44168
1.44171
1.44177
1.44183
1.4419
1.44199
1.44208
1.44215
1.4422
1.44222
1.44219
1.44214
1.44207
1.442
1.44193
1.44186
1.44179
1.44169
1.44159
1.44149
1.44141
1.44136
1.44135
1.44137
1.44141
1.44146
1.44152
1.44157
1.44162
1.44165
1.44168
1.44171
1.44174
1.44176
1.44179
1.44183
1.44187
1.44193
1.44201
1.44209
1.44218
1.44228
1.44238
1.44242
1.44244
1.44239
1.44229
1.44211
1.44191
1.44172
1.44156
1.44147
1.44144
1.44146
1.44152
1.44159
1.44167
1.44174
1.44181
1.44186
1.44189
1.44193
1.44197
1.44201
1.44204
1.44208
1.44213
1.44217
1.44222
1.44225
1.44227
1.44231
1.44238
1.44251
1.44273
1.443
1.44321
1.44316
1.44274
1.44204
1.44132
1.44087
1.44071
1.44071
1.4408
1.44093
1.44109
1.44128
1.44149
1.44172
1.44194
1.44213
1.44228
1.4424
1.44246
1.44246
1.4424
1.44228
1.44212
1.44195
1.4418
1.44168
1.44162
1.44159
1.44161
1.44164
1.44168
1.44171
1.44173
1.44174
1.44171
1.4417
1.44167
1.44166
1.44164
1.44163
1.44162
1.44162
1.44163
1.44164
1.44165
1.44166
1.44168
1.44168
1.4417
1.44171
1.44173
1.44175
1.44176
1.44178
1.44181
1.44184
1.44187
1.44192
1.44198
1.44202
1.44205
1.44208
1.44207
1.44204
1.44199
1.44194
1.44188
1.44185
1.44185
1.44189
1.44194
1.44199
1.44202
1.44201
1.44194
1.44184
1.44174
1.44166
1.44165
1.44169
1.44176
1.44187
1.44197
1.44205
1.4421
1.44211
1.44208
1.44201
1.44189
1.44175
1.44158
1.44143
1.44129
1.44119
1.44114
1.44114
1.44118
1.44124
1.44132
1.4414
1.44152
1.44162
1.44171
1.4418
1.4419
1.44201
1.44211
1.44221
1.4423
1.44236
1.44237
1.44231
1.44219
1.44201
1.4418
1.44162
1.44149
1.44143
1.44142
1.44146
1.44151
1.44157
1.44163
1.44169
1.44174
1.44179
1.44183
1.44187
1.4419
1.44193
1.44195
1.44196
1.44194
1.44191
1.44186
1.44182
1.44177
1.4417
1.44165
1.44162
1.44159
1.44158
1.44159
1.44161
1.44164
1.44168
1.44172
1.44175
1.44177
1.44179
1.44181
1.44182
1.44183
1.44184
1.44184
1.44186
1.44188
1.4419
1.44192
1.44192
1.44191
1.4419
1.44187
1.44182
1.44175
1.44166
1.44158
1.4415
1.44143
1.44138
1.44135
1.44136
1.44138
1.44143
1.44148
1.44152
1.44157
1.44162
1.44167
1.44169
1.44172
1.44172
1.44172
1.44169
1.44165
1.44161
1.44158
1.44155
1.44154
1.44155
1.44161
1.44171
1.44185
1.44203
1.44224
1.44245
1.44263
1.4427
1.4426
1.44234
1.44204
1.44183
1.44175
1.44178
1.44184
1.44176
1.44153
1.4412
1.4409
1.44074
1.44076
1.4409
1.44111
1.44136
1.44159
1.4418
1.44196
1.44207
1.44213
1.44213
1.4421
1.44203
1.44194
1.44184
1.44174
1.44164
1.44157
1.44151
1.44147
1.44145
1.44144
1.44146
1.44149
1.44152
1.44155
1.44158
1.44162
1.44165
1.44166
1.44168
1.44168
1.44169
1.44169
1.44169
1.44171
1.44171
1.44172
1.44173
1.44175
1.44177
1.44181
1.44185
1.44189
1.44193
1.44199
1.44206
1.44212
1.44218
1.44223
1.44225
1.44223
1.44215
1.442
1.44181
1.4416
1.4414
1.44126
1.44119
1.44118
1.44123
1.44133
1.44144
1.44156
1.4417
1.44182
1.44195
1.44207
1.44217
1.44225
1.44231
1.44232
1.44227
1.44219
1.44206
1.4419
1.44172
1.44156
1.44144
1.44136
1.44132
1.44133
1.44135
1.44138
1.44143
1.44146
1.44149
1.44153
1.44155
1.44157
1.44161
1.44164
1.44167
1.4417
1.44175
1.44179
1.44183
1.44186
1.44188
1.44189
1.44188
1.44186
1.44184
1.44182
1.44183
1.44186
1.4419
1.44194
1.44195
1.44192
1.44183
1.44171
1.44161
1.44153
1.4415
1.44151
1.44159
1.4417
1.44183
1.442
1.44217
1.44232
1.44243
1.44246
1.44237
1.44215
1.44184
1.44151
1.44124
1.44106
1.44098
1.44098
1.44104
1.44111
1.44122
1.44132
1.44143
1.44156
1.44169
1.44183
1.44196
1.44209
1.4422
1.44227
1.44229
1.44224
1.44215
1.44203
1.44188
1.44174
1.44161
1.44152
1.44148
1.44147
1.44149
1.44153
1.44158
1.44162
1.44167
1.44172
1.44177
1.44182
1.44187
1.4419
1.44193
1.44195
1.44195
1.44195
1.44193
1.4419
1.44188
1.44188
1.4419
1.44192
1.44195
1.44198
1.44202
1.44205
1.44206
1.44205
1.442
1.4419
1.44177
1.44163
1.44151
1.44144
1.44141
1.44144
1.44149
1.44157
1.44165
1.4417
1.44174
1.44177
1.44179
1.4418
1.44179
1.44178
1.44177
1.44176
1.44175
1.44174
1.44174
1.44173
1.44173
1.44173
1.44173
1.44173
1.44172
1.44174
1.44176
1.44177
1.44179
1.44182
1.44185
1.44191
1.44196
1.44203
1.44208
1.44211
1.44212
1.44208
1.44201
1.44191
1.44179
1.44168
1.44162
1.44161
1.44164
1.4417
1.44176
1.44183
1.4419
1.44195
1.44198
1.442
1.442
1.44198
1.44194
1.4419
1.44185
1.44182
1.44179
1.44178
1.44178
1.44178
1.44179
1.44181
1.44181
1.4418
1.44178
1.44174
1.4417
1.44167
1.44166
1.44164
1.44163
1.44164
1.44165
1.44166
1.44168
1.44171
1.44174
1.44175
1.44179
1.44182
