1.20077
1.20117
1.20113
1.20069
1.19991
1.19891
1.19786
1.19697
1.19647
1.19659
1.19747
1.19916
1.20163
1.20471
1.20818
1.21182
1.21539
1.21869
1.22154
1.22379
1.22533
1.22606
1.22593
1.22494
1.22314
1.22067
1.21775
1.21461
1.2115
1.20862
1.20613
1.20417
1.20292
1.20267
1.20374
1.20635
1.2104
1.21544
1.22078
1.22571
1.2297
1.23245
1.23387
1.23405
1.23315
1.23137
1.22894
1.22605
1.22284
1.21942
1.21586
1.21221
1.20855
1.205
1.20174
1.19899
1.19694
1.19574
1.19537
1.19569
1.19639
1.19703
1.19711
1.19606
1.19331
1.18845
1.18153
1.17354
1.16667
1.16364
1.16613
1.1734
1.18293
1.19213
1.19948
1.2046
1.2077
1.20925
1.20968
1.2093
1.20835
1.207
1.20541
1.20372
1.20212
1.20076
1.19981
1.19935
1.19935
1.1997
1.20021
1.20067
1.20087
1.20065
1.19991
1.19862
1.19678
1.19447
1.19178
1.18886
1.18592
1.18318
1.18088
1.17926
1.17851
1.17872
1.17985
1.18171
1.18404
1.18657
1.18904
1.1913
1.19324
1.19486
1.19617
1.19723
1.19808
1.19879
1.1994
1.19995
1.20046
1.20096
1.20142
1.20185
1.2022
1.20243
1.20248
1.20228
1.20176
1.20083
1.19942
1.19752
1.19512
1.19229
1.18914
1.18575
1.18216
1.17828
1.17392
1.1689
1.16319
1.15698
1.15065
1.14463
1.13918
1.13443
1.13058
1.12818
1.128
1.13065
1.1361
1.14366
1.15225
1.1609
1.16892
1.17598
1.182
1.18702
1.19113
1.19448
1.19715
1.19926
1.20089
1.20211
1.20298
1.20353
1.20381
1.20384
1.20365
1.20325
1.20264
1.20184
1.20082
1.19958
1.19809
1.19631
1.19421
1.1917
1.18872
1.18516
1.1809
1.1758
1.16976
1.16271
1.15479
1.14644
1.13856
1.13248
1.12954
1.13049
1.13502
1.14196
1.14987
1.15758
1.16442
1.17014
1.17473
1.17829
1.18097
1.18291
1.18423
1.18504
1.18544
1.18552
1.18536
1.18504
1.18461
1.18416
1.18373
1.18336
1.18309
1.18292
1.18286
1.18289
1.18298
1.18311
1.18323
1.18332
1.18337
1.18336
1.18329
1.18317
1.183
1.18279
1.18253
1.18222
1.18183
1.18132
1.18068
1.17986
1.17887
1.17771
1.17643
1.1751
1.17383
1.17272
1.17188
1.17134
1.17109
1.17106
1.17113
1.17116
1.17105
1.17076
1.17033
1.16984
1.16946
1.16934
1.16961
1.17032
1.17147
1.17296
1.1747
1.17656
1.17845
1.18031
1.18209
1.18376
1.18529
1.18665
1.1878
1.18867
1.18922
1.18939
1.18915
1.1885
1.18749
1.18618
1.18469
1.18314
1.18161
1.18015
1.17873
1.17732
1.17592
1.17461
1.17362
1.17324
1.1737
1.17502
1.17701
1.17925
1.18134
1.18298
1.18406
1.18467
1.18505
1.18546
1.18616
1.1873
1.1889
1.19082
1.19277
1.19439
1.19526
1.19498
1.19328
1.19008
1.18562
1.18053
1.17572
1.17218
1.17066
1.17143
1.1743
1.17874
1.18406
1.18959
1.19482
1.19938
1.20313
1.20602
1.20809
1.2094
1.21001
1.20997
1.20938
1.20837
1.20715
1.20599
1.20516
1.20487
1.20522
1.2061
1.20726
1.20836
1.20906
1.2091
1.20828
1.20654
1.20393
1.20057
1.19673
1.19274
1.18902
1.18602
1.18415
1.18369
1.1847
1.18702
1.1903
1.19413
1.19807
1.2018
1.20508
1.20781
1.20994
1.21149
1.21251
1.21308
1.21325
1.21311
1.21269
1.21207
1.21129
1.21038
1.20941
1.20843
1.20751
1.2067
1.20607
1.2057
1.20561
1.20583
1.20636
1.20715
1.20818
1.2094
1.21074
1.21216
1.21361
1.21503
1.21639
1.21764
1.21874
1.21965
1.22033
1.22077
1.22094
1.22082
1.22041
1.21969
1.21866
1.21733
1.21569
1.21375
1.21152
1.20902
1.20631
1.20352
1.20087
1.19871
1.1974
1.19725
1.19839
1.20063
1.2036
1.20681
1.20984
1.21244
1.21451
1.21607
1.21723
1.21812
1.21883
1.21944
1.22002
1.22058
1.22116
1.22177
1.22244
1.2232
1.22408
1.22507
1.22616
1.22731
1.22848
1.22959
1.23061
1.23148
1.2322
1.23277
1.23321
1.23354
1.23382
1.23409
1.23439
1.23473
1.23512
1.23558
1.23608
1.23659
1.2371
1.23757
1.23799
1.23835
1.23865
1.23889
1.2391
1.23931
1.23955
1.23987
1.24029
1.24086
1.24159
1.24248
1.24352
1.24465
1.24581
1.24692
1.24787
1.24853
1.2488
1.24858
1.24777
1.24635
1.24437
1.24195
1.2393
1.23668
1.23431
1.23235
1.23084
1.22979
1.22919
1.22908
1.22955
1.2307
1.23254
1.23502
1.23795
1.24114
1.24435
1.24741
1.2502
1.25263
1.25471
1.25643
1.25785
1.25901
1.25996
1.26072
1.26131
1.26172
1.2619
1.2618
1.26134
1.26045
1.25904
1.25705
1.25445
1.25125
1.24757
1.24365
1.23983
1.23652
1.23415
1.233
1.23315
1.23445
1.23656
1.23906
1.24158
1.24381
1.24559
1.24684
1.24757
1.24783
1.24771
1.24727
1.24657
1.24564
1.24447
1.24304
1.24131
1.23925
1.23686
1.23416
1.23122
1.2281
1.2248
1.22121
1.21698
1.2116
1.20458
1.1959
1.18653
1.17855
1.17434
1.17502
1.17975
1.1866
1.19394
1.2009
1.20716
1.21248
1.21664
1.21941
1.2207
1.22051
1.21896
1.21623
1.21259
1.20836
1.20389
1.19962
1.19592
1.19314
1.19146
1.19087
1.19121
1.19218
1.19345
1.19476
1.1959
1.1968
1.19743
1.19787
1.19821
1.19853
1.19892
1.19944
1.20011
1.20092
1.20182
1.20279
1.20377
1.20472
1.20561
1.20643
1.20716
1.20781
1.20838
1.20886
1.20927
1.2096
1.20984
1.20997
1.20997
1.2098
1.20941
1.20878
1.20786
1.20661
1.20505
1.20319
1.20114
1.19902
1.197
1.19523
1.19382
1.19277
1.19197
1.19126
1.19043
1.18931
1.18783
1.18608
1.18427
1.18269
1.18166
1.18131
1.18157
1.18219
1.18276
1.18294
1.18249
1.18135
1.17959
1.17738
1.17498
1.17264
1.17066
1.16929
1.16879
1.16933
1.17095
1.17358
1.17703
1.18098
1.18512
1.18915
1.19282
1.19596
1.19847
1.20031
1.20148
1.20199
1.20184
1.20104
1.19958
1.19746
1.19467
1.19126
1.18736
1.1832
1.17917
1.17572
1.17329
1.17215
1.17232
1.17356
1.17545
1.17761
1.17969
1.18149
1.18291
1.18393
1.18456
1.18483
1.18476
1.18439
1.18375
1.18288
1.1818
1.18058
1.17929
1.178
1.1768
1.17577
1.17501
1.17457
1.17448
1.17475
1.17531
1.17611
1.17702
1.17795
1.17878
1.17945
1.17989
1.18009
1.18004
1.17978
1.17935
1.17878
1.17812
1.17738
1.17658
1.17572
1.17477
1.17373
1.17258
1.17132
1.16999
1.16862
1.16729
1.16613
1.16525
1.16479
1.16487
1.16556
1.16685
1.16867
1.17088
1.17333
1.17583
1.17825
1.18047
1.1824
1.184
1.18526
1.18618
1.18679
1.18715
1.18733
1.18742
1.18752
1.18774
1.18816
1.18883
1.18977
1.19092
1.19219
1.19341
1.19438
1.19487
1.1946
1.19328
1.19065
1.18655
1.1811
1.17479
1.16855
1.1635
1.16039
1.15916
1.15901
1.15894
1.15852
1.15812
1.15871
1.16123
1.16595
1.17226
1.17908
1.18535
1.19037
1.19384
1.19573
1.19621
1.19552
1.19393
1.19178
1.18937
1.18701
1.18497
1.18344
1.18255
1.18233
1.18275
1.18374
1.1852
1.18701
1.18905
1.19119
1.19332
1.19533
1.19715
1.19874
1.20009
1.2012
1.20209
1.20281
1.20341
1.20391
1.20436
1.20478
1.20519
1.20557
1.20592
1.20621
1.20643
1.20654
1.20652
1.20633
1.20593
1.2053
1.20438
1.20312
1.20147
1.19938
1.19683
1.19387
1.19064
1.18738
1.18443
1.18222
1.18113
1.1814
1.18307
1.18589
1.18947
1.19333
1.19705
1.20029
1.20283
1.20455
1.20539
1.20535
1.20445
1.20274
1.20031
1.19728
1.19383
1.19018
1.18664
1.18352
1.18116
1.1798
1.17957
1.18046
1.18228
1.18478
1.18767
1.19069
1.19365
1.19644
1.19902
1.20136
1.20348
1.2054
1.20711
1.20864
1.20997
1.2111
1.21202
1.21269
1.21311
1.21325
1.21311
1.21272
1.21212
1.21141
1.2107
1.21006
1.20956
1.20918
1.20882
1.20835
1.20765
1.2067
1.2056
1.20457
1.20389
1.20382
1.20446
1.20571
1.20733
1.20898
1.2103
1.21102
1.2109
1.20978
1.20755
1.20421
1.19992
1.19509
1.1904
1.18669
1.18474
1.18495
1.18721
1.19101
1.19567
1.20059
1.20533
1.20964
1.21336
1.2164
1.2187
1.2202
1.22086
1.22064
1.2195
1.21748
1.21465
1.21121
1.20744
1.20373
1.20045
1.1979
1.19628
1.19565
1.19596
1.19705
1.19867
1.20057
1.20249
1.20425
1.20575
1.20694
1.20782
1.20839
1.20864
1.20857
1.20818
1.2075
1.20658
1.20552
1.20441
1.20336
1.20242
1.20163
1.20094
1.2003
1.19962
1.19883
1.19786
1.19667
1.19525
1.19363
1.19188
1.19012
1.18857
1.18749
1.18714
1.18767
1.18907
1.19114
1.19355
1.19596
1.1981
1.19981
1.20104
1.20182
1.20224
1.20241
1.20244
1.20243
1.20243
1.2025
1.20266
1.2029
1.20322
1.20361
1.20406
1.20455
1.20509
1.20565
1.20624
1.20686
1.20748
1.20809
1.20867
1.20918
1.20957
1.20979
1.20979
1.20949
1.20884
1.20781
1.20639
1.20465
1.20275
1.20092
1.19944
1.19857
1.19847
1.19911
1.20031
1.20178
1.20324
1.20442
1.20518
1.20547
1.20531
1.20476
1.20394
1.20295
1.20191
1.20093
1.20011
1.19952
1.19921
1.19916
1.19934
1.19966
1.20002
1.20035
1.20059
1.20074
1.20084
1.20098
1.20124
1.20168
1.20234
1.20321
1.20425
1.2054
1.20659
1.20777
1.20889
1.20989
1.21077
1.21149
1.21204
1.21241
1.21259
1.21257
