-0.359315
-0.359844
-0.359732
-0.359009
-0.35779
-0.356267
-0.354702
-0.353408
-0.352742
-0.353019
-0.354451
-0.35712
-0.360924
-0.365612
-0.370866
-0.376326
-0.38165
-0.386532
-0.390726
-0.394001
-0.396208
-0.397188
-0.396858
-0.395237
-0.392431
-0.388648
-0.38421
-0.379485
-0.374842
-0.370579
-0.366904
-0.364049
-0.362309
-0.362106
-0.363938
-0.368071
-0.374329
-0.381987
-0.38998
-0.397271
-0.403087
-0.407008
-0.408942
-0.409024
-0.407526
-0.404751
-0.401032
-0.396625
-0.39177
-0.386623
-0.381263
-0.375786
-0.370306
-0.365015
-0.360186
-0.356153
-0.3532
-0.351523
-0.351094
-0.351655
-0.352724
-0.353645
-0.35363
-0.351828
-0.347408
-0.339782
-0.329154
-0.317164
-0.307244
-0.303481
-0.308035
-0.319478
-0.333887
-0.347474
-0.358178
-0.365522
-0.369911
-0.372034
-0.372533
-0.371863
-0.370377
-0.368318
-0.365893
-0.363377
-0.360983
-0.359011
-0.357652
-0.35703
-0.357102
-0.357664
-0.358439
-0.359096
-0.359343
-0.358943
-0.357753
-0.355731
-0.352888
-0.349342
-0.345264
-0.340878
-0.336481
-0.332418
-0.329063
-0.326757
-0.325778
-0.326241
-0.328051
-0.330931
-0.33447
-0.338261
-0.341948
-0.345291
-0.348162
-0.350538
-0.352461
-0.354005
-0.355261
-0.356305
-0.357212
-0.358037
-0.358803
-0.359538
-0.360225
-0.360852
-0.361362
-0.361687
-0.361736
-0.361395
-0.360547
-0.359087
-0.35691
-0.353973
-0.350297
-0.346001
-0.341233
-0.336133
-0.330711
-0.324835
-0.318214
-0.310579
-0.301925
-0.292556
-0.283081
-0.274132
-0.266052
-0.259039
-0.253438
-0.250119
-0.250253
-0.25467
-0.263221
-0.274777
-0.28774
-0.300639
-0.312538
-0.322983
-0.331851
-0.339237
-0.345291
-0.350195
-0.354123
-0.357213
-0.359602
-0.361371
-0.362617
-0.3634
-0.363774
-0.363787
-0.363468
-0.362838
-0.361902
-0.360659
-0.359096
-0.357203
-0.354927
-0.352227
-0.349009
-0.345192
-0.340637
-0.33521
-0.328699
-0.320924
-0.311716
-0.301
-0.289012
-0.276486
-0.264852
-0.256118
-0.252269
-0.254271
-0.261529
-0.272181
-0.284082
-0.295554
-0.305669
-0.314077
-0.320794
-0.325994
-0.329887
-0.332684
-0.33458
-0.33573
-0.336275
-0.336349
-0.336076
-0.335566
-0.334923
-0.334239
-0.333594
-0.333057
-0.33266
-0.332427
-0.332352
-0.332409
-0.332553
-0.332741
-0.332914
-0.333056
-0.333118
-0.333088
-0.332979
-0.332789
-0.332533
-0.332216
-0.331828
-0.331353
-0.330753
-0.32998
-0.328989
-0.32774
-0.326223
-0.324468
-0.322534
-0.320538
-0.318659
-0.317033
-0.315812
-0.315048
-0.314721
-0.314699
-0.314807
-0.314827
-0.314638
-0.314187
-0.313514
-0.312794
-0.312256
-0.312121
-0.312583
-0.31372
-0.315492
-0.317777
-0.320402
-0.323212
-0.326058
-0.328838
-0.331488
-0.333976
-0.33626
-0.338276
-0.339947
-0.34122
-0.34199
-0.342176
-0.341753
-0.340722
-0.339152
-0.337154
-0.334905
-0.332579
-0.330302
-0.328116
-0.326001
-0.323875
-0.321767
-0.319849
-0.318438
-0.317982
-0.318808
-0.320923
-0.323968
-0.327332
-0.330422
-0.332793
-0.334342
-0.335213
-0.335753
-0.336397
-0.337512
-0.339308
-0.341768
-0.344669
-0.347581
-0.349924
-0.351078
-0.350464
-0.347683
-0.342669
-0.335836
-0.328175
-0.321089
-0.316038
-0.314093
-0.315588
-0.320166
-0.327006
-0.335057
-0.34335
-0.351097
-0.357825
-0.36331
-0.36752
-0.370507
-0.372363
-0.373168
-0.373023
-0.372069
-0.370512
-0.368681
-0.366968
-0.365788
-0.365463
-0.366072
-0.367457
-0.369199
-0.370818
-0.371799
-0.371737
-0.370374
-0.36763
-0.36358
-0.358453
-0.352633
-0.346656
-0.341158
-0.336812
-0.334202
-0.33373
-0.335465
-0.339116
-0.344153
-0.349923
-0.355824
-0.361362
-0.36621
-0.370205
-0.373312
-0.375556
-0.377023
-0.377803
-0.378009
-0.377747
-0.377094
-0.376134
-0.374935
-0.373575
-0.372107
-0.370635
-0.369255
-0.368062
-0.367162
-0.366635
-0.366553
-0.366933
-0.367764
-0.368996
-0.37057
-0.372408
-0.374444
-0.376587
-0.378759
-0.3809
-0.382925
-0.384774
-0.386397
-0.387718
-0.388712
-0.389333
-0.389546
-0.389321
-0.388651
-0.387529
-0.385943
-0.383893
-0.381399
-0.378446
-0.375062
-0.371272
-0.367185
-0.363004
-0.359087
-0.355927
-0.354119
-0.354101
-0.355986
-0.359502
-0.364025
-0.368839
-0.373345
-0.377173
-0.380188
-0.382474
-0.384169
-0.385465
-0.386514
-0.387424
-0.38827
-0.389117
-0.389985
-0.390911
-0.39193
-0.393088
-0.394424
-0.395927
-0.397574
-0.399301
-0.401035
-0.402697
-0.404205
-0.405498
-0.406547
-0.407375
-0.408
-0.408499
-0.408914
-0.409319
-0.409761
-0.410277
-0.410882
-0.411577
-0.412333
-0.413106
-0.413873
-0.414573
-0.415204
-0.415755
-0.416177
-0.416532
-0.416842
-0.417141
-0.417514
-0.417994
-0.418658
-0.41954
-0.420667
-0.422039
-0.423605
-0.425308
-0.427056
-0.428703
-0.430086
-0.431029
-0.431376
-0.430961
-0.429664
-0.427442
-0.424393
-0.420717
-0.416733
-0.412831
-0.409335
-0.406452
-0.404268
-0.402755
-0.401922
-0.401828
-0.40263
-0.404453
-0.40732
-0.411111
-0.415571
-0.420352
-0.425157
-0.429711
-0.433835
-0.43743
-0.440488
-0.443032
-0.445126
-0.446836
-0.448226
-0.449347
-0.450203
-0.450783
-0.451014
-0.450825
-0.450082
-0.448672
-0.446473
-0.443398
-0.439385
-0.434495
-0.428942
-0.423038
-0.417351
-0.412498
-0.409115
-0.407587
-0.408005
-0.410112
-0.413368
-0.417152
-0.420901
-0.424195
-0.426789
-0.428583
-0.429606
-0.429938
-0.429704
-0.429015
-0.427928
-0.426489
-0.424696
-0.422516
-0.419887
-0.416751
-0.413118
-0.409026
-0.404578
-0.399877
-0.394892
-0.389437
-0.382956
-0.374663
-0.363863
-0.350643
-0.336635
-0.325089
-0.319469
-0.321203
-0.328751
-0.339201
-0.350196
-0.360557
-0.369806
-0.377633
-0.383678
-0.387629
-0.38933
-0.388826
-0.386308
-0.382065
-0.376491
-0.370074
-0.363382
-0.357023
-0.351603
-0.347587
-0.345233
-0.344505
-0.345135
-0.346651
-0.348587
-0.35053
-0.352215
-0.353517
-0.354439
-0.355077
-0.355571
-0.356077
-0.356686
-0.357497
-0.358514
-0.359736
-0.361109
-0.36257
-0.364031
-0.365452
-0.366781
-0.367994
-0.369081
-0.370036
-0.370881
-0.371598
-0.372196
-0.372674
-0.373014
-0.373194
-0.373167
-0.372884
-0.372285
-0.3713
-0.369868
-0.36794
-0.365546
-0.362736
-0.359636
-0.356464
-0.353463
-0.350866
-0.348793
-0.34727
-0.346109
-0.345041
-0.343749
-0.342025
-0.339758
-0.3371
-0.334393
-0.3321
-0.330642
-0.330224
-0.330698
-0.331631
-0.332451
-0.332649
-0.331869
-0.330051
-0.32733
-0.323977
-0.320358
-0.316886
-0.313979
-0.31205
-0.31144
-0.312407
-0.314998
-0.319087
-0.324347
-0.330332
-0.336547
-0.342549
-0.347988
-0.35262
-0.356301
-0.358957
-0.360607
-0.361268
-0.360951
-0.359653
-0.357366
-0.354077
-0.349799
-0.344597
-0.338679
-0.332433
-0.326441
-0.321387
-0.317928
-0.316429
-0.316866
-0.318843
-0.321755
-0.324986
-0.328076
-0.33072
-0.332804
-0.334269
-0.335153
-0.335502
-0.335352
-0.334756
-0.333758
-0.332411
-0.330772
-0.328925
-0.326974
-0.325055
-0.323284
-0.321794
-0.320693
-0.320084
-0.320021
-0.320469
-0.321352
-0.322567
-0.323948
-0.32533
-0.326567
-0.327534
-0.328153
-0.328412
-0.328313
-0.327901
-0.327227
-0.326362
-0.325357
-0.324241
-0.323039
-0.321732
-0.320297
-0.31871
-0.316968
-0.315065
-0.313055
-0.311009
-0.309036
-0.307318
-0.306049
-0.305435
-0.305648
-0.30676
-0.308773
-0.311569
-0.314945
-0.318635
-0.322391
-0.326
-0.329272
-0.332116
-0.334476
-0.336318
-0.337649
-0.338521
-0.339036
-0.339281
-0.339409
-0.339571
-0.339921
-0.340588
-0.341641
-0.343079
-0.344835
-0.346745
-0.348559
-0.349961
-0.350594
-0.35005
-0.347891
-0.34373
-0.337378
-0.329019
-0.319478
-0.310227
-0.302913
-0.298544
-0.296922
-0.296757
-0.296626
-0.29594
-0.295413
-0.296535
-0.300647
-0.308017
-0.317652
-0.327862
-0.337126
-0.344445
-0.349392
-0.352003
-0.352514
-0.351317
-0.348835
-0.34554
-0.341915
-0.338408
-0.335426
-0.333225
-0.331988
-0.331759
-0.332484
-0.334043
-0.336292
-0.339049
-0.342127
-0.345351
-0.348517
-0.351499
-0.35421
-0.356565
-0.358552
-0.360178
-0.361489
-0.362558
-0.363428
-0.364184
-0.364856
-0.365485
-0.366089
-0.366645
-0.367162
-0.367601
-0.367914
-0.36806
-0.368002
-0.367681
-0.367053
-0.366062
-0.364646
-0.362698
-0.360149
-0.356945
-0.353066
-0.348584
-0.343714
-0.338836
-0.334495
-0.331325
-0.329883
-0.330508
-0.333196
-0.33757
-0.343012
-0.348814
-0.354338
-0.359095
-0.362797
-0.365255
-0.366383
-0.366198
-0.364719
-0.362048
-0.358298
-0.353671
-0.348434
-0.342953
-0.337685
-0.333093
-0.329679
-0.327801
-0.327638
-0.329129
-0.331981
-0.335811
-0.340182
-0.344698
-0.349122
-0.353282
-0.357101
-0.360586
-0.363735
-0.366567
-0.369119
-0.371386
-0.373349
-0.375017
-0.376354
-0.377338
-0.377915
-0.378087
-0.377834
-0.377221
-0.376303
-0.375231
-0.374162
-0.373235
-0.372503
-0.371945
-0.371393
-0.37066
-0.369574
-0.368119
-0.366455
-0.364932
-0.364001
-0.364015
-0.365079
-0.367039
-0.369503
-0.371953
-0.373861
-0.374833
-0.374528
-0.37267
-0.369161
-0.363995
-0.357451
-0.350177
-0.343226
-0.33789
-0.335273
-0.335913
-0.339583
-0.345463
-0.352526
-0.359903
-0.366961
-0.373345
-0.378824
-0.383283
-0.386621
-0.38875
-0.389605
-0.389126
-0.387293
-0.384124
-0.379768
-0.37454
-0.36887
-0.363354
-0.358516
-0.354821
-0.352544
-0.35174
-0.352336
-0.35405
-0.356534
-0.359388
-0.362246
-0.364851
-0.367042
-0.368785
-0.370053
-0.370857
-0.371189
-0.371038
-0.370404
-0.369342
-0.367944
-0.366328
-0.364669
-0.363096
-0.361709
-0.360535
-0.35953
-0.358568
-0.357534
-0.356321
-0.354841
-0.353029
-0.350864
-0.348401
-0.345754
-0.343133
-0.340855
-0.339335
-0.338938
-0.339877
-0.342088
-0.345264
-0.348909
-0.352503
-0.355663
-0.358152
-0.359914
-0.36103
-0.361623
-0.361845
-0.361879
-0.361844
-0.361862
-0.361974
-0.362222
-0.362594
-0.363087
-0.363683
-0.364351
-0.365099
-0.365904
-0.366752
-0.367641
-0.368561
-0.369497
-0.370395
-0.371246
-0.371996
-0.372568
-0.372872
-0.372828
-0.372327
-0.371305
-0.369687
-0.367511
-0.364874
-0.362008
-0.359298
-0.357149
-0.355953
-0.355909
-0.356974
-0.358839
-0.361065
-0.363211
-0.364929
-0.366008
-0.366375
-0.366063
-0.365197
-0.363927
-0.362426
-0.360871
-0.359417
-0.358229
-0.357389
-0.356963
-0.356928
-0.357222
-0.357715
-0.358258
-0.358743
-0.359091
-0.3593
-0.359454
-0.359673
-0.360084
-0.360781
-0.36181
-0.363144
-0.364721
-0.366459
-0.368261
-0.370024
-0.371679
-0.373182
-0.37447
-0.375524
-0.376319
-0.376858
-0.377088
-0.377028
