-0.00983935
-0.00943402
-0.00886566
-0.00814645
-0.00730728
-0.00639738
-0.00548371
-0.00464561
-0.00396932
-0.00353131
-0.00338324
-0.00354261
-0.00398467
-0.00464947
-0.00545649
-0.00631558
-0.00713925
-0.00784929
-0.00838003
-0.0086745
-0.00869164
-0.00839842
-0.00778045
-0.00684782
-0.00563573
-0.00420695
-0.00265026
-0.00106712
0.000441827
0.00179198
0.00291888
0.00376012
0.00424076
0.0042628
0.00372198
0.00256944
0.000863421
-0.00121405
-0.00340373
-0.00544855
-0.0071515
-0.00839883
-0.00915404
-0.00943703
-0.00930279
-0.00882166
-0.00807055
-0.00711758
-0.0060233
-0.00483255
-0.00357645
-0.00228633
-0.000999386
0.000231188
0.00133516
0.00223226
0.0028538
0.00315779
0.00315239
0.00290098
0.00251874
0.00216075
0.00200955
0.00225735
0.00308352
0.00459871
0.00672973
0.00907669
0.0108533
0.0111457
0.00947406
0.0061604
0.00208638
-0.00188067
-0.00523993
-0.0078463
-0.00976037
-0.011116
-0.0120466
-0.0126562
-0.0130256
-0.0132168
-0.0132858
-0.0132973
-0.0133123
-0.0133993
-0.0136089
-0.0139683
-0.0144683
-0.0150632
-0.015686
-0.0162589
-0.0167116
-0.0169882
-0.0170546
-0.0169004
-0.0165327
-0.0159812
-0.015292
-0.014526
-0.0137596
-0.0130799
-0.0125796
-0.0123434
-0.0124361
-0.0128834
-0.0136611
-0.0147
-0.0158999
-0.0171571
-0.01838
-0.0195029
-0.0204872
-0.021318
-0.0219966
-0.0225339
-0.0229452
-0.0232451
-0.0234472
-0.0235617
-0.0235934
-0.0235452
-0.0234131
-0.0231908
-0.0228651
-0.022419
-0.0218314
-0.0210773
-0.0201313
-0.018971
-0.0175784
-0.0159499
-0.0140987
-0.0120587
-0.00987432
-0.0075873
-0.00521441
-0.00273882
-0.000113908
0.00269973
0.00568534
0.00875014
0.0117369
0.0144852
0.0168915
0.0188898
0.0203801
0.0211586
0.0209633
0.0196174
0.0171664
0.0138825
0.0101489
0.00632209
0.00264842
-0.000736891
-0.00377832
-0.00647112
-0.0088308
-0.010883
-0.0126548
-0.0141699
-0.0154511
-0.0165149
-0.0173779
-0.0180522
-0.0185485
-0.0188759
-0.0190409
-0.0190487
-0.0189018
-0.0186016
-0.0181469
-0.017536
-0.0167616
-0.0158159
-0.0146846
-0.0133526
-0.0117973
-0.00999502
-0.00791403
-0.00552756
-0.00281827
0.000201935
0.00345
0.00672708
0.009681
0.0118375
0.012741
0.0121704
0.0102629
0.00744374
0.00421442
0.000979831
-0.00201768
-0.00466926
-0.00695209
-0.00888445
-0.0104996
-0.0118351
-0.0129271
-0.013808
-0.0145087
-0.0150589
-0.0154875
-0.0158215
-0.0160867
-0.0163064
-0.0165011
-0.0166875
-0.0168756
-0.0170711
-0.0172737
-0.0174777
-0.0176735
-0.0178504
-0.0179962
-0.0181038
-0.0181643
-0.0181747
-0.0181358
-0.0180484
-0.0179154
-0.0177383
-0.0175156
-0.0172437
-0.0169151
-0.0165204
-0.0160509
-0.0155002
-0.0148686
-0.014166
-0.0134117
-0.0126365
-0.0118828
-0.0111888
-0.01059
-0.0101026
-0.00972278
-0.00942344
-0.00916517
-0.00890325
-0.00860854
-0.00827081
-0.00790339
-0.00754659
-0.00725426
-0.00707989
-0.00706665
-0.00723186
-0.00756573
-0.008037
-0.00860266
-0.00921994
-0.00985025
-0.0104641
-0.01104
-0.0115625
-0.0120153
-0.0123798
-0.0126344
-0.0127598
-0.0127321
-0.0125326
-0.012154
-0.0115989
-0.0108859
-0.0100461
-0.0091239
-0.00816426
-0.00720252
-0.00625671
-0.0053288
-0.00441169
-0.00351722
-0.0026902
-0.00201057
-0.0015796
-0.00147005
-0.00168307
-0.00213559
-0.00268797
-0.00319982
-0.00356915
-0.00376589
-0.00382104
-0.00381148
-0.00383219
-0.00396401
-0.0042517
-0.0046888
-0.0052186
-0.00573801
-0.00611205
-0.00619656
-0.00586141
-0.00502243
-0.00367676
-0.00193545
-3.92723e-05
0.00167698
0.00286836
0.00328327
0.0028371
0.00160947
-0.000206066
-0.00236144
-0.00461747
-0.00677733
-0.00871145
-0.0103505
-0.0116707
-0.0126726
-0.0133688
-0.0137747
-0.013913
-0.0138177
-0.0135418
-0.0131637
-0.0127783
-0.0124834
-0.0123524
-0.0124069
-0.0126098
-0.0128686
-0.0130695
-0.0130968
-0.0128595
-0.0123031
-0.0114143
-0.0102197
-0.00878425
-0.00721026
-0.00563458
-0.00421711
-0.00312399
-0.0024989
-0.00243567
-0.00294983
-0.00397369
-0.00537855
-0.00700518
-0.00870101
-0.0103392
-0.0118309
-0.0131246
-0.0141994
-0.0150531
-0.0156979
-0.0161516
-0.0164365
-0.0165753
-0.0165882
-0.0164957
-0.0163166
-0.0160716
-0.0157792
-0.0154652
-0.0151554
-0.0148767
-0.0146564
-0.0145167
-0.0144748
-0.0145373
-0.0147021
-0.0149587
-0.0152913
-0.0156803
-0.0161061
-0.0165457
-0.0169778
-0.017383
-0.0177399
-0.01803
-0.0182372
-0.0183438
-0.0183389
-0.0182114
-0.0179533
-0.017559
-0.0170271
-0.0163585
-0.0155552
-0.0146221
-0.0135681
-0.0124002
-0.011132
-0.00978164
-0.00838437
-0.00699843
-0.00571603
-0.00465935
-0.0039655
-0.00373636
-0.00399826
-0.00468446
-0.00565017
-0.00672604
-0.00776655
-0.00867811
-0.00942199
-0.0100058
-0.0104573
-0.0108149
-0.0111117
-0.0113725
-0.0116141
-0.011849
-0.0120841
-0.0123278
-0.0125892
-0.0128777
-0.0132003
-0.013556
-0.0139378
-0.014331
-0.0147172
-0.0150765
-0.0153906
-0.0156462
-0.0158378
-0.0159691
-0.0160476
-0.0160894
-0.0161086
-0.0161221
-0.0161429
-0.0161806
-0.0162392
-0.0163183
-0.0164119
-0.0165105
-0.0166059
-0.0166864
-0.0167471
-0.0167838
-0.0167909
-0.0167757
-0.016744
-0.0167044
-0.0166716
-0.0166556
-0.01667
-0.0167219
-0.016815
-0.0169457
-0.0171009
-0.0172621
-0.0174019
-0.0174844
-0.0174687
-0.0173121
-0.0169751
-0.0164214
-0.0156276
-0.0145907
-0.0133382
-0.0119264
-0.0104395
-0.00897588
-0.00762323
-0.00644185
-0.0054621
-0.00469066
-0.00413681
-0.00382107
-0.00377812
-0.00403501
-0.00459342
-0.00541946
-0.00644777
-0.00759302
-0.00877439
-0.00992052
-0.0109809
-0.0119246
-0.0127406
-0.013429
-0.0139992
-0.0144636
-0.0148342
-0.0151198
-0.0153212
-0.0154335
-0.0154416
-0.0153272
-0.0150638
-0.0146269
-0.0139925
-0.0131456
-0.0120822
-0.0108251
-0.00943124
-0.00798971
-0.0066365
-0.00552344
-0.00479786
-0.00455368
-0.00481078
-0.0055065
-0.00651424
-0.00768365
-0.00887465
-0.00997877
-0.0109274
-0.0116873
-0.0122543
-0.0126402
-0.0128664
-0.0129541
-0.0129165
-0.0127614
-0.0124873
-0.0120857
-0.0115445
-0.0108539
-0.0100162
-0.00904369
-0.00796094
-0.00679242
-0.0055378
-0.00415604
-0.00253525
-0.000517922
0.00202271
0.00503276
0.00811554
0.0105246
0.0114801
0.010664
0.0084139
0.00539005
0.00214611
-0.00101548
-0.00394823
-0.00654658
-0.00870407
-0.0103324
-0.011385
-0.0118647
-0.0118146
-0.0113082
-0.0104465
-0.00935517
-0.00817995
-0.00707735
-0.00619956
-0.00566673
-0.0055461
-0.00583659
-0.00647724
-0.00736295
-0.00838172
-0.00943378
-0.0104505
-0.0113957
-0.0122637
-0.0130695
-0.0138399
-0.0146047
-0.0153846
-0.0161957
-0.0170383
-0.0179063
-0.0187835
-0.0196507
-0.0204858
-0.0212728
-0.0219963
-0.0226466
-0.0232169
-0.0237028
-0.0241037
-0.0244155
-0.0246364
-0.0247632
-0.0247899
-0.0247093
-0.0245105
-0.0241812
-0.0237083
-0.0230776
-0.0222784
-0.0213052
-0.0201669
-0.0188838
-0.0174942
-0.0160551
-0.0146313
-0.0132842
-0.0120519
-0.0109443
-0.0099295
-0.00895261
-0.00794991
-0.00687689
-0.00571889
-0.00451343
-0.00334228
-0.00231325
-0.00152289
-0.00101671
-0.000761799
-0.000658342
-0.000574433
-0.000391448
-3.10749e-05
0.000523032
0.00123903
0.00204945
0.00286478
0.00358416
0.00410477
0.00432752
0.00416991
0.00357577
0.0025354
0.00108595
-0.000688365
-0.00267321
-0.00474233
-0.00677878
-0.00868627
-0.0103945
-0.011858
-0.0130506
-0.013965
-0.014599
-0.0149526
-0.0150258
-0.0148192
-0.0143347
-0.013583
-0.0125911
-0.011419
-0.0101679
-0.0089821
-0.0080282
-0.0074603
-0.00736679
-0.00774427
-0.00850205
-0.00949901
-0.0105892
-0.0116573
-0.0126252
-0.0134545
-0.0141268
-0.0146421
-0.0150062
-0.0152263
-0.0153126
-0.0152757
-0.0151296
-0.0148909
-0.0145818
-0.0142297
-0.0138679
-0.0135288
-0.0132467
-0.0130507
-0.0129645
-0.0129999
-0.0131515
-0.0134007
-0.0137193
-0.0140677
-0.0144049
-0.0146938
-0.0149035
-0.0150144
-0.0150194
-0.0149196
-0.0147246
-0.0144483
-0.0141074
-0.0137163
-0.0132852
-0.0128217
-0.0123268
-0.0117996
-0.0112394
-0.0106493
-0.010035
-0.00941274
-0.00880572
-0.00824675
-0.00778086
-0.00745724
-0.00732546
-0.0074254
-0.00777513
-0.00837067
-0.00918003
-0.0101503
-0.0112152
-0.0123088
-0.0133728
-0.0143575
-0.0152308
-0.0159716
-0.0165679
-0.0170184
-0.0173314
-0.0175264
-0.0176255
-0.0176615
-0.0176692
-0.017683
-0.0177308
-0.0178272
-0.0179694
-0.0181366
-0.0182864
-0.0183577
-0.0182743
-0.0179499
-0.0172897
-0.0161983
-0.0145967
-0.0124555
-0.00983862
-0.00695234
-0.00414446
-0.00180052
-0.000163856
0.000796671
0.00135261
0.00180762
0.00228216
0.00262101
0.00249737
0.001624
-4.60924e-05
-0.00227753
-0.00467979
-0.0068885
-0.00865855
-0.00987715
-0.0105355
-0.0106819
-0.0104023
-0.00979933
-0.00898898
-0.00809218
-0.0072239
-0.00648608
-0.00595103
-0.00566604
-0.00564718
-0.0058861
-0.00635645
-0.00702214
-0.00783779
-0.00875456
-0.00972429
-0.0106972
-0.0116352
-0.0125093
-0.0132968
-0.0139883
-0.0145822
-0.0150846
-0.0155076
-0.0158615
-0.0161609
-0.0164133
-0.016626
-0.0168008
-0.0169332
-0.0170204
-0.0170527
-0.0170189
-0.0169084
-0.0167107
-0.0164135
-0.0160062
-0.0154766
-0.014812
-0.0139954
-0.0130157
-0.0118676
-0.0105577
-0.00911554
-0.00760331
-0.00612085
-0.00480284
-0.00380052
-0.003246
-0.00321716
-0.00370872
-0.00462891
-0.00582663
-0.00712884
-0.00837648
-0.00944464
-0.0102509
-0.0107435
-0.010897
-0.010709
-0.0101876
-0.00935838
-0.00825719
-0.00693995
-0.00548124
-0.00397848
-0.00254871
-0.00131467
-0.000397853
0.000111543
0.00016905
-0.000212507
-0.000966734
-0.00199822
-0.00319946
-0.00447232
-0.00574669
-0.00697266
-0.00812181
-0.00918237
-0.0101466
-0.0110111
-0.0117746
-0.0124321
-0.0129763
-0.0134028
-0.0137021
-0.0138666
-0.0138862
-0.0137587
-0.013484
-0.0130759
-0.0125544
-0.0119552
-0.0113178
-0.0106768
-0.0100495
-0.00943237
-0.00879439
-0.00809698
-0.00730809
-0.00642859
-0.00550121
-0.00460985
-0.00385732
-0.00332565
-0.00304159
-0.00296815
-0.00301291
-0.00305547
-0.00297478
-0.0026734
-0.00207341
-0.00111817
0.000213368
0.00190783
0.00388544
0.00598074
0.00793841
0.0094547
0.0102689
0.0102543
0.00946096
0.0080768
0.00634188
0.00446953
0.00261969
0.000895141
-0.000635421
-0.00192768
-0.00294712
-0.00366566
-0.00406195
-0.00412062
-0.00383752
-0.00322455
-0.00232385
-0.00121621
-1.49911e-05
0.00113684
0.00210345
0.00277044
0.00306722
0.00297281
0.00250536
0.00172618
0.00071975
-0.000416606
-0.00159217
-0.00273882
-0.0038126
-0.00479423
-0.0056724
-0.00644195
-0.00709632
-0.00762993
-0.00804175
-0.00834213
-0.00855199
-0.00870074
-0.00882613
-0.00895947
-0.00912353
-0.00932487
-0.00955393
-0.00978605
-0.0099948
-0.010155
-0.0102476
-0.0102617
-0.0101971
-0.0100688
-0.00990804
-0.00976826
-0.00972714
-0.0098797
-0.0103111
-0.0110684
-0.0121351
-0.0134346
-0.0148485
-0.0162532
-0.0175517
-0.0186834
-0.0196275
-0.0203944
-0.02101
-0.0215085
-0.0219279
-0.0222975
-0.0226426
-0.0229758
-0.0233051
-0.02363
-0.0239482
-0.024255
-0.0245442
-0.0248135
-0.0250582
-0.0252741
-0.0254587
-0.0256077
-0.0257156
-0.025772
-0.0257692
-0.0256942
-0.0255297
-0.0252566
-0.0248561
-0.0243075
-0.0235974
-0.0227176
-0.0216808
-0.02052
-0.0192981
-0.0181088
-0.0170538
-0.0162265
-0.0156762
-0.0153948
-0.0153143
-0.0153343
-0.0153515
-0.0152829
-0.0150777
-0.0147177
-0.014211
-0.013586
-0.0128806
-0.0121381
-0.0114037
-0.0107193
-0.0101247
-0.00964599
-0.00930003
-0.00908525
-0.00898692
-0.0089768
-0.00902165
-0.00909467
-0.00917852
-0.00927246
-0.00939277
-0.00956486
-0.00981547
-0.0101636
-0.0106164
-0.0111654
-0.011792
-0.0124711
-0.0131754
-0.0138772
-0.0145544
-0.0151899
-0.0157668
-0.0162746
-0.0167042
-0.0170506
-0.0173048
-0.017466
