1.6           1     2.20431     2.20431           0
1.6           2     2.17567     2.18999   0.0101258
1.6           3     2.27428     2.21808   0.0239121
1.6           4     2.15539     2.20241   0.0224918
1.6           5     2.26492     2.21491   0.0211853
1.6           6     2.13439     2.20149    0.021489
1.6           7     2.17811     2.19815   0.0186769
1.6           8     2.18312     2.19627   0.0164366
1.6           9     2.18175     2.19466   0.0146893
1.6          10     2.13957     2.18915   0.0142157
1.6          11     2.12579     2.18339   0.0140421
1.6          12     2.21539     2.18606   0.0131228
1.6          13     2.19211     2.18652   0.0121216
1.6          14     2.09388     2.17991   0.0129366
1.6          15      2.1375     2.17708   0.0123791
1.6          16     2.25678     2.18206   0.0125678
1.6          17     2.14544     2.17991   0.0120118
1.6          18     2.17789     2.17979    0.011345
1.6          19     2.10694     2.17596   0.0113775
1.6          20     2.12164     2.17324   0.0111281
