1.6           1    0.282178    0.282178           0
1.6           2    0.271616    0.276897   0.0037341
1.6           3    0.270676    0.274823  0.00301063
1.6           4    0.275521    0.274998  0.00226302
1.6           5    0.273746    0.274748  0.00182422
1.6           6    0.270709    0.274074  0.00163967
1.6           7    0.270514    0.273566  0.00148223
1.6           8    0.266913    0.272734  0.00151231
1.6           9    0.268301    0.272242  0.00142222
1.6          10    0.269407    0.271958  0.00130793
1.6          11    0.261428    0.271001  0.00149895
1.6          12    0.267769    0.270732  0.00139803
1.6          13    0.264837    0.270278  0.00136204
1.6          14     0.28225    0.271133  0.00150951
1.6          15    0.263679    0.270636  0.00148843
1.6          16    0.274257    0.270863   0.0014125
1.6          17     0.28162    0.271495   0.0014643
1.6          18    0.274356    0.271654  0.00139155
1.6          19    0.264673    0.271287  0.00136596
1.6          20    0.271699    0.271308  0.00129782
