1.6           1   -0.007216   -0.007216           0
1.6           2     0.00276   -0.002228  0.00352705
1.6           3     0.00634    0.000628  0.00331161
1.6           4   -0.004128   -0.000561   0.0026887
1.6           5   -0.003996   -0.001248    0.002237
1.6           6    0.002376   -0.000644    0.001944
1.6           7    0.001448-0.000345143   0.0016891
1.6           8   -0.002192   -0.000576  0.00149366
1.6           9    0.003288-0.000146667  0.00138803
1.6          10   -0.007092  -0.0008412  0.00141234
1.6          11   -0.015356 -0.00216073   0.0017976
1.6          12   -0.000924 -0.00205767  0.00165076
1.6          13   -0.002904 -0.00212277  0.00152506
1.6          14    -0.00652 -0.00243686  0.00144811
1.6          15   -0.005012 -0.00260853  0.00136171
1.6          16     0.00494 -0.00213675  0.00135587
1.6          17   -0.013324 -0.00279482   0.0014269
1.6          18   -0.019452 -0.00372022  0.00162015
1.6          19    -3.6e-05 -0.00352632  0.00154644
1.6          20     -0.0088    -0.00379  0.00149143
