1.6           1   -0.555784   -0.555784           0
1.6           2    -0.55636   -0.556072 0.000203647
1.6           3    -0.55548   -0.555875 0.000210695
1.6           4   -0.558344   -0.556492 0.000557491
1.6           5   -0.554104   -0.556014 0.000617568
1.6           6   -0.554616   -0.555781 0.000556886
1.6           7    -0.55336   -0.555435 0.000574806
1.6           8    -0.55452   -0.555321 0.000514219
1.6           9   -0.555208   -0.555308 0.000457237
1.6          10   -0.553432   -0.555121 0.000448366
1.6          11   -0.553224   -0.554948 0.000439515
1.6          12   -0.551744   -0.554681 0.000477161
1.6          13   -0.553648   -0.554602 0.000447028
1.6          14     -0.5552   -0.554645 0.000417134
1.6          15   -0.558096   -0.554875 0.000448317
1.6          16   -0.553832    -0.55481 0.000425007
1.6          17   -0.553992   -0.554761 0.000402718
1.6          18   -0.556464   -0.554856 0.000391295
1.6          19   -0.552928   -0.554755 0.000383633
1.6          20    -0.55116   -0.554575 0.000404365
