2.84784
2.84017
2.82626
2.80487
2.77423
2.73186
2.67468
2.59924
2.50228
2.38162
2.23768
2.0751
1.9038
1.73771
1.5915
1.47688
1.4
1.36079
1.35372
1.3698
1.39919
1.43329
1.46596
1.49399
1.51685
1.53576
1.55259
1.56879
1.58465
1.59913
1.61045
1.61701
1.61832
1.61531
1.61012
1.60525
1.60306
1.6054
1.61307
1.62525
1.63953
1.65272
1.66204
1.66624
1.66613
1.66404
1.66258
1.66334
1.66633
1.67046
1.67433
1.67706
1.67824
1.67766
1.67489
1.66922
1.65987
1.64679
1.63145
1.61728
1.60821
1.60603
1.60858
1.61118
1.60969
1.60251
1.59082
1.57783
1.56768
1.56386
1.56789
1.57873
1.59322
1.60753
1.61878
1.62587
1.62937
1.63047
1.63021
1.6292
1.62796
1.62698
1.6264
1.62603
1.62548
1.62439
1.6227
1.62034
1.61699
1.61205
1.60512
1.59661
1.58782
1.58054
1.57618
1.57521
1.57723
1.58163
1.58787
1.59546
1.60404
1.61372
1.62516
1.63909
1.65567
1.67426
1.69356
1.71176
1.72683
1.7368
1.74021
1.73638
1.72562
1.70909
1.68859
1.66637
1.64489
1.62651
1.61305
1.60524
1.60227
1.60207
1.60191
1.59925
1.59232
1.58028
1.5632
1.5419
1.51797
1.49387
1.4731
1.45986
1.45801
1.46963
1.49408
1.52815
1.56711
1.60601
1.64096
1.66973
1.69168
1.70669
1.71435
1.71416
1.70614
1.69122
1.67077
1.6461
1.6183
1.58845
1.5581
1.52959
1.50593
1.48993
1.48325
1.4856
1.49489
1.50794
1.52159
1.5333
1.54134
1.54454
1.54215
1.53391
1.52041
1.50319
1.48457
1.4667
1.45085
1.43739
1.42633
1.41788
1.41246
1.41043
1.41188
1.41662
1.42456
1.43607
1.45195
1.47306
1.49972
1.53119
1.56534
1.59886
1.62776
1.64827
1.65795
1.65632
1.64504
1.62768
1.60888
1.59325
1.58401
1.58204
1.58574
1.59193
1.59727
1.59918
1.59611
1.58741
1.57317
1.55419
1.53212
1.50942
1.48916
1.47452
1.46827
1.47214
1.48624
1.50844
1.53453
1.55936
1.5785
1.58918
1.59034
1.58206
1.56525
1.54165
1.51428
1.48764
1.46695
1.45679
1.45962
1.47488
1.49913
1.52752
1.55542
1.57937
1.59725
1.60807
1.6118
1.60932
1.60235
1.59319
1.58425
1.5775
1.57391
1.57315
1.57357
1.57295
1.56945
1.56255
1.55338
1.54449
1.53897
1.53913
1.54529
1.5555
1.56633
1.57435
1.57731
1.57435
1.56593
1.55342
1.5386
1.52331
1.50921
1.49767
1.48973
1.48597
1.48637
1.49024
1.49664
1.50479
1.51429
1.5248
1.53575
1.54631
1.55566
1.56324
1.56898
1.57321
1.57682
1.58109
1.58744
1.5967
1.60863
1.62203
1.63525
1.64677
1.6555
1.66089
1.6629
1.66204
1.65917
1.65514
1.65052
1.64544
1.63967
1.63287
1.62485
1.61598
1.60744
1.60112
1.5992
1.60305
1.61206
1.62366
1.63487
1.64374
1.64932
1.6507
1.64677
1.63663
1.62033
1.59928
1.5762
1.55471
1.53818
1.52851
1.52544
1.52732
1.53248
1.53997
1.54925
1.55976
1.57093
1.58229
1.59317
1.60238
1.60824
1.60906
1.6038
1.59253
1.57649
1.55799
1.54003
1.52571
1.51753
1.51663
1.52262
1.53365
1.54706
1.56008
1.57039
1.5764
1.57744
1.57362
1.56575
1.55509
1.54311
1.53118
1.52058
1.51255
1.50843
1.50945
1.51625
1.52834
1.54409
1.56133
1.5779
1.59223
1.6033
1.61064
1.6145
1.61612
1.61732
1.61936
1.62202
1.62379
1.62287
1.61814
1.60953
1.59806
1.58558
1.57435
1.56624
1.56202
1.56091
1.56083
1.55911
1.55331
1.54201
1.52541
1.50539
1.48512
1.46824
1.45824
1.45809
1.46978
1.49385
1.52843
1.56904
1.60967
1.64477
1.67074
1.68633
1.69203
1.68927
1.67979
1.66539
1.64789
1.62914
1.61085
1.59471
1.58286
1.5781
1.58275
1.59622
1.61401
1.63016
1.64047
1.644
1.64233
1.6381
1.63374
1.63063
1.62905
1.62839
1.62788
1.62715
1.62656
1.62718
1.6303
1.63671
1.64603
1.65642
1.66521
1.66979
1.6687
1.66204
1.65122
1.63816
1.62458
1.61186
1.60151
1.59554
1.59603
1.60375
1.61709
1.63268
1.64684
1.65687
1.66111
1.65861
1.64886
1.63169
1.60753
1.57762
1.54438
1.51148
1.48313
1.46284
1.45215
1.45048
1.45589
1.46623
1.4797
1.49473
1.50953
1.52207
1.53079
1.53549
1.53771
1.5402
1.5455
1.55466
1.56667
1.57912
1.58951
1.59659
1.60097
1.60439
1.60833
1.61291
1.61688
1.61844
1.61601
1.6086
1.59615
1.57965
1.56117
1.54341
1.52904
1.51974
1.51555
1.51491
1.51537
1.51468
1.5116
1.50622
1.49989
1.49467
1.49252
1.49473
1.50162
1.51272
1.52734
1.54482
1.56457
1.58572
1.60687
1.62621
1.6419
1.65251
1.65751
1.65737
1.65353
1.64797
1.64288
1.64007
1.64048
1.64395
1.64944
1.65528
1.65962
1.66059
1.65647
1.64563
1.62654
1.5982
1.56126
1.51992
1.48316
1.46188
1.46145
1.47778
1.50217
1.52764
1.55069
1.56985
1.58437
1.59375
1.59743
1.59495
1.58623
1.57197
1.55415
1.53605
1.52156
1.51393
1.51451
1.5222
1.53396
1.54592
1.55464
1.55773
1.55413
1.54426
1.53019
1.51533
1.50361
1.49802
1.49933
1.50572
1.51375
1.51985
1.52183
1.51953
1.51458
1.50961
1.5071
1.50855
1.51399
1.5222
1.53145
1.54022
1.54799
1.55522
1.56292
1.5719
1.58246
1.59463
1.6086
1.62466
1.64262
1.66162
1.6803
1.69723
1.71105
1.72061
1.72538
1.72583
1.72337
1.72
1.7175
1.71675
1.71736
1.71766
1.71544
1.70883
1.69731
1.68227
1.66705
1.65566
1.65064
1.65177
1.65619
1.65992
1.6595
1.6531
1.64106
1.62592
1.61162
1.60187
1.59866
1.60178
1.60929
1.6188
1.62846
1.63725
1.64483
1.65124
1.65665
1.66116
1.66477
1.66762
1.6702
1.67342
1.67807
1.6846
1.69315
1.70374
1.71621
1.72997
1.74371
1.7554
1.7627
1.76372
1.75771
1.74549
1.72938
1.71255
1.69779
1.68642
1.67775
1.66979
1.66048
1.64903
1.63619
1.62352
1.6121
1.60199
1.59277
1.58431
1.57709
1.57184
1.56906
1.56884
1.57118
1.57608
1.58349
1.59297
1.60338
1.61299
1.62002
1.62348
1.62337
1.62031
1.61461
1.60605
1.59452
1.58075
1.5663
1.55286
1.54163
1.53282
1.52543
1.51759
1.50833
1.5007
1.50199
1.51659
1.53979
1.5621
1.57727
1.58435
1.58556
1.58397
1.58219
1.58142
1.58112
1.57944
1.57403
1.56298
1.54559
1.52303
1.49833
1.4757
1.45931
1.452
1.45482
1.46691
1.48595
1.50873
1.53174
1.55186
1.567
1.57661
1.58185
1.58515
1.5891
1.59525
1.60352
1.61244
1.62006
1.62478
1.62571
1.62263
1.61576
1.60545
1.59214
1.57638
1.55876
1.53963
1.51896
1.49655
1.47247
1.44738
1.42258
1.39981
1.38095
1.36756
1.36067
1.36074
1.36784
1.38174
1.40196
1.42739
1.45604
1.48498
1.51075
1.53016
1.54104
1.54265
1.53614
1.52465
1.51278
1.50512
1.50447
1.51087
1.52212
1.53507
1.54691
1.55584
1.56112
1.56297
1.56209
1.55926
1.55474
1.54818
1.53894
1.52663
1.51164
1.49519
1.4788
1.46363
1.45026
1.43899
1.43014
1.42424
1.42174
1.42275
1.42727
1.4354
1.44738
1.46337
1.48309
1.50565
1.52942
1.55229
1.57205
1.58675
1.5952
1.59713
1.59328
1.58532
1.57542
1.56573
1.55779
1.55227
1.54923
1.54853
1.55027
1.55468
1.56173
1.57072
1.57997
1.5873
1.59083
1.59016
1.58705
1.5853
1.58894
1.60004
1.61723
1.63623
1.65192
1.66036
1.66001
1.65178
1.63829
1.6228
1.60821
1.59653
1.58861
1.58406
1.58133
1.5783
1.573
1.56441
1.5527
1.53882
1.52396
1.5091
1.49507
1.48251
1.47207
1.46471
1.46181
1.46493
1.47487
1.49083
1.51046
1.53084
1.5495
1.56483
1.57584
1.58187
1.58253
1.57785
1.56873
1.55737
1.54724
1.54225
1.54501
1.55573
1.57217
1.59078
1.60807
1.62174
1.63139
1.63869
1.64675
1.65803
1.67218
1.68586
1.69509
1.69747
1.6928
1.68244
1.66821
1.65192
1.63506
1.61901
1.60509
1.59463
1.58885
1.58823
1.59165
1.59604
1.59754
1.59318
1.58199
1.56493
1.54408
1.52194
1.50063
1.48156
1.46539
1.4524
1.44316
1.43877
1.44057
1.44923
1.46421
1.48395
1.5064
1.52976
1.55269
1.57416
1.59327
1.60913
1.62112
1.62928
1.6343
1.63733
1.6397
1.64296
1.64877
1.65834
1.67174
1.68772
1.70435
1.7198
1.7327
1.74208
1.74733
1.74824
1.74505
1.73838
1.72905
1.71784
1.70552
1.69284
1.68045
1.66894
1.65873
1.65009
1.64319
1.63813
1.63509
1.63417
1.63505
1.63689
1.63818
1.63674
1.62992
1.61501
1.59039
1.5573
1.52181
1.49405
1.48251
1.48781
1.50349
1.52228
1.54016
1.55622
1.57101
1.5853
1.59957
1.61398
1.62831
1.64186
1.65325
1.66037
1.66097
1.6536
1.63845
1.61761
1.59469
1.57376
1.55783
1.54788
1.54293
1.54108
1.54069
1.54056
1.53958
1.53635
1.52955
1.51907
1.50686
1.49665
1.49226
1.49571
1.50669
1.52356
1.54464
1.56841
1.59286
1.61494
1.63114
1.63884
1.63726
1.62771
1.6128
1.59558
1.5789
1.5651
1.55577
1.55158
1.55223
1.55678
1.56383
1.57163
1.57822
1.58198
1.58216
1.57924
1.57485
1.57151
1.57208
1.57842
1.59
1.60366
1.61515
1.62099
1.61956
1.61127
1.5984
1.58456
1.57369
1.5687
1.57059
1.57845
1.59011
1.60277
1.61338
1.61908
1.618
1.61053
1.6003
1.59358
1.59605
1.60914
1.62957
1.65191
1.6712
