1.4           1   -0.610704   -0.610704           0
1.4           2   -0.615784   -0.613244  0.00179605
1.4           3   -0.612984   -0.613157  0.00119946
1.4           4   -0.617264   -0.614184  0.00126483
1.4           5   -0.616288   -0.614605   0.0010796
1.4           6   -0.613816   -0.614473 0.000907634
1.4           7    -0.61512   -0.614566 0.000782659
1.4           8   -0.610888   -0.614106 0.000808645
1.4           9   -0.614736   -0.614176 0.000721819
1.4          10   -0.612328   -0.613991 0.000672878
1.4          11   -0.613896   -0.613983 0.000611763
1.4          12     -0.6096   -0.613617 0.000660865
1.4          13   -0.613312   -0.613594 0.000610446
1.4          14   -0.611872   -0.613471   0.0005791
1.4          15   -0.612072   -0.613378 0.000547951
1.4          16   -0.612272   -0.613309 0.000518042
1.4          17   -0.613672    -0.61333  0.00048801
1.4          18   -0.613368   -0.613332 0.000460903
1.4          19   -0.611152   -0.613217   0.0004507
1.4          20   -0.611584   -0.613136 0.000435501
