1.4           1     2.95969     2.95969           0
1.4           2     3.06985     3.01477   0.0389495
1.4           3     2.90517     2.97823   0.0395485
1.4           4     2.91762     2.96308   0.0324351
1.4           5     2.99366      2.9692   0.0265183
1.4           6     3.00654     2.97542   0.0228175
1.4           7     3.06447     2.98814   0.0228302
1.4           8     2.79099      2.9635   0.0305032
1.4           9     2.91067     2.95763   0.0276728
1.4          10     3.05091     2.96696    0.026431
1.4          11     2.90382     2.96122   0.0246435
1.4          12     2.89569     2.95576   0.0231871
1.4          13     2.88878      2.9506   0.0219683
1.4          14     2.98399     2.95299   0.0205282
1.4          15     2.83686     2.94525   0.0205679
1.4          16     3.06334     2.95263   0.0205641
1.4          17     2.91197     2.95024   0.0194931
1.4          18     3.02961     2.95465   0.0189023
1.4          19     2.78679     2.94581    0.019865
1.4          20     2.90692     2.94387   0.0189667
