1.4           1    0.002628    0.002628           0
1.4           2    0.004832     0.00373 0.000779232
1.4           3    -0.00372  0.00124667  0.00209312
1.4           4   -0.001036    0.000676   0.0016458
1.4           5    0.018336    0.004208  0.00342251
1.4           6    -0.00982     0.00187  0.00356225
1.4           7    0.010464  0.00309771  0.00325806
1.4           8   -0.003752   0.0022415  0.00296117
1.4           9    0.013976  0.00354533  0.00290505
1.4          10   -0.012092   0.0019816  0.00300609
1.4          11    0.013984  0.00307273  0.00292414
1.4          12    0.003196    0.003083  0.00268048
1.4          13    0.004828  0.00321723  0.00247764
1.4          14    -0.01978  0.00157457  0.00279261
1.4          15   -0.006968  0.00100507  0.00266387
1.4          16    0.014124    0.001825  0.00262053
1.4          17   -0.001856  0.00160847  0.00247531
1.4          18   -0.019516 0.000434889  0.00260117
1.4          19    -0.00856-3.85263e-05  0.00250697
1.4          20    0.009004   0.0004136  0.00242205
