1.4           1    0.333469    0.333469           0
1.4           2     0.31784    0.325655  0.00552553
1.4           3    0.314932     0.32208   0.0046996
1.4           4    0.318046    0.321072  0.00363134
1.4           5    0.323877    0.321633  0.00294809
1.4           6    0.318118    0.321047  0.00251426
1.4           7    0.321678    0.321137   0.0021567
1.4           8    0.307294    0.319407  0.00248619
1.4           9    0.319326    0.319398  0.00220996
1.4          10     0.31369    0.318827  0.00206135
1.4          11    0.317245    0.318683  0.00187897
1.4          12    0.325584    0.319258  0.00180823
1.4          13    0.308361     0.31842  0.00185328
1.4          14     0.32829    0.319125  0.00185015
1.4          15    0.317409    0.319011  0.00173034
1.4          16    0.326476    0.319477  0.00168393
1.4          17    0.329289    0.320054  0.00168087
1.4          18    0.322805    0.320207  0.00159442
1.4          19    0.320223    0.320208   0.0015105
1.4          20    0.311581    0.319777   0.0014953
