1.35
1.35001
1.35002
1.35003
1.35005
1.35008
1.35011
1.35014
1.35018
1.35022
1.35027
1.35032
1.35037
1.35044
1.3505
1.35057
1.35065
1.35073
1.35082
1.35091
1.35101
1.35111
1.35122
1.35133
1.35145
1.35158
1.35171
1.35185
1.352
1.35215
1.35231
1.35247
1.35264
1.35282
1.35301
1.3532
1.3534
1.35361
1.35382
1.35405
1.35428
1.35452
1.35477
1.35503
1.3553
1.35558
1.35586
1.35616
1.35647
1.35679
1.35712
1.35747
1.35782
1.35819
1.35857
1.35896
1.35937
1.35979
1.36023
1.36068
1.36115
1.36164
1.36214
1.36267
1.36321
1.36377
1.36436
1.36496
1.36559
1.36625
1.36693
1.36763
1.36837
1.36913
1.36993
1.37075
1.37162
1.37251
1.37345
1.37443
1.37544
1.37651
1.37762
1.37877
1.37998
1.38125
1.38257
1.38395
1.38539
1.38689
1.38846
1.39009
1.39179
1.39354
1.39536
1.39723
1.39914
1.40107
1.403
1.4049
1.40672
1.40841
1.40989
1.41108
1.41187
1.41217
1.41189
1.41104
1.40969
1.4081
1.40674
1.40618
1.40702
1.40968
1.41422
1.42033
1.42745
1.43491
1.44218
1.44886
1.45474
1.4597
1.46369
1.46666
1.46856
1.46932
1.46888
1.46723
1.46448
1.4609
1.45694
1.45321
1.45033
1.44877
1.44877
1.4504
1.45363
1.45842
1.46473
1.4724
1.48107
1.49017
1.49906
1.50715
1.51402
1.51948
1.5236
1.52659
1.52878
1.53048
1.5319
1.53311
1.53401
1.5344
1.53411
1.53306
1.53135
1.52922
1.52703
1.52514
1.52381
1.52317
1.52319
1.52378
1.52483
1.52631
1.52826
1.53076
1.53393
1.53782
1.54247
1.54785
1.55389
1.5605
1.56756
1.5749
1.58236
1.58977
1.59695
1.60372
1.60993
1.61543
1.62013
1.62393
1.62681
1.62876
1.62977
1.62987
1.62912
1.62755
1.62519
1.62207
1.61816
1.61343
1.60788
1.60169
1.5952
1.58898
1.58351
1.57898
1.57499
1.57085
1.56604
1.56092
1.55698
1.55629
1.56024
1.56846
1.57911
1.58998
1.59953
1.60716
1.61296
1.61735
1.62079
1.62369
1.62631
1.62885
1.63142
1.63409
1.63691
1.6399
1.64305
1.6463
1.64954
1.65262
1.65538
1.65764
1.65922
1.65996
1.65973
1.65845
1.65608
1.65267
1.64839
1.64351
1.63845
1.63367
1.62968
1.62687
1.62547
1.6255
1.62678
1.62899
1.63173
1.63456
1.63715
1.63923
1.6407
1.64157
1.64197
1.64212
1.64225
1.64254
1.64309
1.64391
1.64487
1.6458
1.64646
1.64661
1.64602
1.64449
1.64186
1.63802
1.63294
1.62673
1.61963
1.61206
1.60455
1.59768
1.59194
1.58766
1.58496
1.5838
1.58403
1.58542
1.58776
1.5909
1.59484
1.59964
1.60537
1.61191
1.61892
1.62586
1.63221
1.63751
1.64146
1.64386
1.64462
1.64372
1.64129
1.63764
1.63339
1.62944
1.62678
1.62621
1.62796
1.63163
1.63642
1.64142
1.64592
1.64954
1.65214
1.65379
1.65463
1.65483
1.65455
1.65392
1.65301
1.65188
1.65053
1.64895
1.64715
1.64514
1.64301
1.64091
1.639
1.63741
1.63619
1.63518
1.63408
1.63247
1.62996
1.62623
1.62121
1.61514
1.60857
1.60236
1.59746
1.59466
1.59438
1.59647
1.60039
1.60542
1.61084
1.6161
1.62083
1.62485
1.62807
1.63051
1.63221
1.63323
1.63361
1.63337
1.63249
1.63094
1.62869
1.62575
1.62224
1.61842
1.61471
1.61164
1.60974
1.60936
1.61051
1.6129
1.61601
1.61924
1.62212
1.62432
1.62568
1.62615
1.62576
1.62456
1.62263
1.62002
1.61679
1.61298
1.60866
1.60396
1.59909
1.5944
1.59028
1.58716
1.5853
1.58477
1.58537
1.5867
1.58834
1.58997
1.59142
1.5927
1.59394
1.59537
1.59714
1.59933
1.6019
1.60467
1.60738
1.60978
1.61166
1.61291
1.61349
1.6135
1.6131
1.61254
1.61206
1.61192
1.61229
1.61325
1.61477
1.61674
1.61898
1.6213
1.62356
1.62561
1.62738
1.62882
1.62992
1.63069
1.63116
1.63136
1.63137
1.63125
1.63109
1.63096
1.63093
1.63101
1.63118
1.63135
1.63138
1.63112
1.63039
1.62906
1.62706
1.62439
1.62112
1.61739
1.61341
1.60942
1.60576
1.6028
1.60092
1.60049
1.60176
1.6048
1.60942
1.61523
1.6217
1.62831
1.6346
1.64029
1.64527
1.64953
1.65315
1.65625
1.65893
1.66129
1.66338
1.66523
1.66684
1.6682
1.66927
1.67001
1.67037
1.67028
1.66969
1.66854
1.66682
1.66456
1.66185
1.65884
1.65578
1.6529
1.65044
1.64852
1.64719
1.6464
1.64606
1.64616
1.64673
1.64793
1.64991
1.65282
1.65664
1.66119
1.66617
1.67119
1.67588
1.67995
1.68323
1.68566
1.68726
1.6881
1.6883
1.68799
1.68728
1.68629
1.68514
1.68392
1.68271
1.68159
1.68061
1.6798
1.67915
1.67861
1.67809
1.67745
1.67654
1.67517
1.67319
1.67046
1.66696
1.6627
1.65781
1.6525
1.64702
1.64162
1.63649
1.63172
1.62732
1.62319
1.61921
1.61529
1.61141
1.60766
1.60429
1.6017
1.60049
1.60135
1.60486
1.61126
1.62023
1.63096
1.6424
1.65356
1.66373
1.6725
1.67976
1.68553
1.68993
1.6931
1.69516
1.69622
1.69633
1.69551
1.69377
1.69104
1.68729
1.68247
1.67658
1.66976
1.66232
1.65483
1.64809
1.64298
1.64023
1.6401
1.64235
1.64628
1.65106
1.65594
1.6604
1.6642
1.66728
1.6697
1.6716
1.67312
1.67438
1.67551
1.67659
1.67767
1.67877
1.67988
1.68097
1.68199
1.68289
1.6836
1.68405
1.68421
1.68404
1.68358
1.68288
1.68203
1.68112
1.6802
1.67923
1.67806
1.67643
1.67397
1.67037
1.66548
1.65948
1.65298
1.6471
1.64321
1.64247
1.6454
1.65167
1.66025
1.66992
1.67956
1.68835
1.69576
1.70151
1.70547
1.70763
1.70804
1.70677
1.70392
1.69956
1.69381
1.6868
1.67874
1.66997
1.66099
1.65242
1.64499
1.63948
1.63652
1.6365
1.63936
1.64464
1.65144
1.65873
1.6655
1.6711
1.67525
1.67815
1.68028
1.68217
1.68422
1.68655
1.68903
1.6914
1.69341
1.69486
1.69568
1.69585
1.69539
1.69436
1.69286
1.69102
1.68903
1.68714
1.68559
1.68463
1.68443
1.68507
1.68653
1.68869
1.69135
1.69429
1.69727
1.70007
1.70245
1.7042
1.70512
1.705
1.70368
1.70108
1.6972
1.69222
1.68649
1.68052
1.6749
1.67011
1.6664
1.66372
1.66177
1.66016
1.65855
1.65677
1.6548
1.65279
1.65094
1.64944
1.64843
1.64789
1.6477
1.64763
1.6474
1.64679
1.64562
1.64387
1.64159
1.63894
1.63612
1.63334
1.63076
1.62854
1.62676
1.62546
1.62462
1.62421
1.62418
1.62446
1.62502
1.62581
1.62681
1.628
1.62934
1.63079
1.63227
1.63372
1.63506
1.63623
1.63717
1.63786
1.63829
1.63845
1.63839
1.63812
1.63767
1.6371
1.63641
1.63565
1.63483
1.63396
1.63304
1.63207
1.63102
1.62987
1.62856
1.62701
1.62514
1.62282
1.61992
1.61628
1.61176
1.6063
1.59993
1.59294
1.58591
1.57973
1.57539
1.5737
1.57496
1.57881
1.58444
1.59092
1.59746
1.60356
1.60896
1.6136
1.61752
1.62081
1.62355
1.62581
1.62768
1.62919
1.63039
1.63131
1.63196
1.63236
1.63252
1.63244
1.63215
1.63166
1.63098
1.63013
1.62917
1.62815
1.62715
1.6263
1.62574
1.62562
1.62608
1.62722
1.62903
1.63143
1.63428
1.63734
1.6404
1.64323
1.64566
1.64755
1.6488
1.64937
1.64923
1.64841
1.64692
1.64485
1.64228
1.63933
1.63615
1.63292
1.62983
1.62711
1.62497
1.62363
1.62327
1.62401
1.62583
1.62863
1.63221
1.63628
1.64056
1.64474
1.64859
1.65188
1.65447
1.65624
1.65716
1.65722
1.65648
1.65504
1.65308
1.65079
1.64843
1.64628
1.6446
1.64359
1.64338
1.64398
1.6453
1.64718
1.64944
1.65192
1.65446
1.65696
1.65934
1.66154
1.66351
1.66524
1.6667
1.66788
1.6688
1.66945
1.66985
1.67
1.66991
1.66958
1.66901
1.66822
1.66724
1.66614
1.66498
1.66386
1.66291
1.66221
1.66183
1.66177
1.66193
1.66211
1.66205
1.66137
1.65971
1.65671
1.65213
1.64597
1.63862
1.63091
1.62403
1.61926
1.61747
1.61879
1.6226
1.62794
1.63389
1.63985
1.64555
1.65091
1.65591
1.66047
1.66445
1.6677
1.67014
1.67179
1.67281
1.67345
1.67403
1.67484
1.67604
1.67769
1.67968
1.68182
1.68386
1.6856
1.68689
1.68763
1.6878
1.68742
1.68655
1.68525
1.68359
1.68165
1.67947
1.6771
1.67456
1.67184
1.66894
1.66586
1.66268
1.65955
1.65671
1.65452
1.65332
1.65336
1.65463
1.65687
1.65952
1.66192
1.66341
1.66349
1.66187
1.65858
1.65399
1.64874
1.64369
1.63972
1.63758
1.63771
1.64022
1.64482
1.65103
1.65817
1.66558
1.67268
1.67903
1.68436
1.68855
1.69162
1.69365
1.6948
1.69526
1.69522
1.69487
1.69439
1.6939
1.69353
1.69334
1.69334
1.69354
1.6939
1.69437
1.6949
1.69544
1.69595
1.69641
1.69678
1.69704
1.6972
1.69724
1.69715
1.69692
1.69651
1.6959
1.69506
1.69391
1.69242
1.6905
1.6881
1.68518
1.68172
1.67777
1.67346
1.66903
1.66479
1.66118
1.65863
1.65751
1.65804
1.66022
1.66381
1.66845
1.67367
1.67904
1.68422
1.68896
1.6931
1.69654
1.69924
1.70119
1.7024
1.70289
1.70273
1.70199
1.70083
1.69942
1.69796
1.69669
1.69579
1.69539
1.69556
1.6963
1.69755
1.69926
1.70132
1.70367
1.70625
1.70901
1.71188
1.71484
1.71782
1.72078
1.72364
1.72636
1.72887
1.73113
1.73308
1.73471
1.73599
1.73694
1.73757
1.73791
1.738
1.73788
1.73758
1.73712
1.7365
1.73566
1.73455
1.73306
1.7311
1.72856
1.72541
1.72165
1.71741
1.71291
1.70848
1.70453
1.70144
1.69955
1.699
1.69973
1.70147
1.70383
1.70635
1.70865
1.71043
1.71158
1.71211
1.7122
1.7121
1.71215
1.71265
1.71384
1.71582
1.71855
1.72184
1.72541
1.72897
1.73224
1.73502
1.73716
1.7386
1.73929
1.73925
1.73849
1.73709
1.73513
1.73273
1.73004
1.72722
1.72444
1.72181
1.71938
1.71713
1.71495
1.71268
1.71013
1.70712
1.70351
1.69923
1.69429
1.68879
1.68294
1.67708
1.6716
1.66696
1.66359
1.66177
1.66164
1.66313
1.66597
1.66981
1.67428
1.67902
1.68377
1.68835
1.69267
1.69666
1.7003
1.7036
1.70655
1.70914
1.71138
1.71327
1.71483
1.71607
1.71701
1.71768
1.7181
1.71827
1.71821
1.71787
1.71725
1.71628
1.71491
1.71307
1.71072
1.70781
1.70431
1.70025
1.69565
1.6906
1.68525
1.67975
1.67434
1.66924
1.66471
1.66096
1.65814
1.65632
1.65546
1.65551
1.65638
1.65802
1.66047
1.66377
1.66798
1.67306
1.67882
1.68497
1.6911
1.69682
1.70176
1.70565
1.70832
1.70966
1.70965
1.70829
1.70561
1.70165
1.69649
1.69024
1.68307
1.67526
1.66717
1.65927
1.65211
1.64624
1.64215
1.64016
1.64044
1.64286
1.6471
1.65265
1.65894
1.66537
1.6715
1.67695
1.68154
1.68514
1.68775
1.68938
1.69011
1.69001
1.68916
1.68767
1.68562
1.68313
1.6803
1.67727
1.67415
1.67109
1.6682
1.6656
1.66339
1.66164
1.66039
1.65966
1.65942
1.65963
1.66019
1.66102
1.66195
1.66285
1.66353
1.66384
1.6636
1.66271
1.66107
1.65867
1.65556
1.65188
1.64781
1.6436
1.63948
1.63566
1.63229
1.62946
1.62722
1.62564
1.6248
1.62479
1.62568
1.62739
1.62968
1.63214
1.63429
1.63572
1.63618
1.63569
1.63459
1.63346
1.63301
1.63381
1.6361
1.63967
1.64397
1.64835
1.65221
1.65515
1.65697
1.65764
1.65725
1.65594
1.6539
1.65137
1.64857
1.64576
1.64317
1.64104
1.6395
1.63866
1.63849
1.6389
1.63969
1.64061
1.64138
1.64171
1.64134
1.64007
1.63783
1.6347
1.631
1.62731
1.62433
1.62275
1.62294
1.62482
1.6279
1.63152
1.63501
1.63795
1.64013
1.64157
1.64238
1.64276
1.64292
1.64303
1.64328
1.64377
1.64462
1.64585
1.64749
1.64947
1.65175
1.65423
1.65681
1.65941
1.66192
1.66424
1.66628
1.66795
1.66913
1.66973
1.66962
1.66868
1.66675
1.6637
1.65935
1.65356
1.64622
1.63729
1.6269
1.61539
1.60336
1.5917
1.58156
1.57424
1.57101
1.57279
1.57975
1.59117
1.6056
1.62127
1.63658
1.65038
1.66199
1.67115
1.67786
1.68225
1.68454
1.68492
1.68358
1.6807
1.67648
1.67118
1.6652
1.65912
1.65366
1.64953
1.64726
1.64699
1.64845
1.65107
1.65417
1.65718
1.65971
1.66156
1.66266
1.66303
1.66276
1.66195
1.66072
1.65917
1.65744
1.6556
1.65372
1.65181
1.64982
1.64766
1.64521
1.64237
1.63911
1.63549
1.63175
1.62822
1.62531
1.62345
1.6229
1.62376
1.62593
1.62914
1.63301
1.63717
1.64127
1.64506
1.64835
1.65104
1.65313
1.65466
1.65572
1.6564
1.65678
1.6569
1.65676
1.65631
1.65553
1.65437
1.65283
1.65095
1.64883
1.6466
1.64441
1.64241
1.64073
1.63946
1.63867
1.63836
1.63852
1.63906
1.63988
1.64084
1.64179
1.64259
1.64315
1.64342
1.64341
1.64317
1.64278
1.64237
1.64203
1.64188
1.64198
1.64239
1.64309
1.64404
1.64516
1.64636
1.64755
1.64864
1.64956
1.65027
1.6508
1.65116
1.65142
1.65163
1.65185
1.65209
1.65234
1.65255
1.65267
1.65266
1.65253
1.65234
1.65223
1.65241
1.65307
1.65439
1.65644
1.65916
1.66237
1.66579
1.66909
1.67193
1.67396
1.67489
1.6744
1.67224
1.66824
1.66245
1.65534
1.64787
1.6415
1.63776
1.63767
1.64126
1.64755
1.65501
1.66214
1.66788
1.67187
1.67439
1.67613
1.67786
1.67989
1.68196
1.68333
1.68321
1.68115
1.67734
1.67273
1.66879
1.66712
1.66876
1.67379
1.68131
1.68989
1.6982
1.70527
1.71061
1.71409
1.71576
1.71575
1.71423
1.71138
1.70742
1.70268
1.69762
1.6928
1.68879
1.68599
1.68451
1.6841
1.68425
1.68437
1.68394
1.68268
1.68048
1.67752
1.67411
1.67071
1.66775
1.66554
1.66419
1.66363
1.66374
1.66447
1.66586
1.66806
1.67111
1.67487
1.67902
1.68311
1.68671
1.68953
1.69144
1.69245
1.69267
1.69226
1.6914
1.69027
1.68901
1.68774
1.68654
1.68545
1.68449
1.68365
1.68292
1.68226
1.68165
1.68106
1.68046
1.67983
1.67915
1.67838
1.6775
1.67646
1.67521
1.6737
1.67186
1.66966
1.66713
1.66434
1.66152
1.65896
1.65704
1.65612
1.65645
1.65806
1.66078
1.66425
1.66808
1.67189
1.6754
1.67847
1.68103
1.68308
1.68469
1.68592
1.68687
1.68761
1.68823
1.68878
1.68931
1.68981
1.69029
1.69069
1.69098
1.69105
1.69084
1.69027
1.68926
1.68778
1.68582
1.68339
1.68054
1.67731
1.67376
1.67
1.66617
1.66248
1.65916
1.65636
1.65416
1.6525
1.65137
1.65086
1.65127
1.65303
1.65647
1.66167
1.66836
1.67596
1.68375
1.6911
1.69755
1.70284
1.70692
1.70987
1.71183
1.71303
1.71367
1.71396
1.71408
1.71419
1.7144
1.71478
1.71535
1.71609
1.71696
1.71791
1.71886
1.71976
1.72054
1.72117
1.72162
1.72188
1.72193
1.72178
1.72145
1.72091
1.72018
1.71923
1.718
1.71645
1.71448
1.71204
1.70908
1.70563
1.70177
1.6977
1.69371
1.69014
1.68737
1.68574
1.68553
1.68683
1.68959
1.69365
1.6987
1.70447
1.71066
1.717
1.72329
1.72928
1.73477
1.73955
1.74344
1.74631
1.74807
1.74873
1.74836
1.74709
1.74511
1.74267
1.74002
1.73739
1.735
1.733
1.73154
1.73079
1.73092
1.73212
1.73456
1.73828
1.7431
1.74865
1.75441
1.75982
1.7644
1.76779
1.76978
1.77031
1.76947
1.76742
1.76441
1.76071
1.75667
1.75263
1.74898
1.7461
1.74441
1.74427
1.74592
1.74941
1.75449
1.76068
1.76734
1.7738
1.77954
1.78419
1.7876
1.78979
1.79087
1.79102
1.79035
1.78888
1.78656
1.78327
1.77893
1.7736
1.76747
1.76094
1.7544
1.7481
1.7419
1.73525
1.72739
1.71787
1.70718
1.69713
1.69038
1.6891
1.6938
1.70326
1.71557
1.72897
1.74205
1.7537
1.76309
1.76973
1.77353
1.77482
1.77442
1.77362
1.77389
1.77643
1.78145
1.788
1.79431
1.79838
1.79855
1.79368
1.78337
1.76832
1.75092
1.73518
1.72526
1.72306
1.72706
1.73385
1.7404
1.74526
1.74823
1.74971
1.75024
1.75032
1.75039
1.75086
1.752
1.75388
1.75628
1.75874
1.76069
1.76161
1.76117
1.75932
1.75622
1.75224
1.74789
1.74362
1.73979
1.73658
1.73399
1.73192
1.73029
1.72902
1.7281
1.72752
1.72723
1.72714
1.72711
1.72699
1.72665
1.726
1.72503
1.72379
1.72242
1.72115
1.7202
1.71985
1.72029
1.72165
1.72389
1.72683
1.73018
1.73354
1.73652
1.73876
1.73997
1.73996
1.7386
1.73586
1.73183
1.72667
1.72067
1.71422
1.70777
1.70184
1.69684
1.69308
1.69065
1.68944
1.6892
1.68963
1.69047
1.69156
1.69288
1.69446
1.69634
1.69854
1.70104
1.70372
1.70644
1.70905
1.7114
1.71337
1.71491
1.71598
1.71659
1.7168
1.71665
1.71623
1.71563
1.71491
1.71415
1.71341
1.71273
1.71211
1.71157
1.71107
1.7106
1.71011
1.70958
1.70898
1.70831
1.70758
1.7068
1.706
1.70521
1.70445
1.70375
1.70309
1.70245
1.70179
1.70106
1.70022
1.69926
1.69819
1.69707
1.696
1.6951
1.69448
1.69422
1.69438
1.69492
1.69582
1.69699
1.6984
1.70001
1.70181
1.70382
1.70605
1.7085
1.71117
1.71399
1.71691
1.71981
1.72256
1.72503
1.72706
1.7285
1.72922
1.72907
1.72794
1.72579
1.72259
1.71849
1.71377
1.70887
1.70437
1.70084
1.69863
1.69779
1.69804
1.6989
1.69991
1.70074
1.70127
1.70158
1.70184
1.70226
1.703
1.70414
1.70565
1.70744
1.70935
1.71124
1.71296
1.71439
1.71546
1.71613
1.71642
1.71635
1.71598
1.71542
1.71476
1.71414
1.71368
1.71346
1.71352
1.71379
1.71414
1.71437
1.71429
1.71379
1.71291
1.71185
1.71096
1.71061
1.71107
1.71241
1.71445
1.71684
1.71918
1.72117
1.72262
1.72354
1.72401
1.72422
1.72433
1.72442
1.72447
1.72428
1.72354
1.72185
1.71883
1.71435
1.7087
1.70279
1.69803
1.69588
1.6971
1.70134
1.70732
1.7135
1.71868
1.72225
1.7241
1.7244
1.72348
1.72168
1.7193
1.71662
1.71386
1.71119
1.70875
1.70667
1.70504
1.70394
1.70344
1.70358
1.7044
1.70589
1.70803
1.71075
1.71394
1.71748
1.72124
1.72505
1.72878
1.73229
1.73548
1.73825
1.7405
1.74217
1.74316
1.74337
1.74265
1.74084
1.73778
1.73334
1.72758
1.72086
1.71391
1.70778
1.70348
1.70145
1.70134
1.70216
1.70285
1.70272
1.70168
1.7001
1.69854
1.69748
1.69719
1.69776
1.69924
1.70174
1.70542
1.71035
1.71633
1.72286
1.72922
1.7346
1.73831
1.7399
1.73921
1.73643
1.73212
1.72718
1.72275
1.71981
1.71895
1.7201
1.72266
1.7258
1.72876
1.73096
1.73209
1.73201
1.73073
1.72844
1.72551
1.72249
1.72001
1.71863
1.71862
1.71993
1.72222
1.72502
1.72789
1.73048
1.73262
1.73422
1.73524
1.73572
1.73567
1.73515
1.73422
1.73294
1.73141
1.72971
1.72792
1.72612
1.72435
1.72268
1.72112
1.71972
1.71847
1.71741
1.7165
1.71575
1.71509
1.71448
1.71387
1.71322
1.7125
1.7117
1.7108
1.70981
1.70873
1.70756
1.70634
1.70511
1.70395
1.70299
1.70234
1.70211
1.70239
1.70316
1.70432
1.70571
1.70712
1.70832
1.70912
1.70939
1.70905
1.7081
1.70655
1.7045
1.70206
1.69939
1.69666
1.69406
1.6918
1.69002
1.68887
1.68838
1.68856
1.68934
1.69061
1.69225
1.69414
1.6962
1.69834
1.70051
1.70269
1.70483
1.70694
1.70901
1.71101
1.71293
1.71474
1.7164
1.71784
1.71898
1.71969
1.71983
1.71917
1.71749
1.71447
1.70981
1.70322
1.69461
1.68424
1.67305
1.66273
1.65551
1.65333
1.65683
1.66499
1.67575
1.68691
1.69686
1.70472
1.71022
1.71349
1.71495
1.71517
1.71476
1.71428
1.71409
1.71427
1.71466
1.71492
1.71468
1.71364
1.71161
1.70859
1.70478
1.70056
1.69646
1.69308
1.69092
1.69024
1.69099
1.69284
1.69536
1.6981
1.70075
1.70312
1.70513
1.70679
1.70817
1.70937
1.71048
1.71159
1.71272
1.71389
1.71504
1.71608
1.71689
1.71733
1.71725
1.71647
1.71489
1.71241
1.70906
1.70501
1.70061
1.69636
1.6929
1.69077
1.69026
1.69127
1.69334
1.6957
1.69754
1.6981
1.69683
1.69336
1.68767
1.68009
1.67147
1.66309
1.65642
1.65265
1.65221
1.65465
1.65892
1.6639
1.66872
1.67291
1.67628
1.67886
1.68073
1.68201
1.68278
1.68311
1.68302
1.68248
1.68141
1.6797
1.67716
1.67355
1.6686
1.66209
1.654
1.64475
1.6354
1.62761
1.62315
1.62309
1.62715
1.63388
1.64149
1.6485
1.65415
1.65823
1.66086
1.66232
1.66291
1.66287
1.66241
1.66168
1.66078
1.6598
1.65878
1.65778
1.65683
1.65594
1.65514
1.65445
1.65386
1.65339
1.65303
1.65276
1.65256
1.6524
1.65224
1.65202
1.6517
1.65122
1.65055
1.64967
1.64859
1.64735
1.64602
1.64474
1.64363
1.64285
1.6425
1.64266
1.64333
1.64444
1.64589
1.64755
1.64931
1.65107
1.65275
1.65433
1.65579
1.65713
1.65836
1.6595
1.66054
1.66148
1.66229
1.66296
1.66342
1.66363
1.66353
1.66304
1.6621
1.66068
1.65878
1.65645
1.65385
1.6512
1.64881
1.64698
1.64597
1.64591
1.64674
1.64829
1.65028
1.65245
1.65457
1.65652
1.65822
1.65967
1.66093
1.66202
1.66299
1.66387
1.66468
1.66539
1.66599
1.66643
1.66664
1.66658
1.66619
1.66541
1.66424
1.6627
1.66089
1.65897
1.65718
1.65582
1.65516
1.65538
1.65651
1.65838
1.66071
1.66314
1.66535
1.66708
1.66822
1.66874
1.66873
1.66835
1.66781
1.6673
1.66704
1.6672
1.66789
1.66917
1.67106
1.67349
1.67636
1.67953
1.68283
1.68611
1.68921
1.69204
1.69453
1.69664
1.69839
1.69981
1.70092
1.70178
1.70244
1.70295
1.70333
1.70362
1.70382
1.70395
1.70399
1.70392
1.70373
1.7034
1.70289
1.70219
1.70128
1.70015
1.69879
1.69722
1.69546
1.69357
1.69164
1.6898
1.6882
1.68704
1.68651
1.68676
1.68792
1.69001
1.69301
1.69678
1.70116
1.70593
1.71086
1.71573
1.72034
1.72455
1.72824
1.73136
1.73387
1.73578
1.73712
1.73791
1.73821
1.73806
1.73752
1.73664
1.7355
1.73416
1.73271
1.73126
1.72991
1.7288
1.72804
1.72773
1.72794
1.72873
1.73006
1.73187
1.73405
1.73644
1.73889
1.74123
1.74332
1.74506
1.74635
1.74713
1.74738
1.74704
1.74606
1.74434
1.74176
1.73815
1.73335
1.72729
1.72009
1.71208
1.70392
1.69642
1.69048
1.68679
1.68572
1.68738
1.69166
1.69834
1.70709
1.71731
1.72813
1.7385
1.74738
1.754
1.75792
1.75917
1.75815
1.75568
1.75276
1.75035
1.74903
1.74884
1.7493
1.74973
1.74953
1.74834
1.74612
1.74307
1.73954
1.73603
1.73307
1.73117
1.73073
1.73195
1.7348
1.739
1.74413
1.74969
1.75523
1.76037
1.76482
1.76839
1.77094
1.77237
1.77261
1.7716
1.76927
1.76561
1.76069
1.75471
1.74812
1.74158
1.73591
1.73184
1.72974
1.7295
1.73055
1.73219
1.73377
1.7349
1.73545
1.73551
1.73525
1.73486
1.73452
1.73435
1.7344
1.73471
1.73526
1.73599
1.7368
1.73756
1.73816
1.73856
1.73885
1.73922
1.73995
1.74122
1.74301
1.74501
1.74666
1.74724
1.74602
1.74235
1.73574
1.72603
1.7137
1.70029
1.68869
1.68254
1.68434
1.69361
1.7071
1.72082
1.73196
1.73934
1.74291
1.74323
1.74097
1.73679
1.73122
1.72476
1.71791
1.7113
1.70574
1.70209
1.70105
1.70284
1.70707
1.71293
1.71946
1.72586
1.73156
1.73628
1.7399
1.74241
1.74387
1.74437
1.74402
1.74294
1.74125
1.73908
1.73659
1.73391
1.7312
1.72863
1.72634
1.72445
1.72304
1.72215
1.72175
1.72174
1.722
1.72237
1.7227
1.72286
1.72275
1.72234
1.72163
1.72071
1.71968
1.71868
1.71785
1.71726
1.7169
1.71667
1.71633
1.71555
1.71393
1.71106
1.70658
1.70024
1.69214
1.68278
1.67322
1.665
1.65977
1.65874
1.66219
1.66934
1.6787
1.68868
1.69799
1.70584
1.71192
1.71619
1.7188
1.71996
1.71989
1.71882
1.71701
1.71473
1.71237
1.71032
1.709
1.70875
1.70975
1.71195
1.71513
1.71892
1.72297
1.72694
1.73061
1.73381
1.73646
1.73852
1.73994
1.74068
1.74067
1.73982
1.73801
1.73513
1.73112
1.72602
1.72006
1.7138
1.70807
1.70391
1.70227
1.70362
1.70776
1.7139
1.72099
1.72801
1.73419
1.73897
1.74204
1.74328
1.74279
1.74091
1.73822
1.73542
1.73316
1.73178
1.73109
1.73044
1.7289
1.72561
1.72014
1.71289
1.70515
1.69893
1.69627
1.69836
1.70502
1.7149
1.72614
1.73712
1.74676
1.75461
1.76063
1.76505
1.76822
1.77052
1.7723
1.77383
1.77533
1.77688
1.77853
1.78023
1.7819
1.78345
1.78479
1.78582
1.78649
1.78675
1.78655
1.78586
1.78466
1.7829
1.78057
1.77762
1.77407
1.76993
1.76529
1.76028
1.75507
1.74985
1.74479
1.73994
1.73521
1.73034
1.72502
1.719
1.7124
1.70585
1.70048
1.69759
1.69796
1.70148
1.70725
1.71414
1.72127
1.72816
1.73466
1.74071
1.74624
1.75113
1.75523
1.75846
1.76075
1.76212
1.76265
1.76244
1.76165
1.76042
1.75893
1.75735
1.75583
1.75449
1.75343
1.75269
1.75228
1.75215
1.75221
1.75235
1.75247
1.75245
1.75222
1.75172
1.75093
1.74986
1.74851
1.74687
1.74494
1.74274
1.74038
1.73815
1.73649
1.73595
1.73693
1.73947
1.74319
1.74738
1.75132
1.75447
1.75665
1.75797
1.75873
1.7593
1.75994
1.76077
1.76172
1.7626
1.76317
1.76322
1.76259
1.76121
1.75907
1.7562
1.75263
1.7484
1.74352
1.73795
1.73166
1.72459
1.71677
1.7083
1.69951
1.69093
1.6833
1.67746
1.67421
1.67406
1.67707
1.68277
1.69034
1.69874
1.70708
1.71467
1.72115
1.72636
1.73032
1.73313
1.73493
1.73587
1.73606
1.73563
1.73465
1.73317
1.73124
1.72886
1.72601
1.72268
1.71886
1.71457
1.70988
1.70499
1.70017
1.69582
1.69239
1.69026
1.68961
1.69041
1.69239
1.69513
1.6982
1.70126
1.70405
1.70646
1.70844
1.71002
1.71124
1.71217
1.71284
1.71331
1.71362
1.71378
1.71381
1.71372
1.71349
1.71313
1.7126
1.71191
1.71103
1.70994
1.70866
1.7072
1.70559
1.70392
1.70229
1.70085
1.69975
1.69918
1.6993
1.7002
1.70192
1.70443
1.70759
1.71123
1.71514
1.71911
1.72296
1.72651
1.72962
1.73219
1.73413
1.73538
1.7359
1.73571
1.73484
1.73341
1.73156
1.72944
1.7272
1.72485
1.72229
1.71922
1.71518
1.70965
1.70234
1.69356
1.68467
1.67806
1.67618
1.68
1.68814
1.69774
1.70604
1.71145
1.71356
1.71286
1.71028
1.70701
1.70426
1.70309
1.70422
1.70785
1.71374
1.72129
1.7298
1.73868
1.74746
1.75581
1.76345
1.77013
1.77557
1.77954
1.78186
1.78247
1.78137
1.77866
1.77446
1.76894
1.76231
1.75489
1.74719
1.7399
1.73387
1.72994
1.72864
1.73014
1.73418
1.74025
1.74774
1.75601
1.76447
1.7726
1.77996
1.78623
1.79116
1.79464
1.79667
1.79735
1.79694
1.79576
1.79419
1.79254
1.79104
1.78973
1.78851
1.78721
1.78562
1.78362
1.78111
1.77812
1.77469
1.77093
1.767
1.76308
1.75942
1.75624
1.75378
1.75219
1.75153
1.75172
1.7526
1.75389
1.75526
1.75642
1.7571
1.75713
1.75646
1.75514
1.75331
1.75114
1.74882
1.74646
1.74415
1.74186
1.73958
1.73726
1.73492
1.73264
1.73053
1.72874
1.72741
1.72661
1.72638
1.7267
1.72751
1.72875
1.73034
1.73219
1.73424
1.73641
1.73862
1.74074
1.74268
1.74426
1.74534
1.74577
1.74543
1.74431
1.74251
1.74026
1.73797
1.7361
1.73506
1.7351
1.7362
1.7381
1.7404
1.74265
1.74447
1.7456
1.74587
1.74522
1.74373
1.74154
1.73888
1.736
1.73309
1.7302
1.72729
1.72429
1.7212
1.71821
1.71564
1.71384
1.713
1.71302
1.71358
1.7143
1.71489
1.71526
1.7155
1.71584
1.7165
1.71763
1.71925
1.72124
1.72344
1.72564
1.72768
1.72945
1.73089
1.73201
1.73283
1.73337
1.73362
1.73357
1.73314
1.73228
1.73088
1.72886
1.72617
1.72281
1.71882
1.71436
1.70966
1.70503
1.7008
1.69731
1.69474
1.69321
1.69265
1.69297
1.69401
1.69566
1.69782
1.70044
1.70348
1.70686
1.7105
1.71429
1.71812
1.72186
1.72541
1.72867
1.7316
1.73414
1.7363
1.73805
1.73939
1.74033
1.74086
1.74097
1.74064
1.73984
1.73855
1.73673
1.73437
1.73144
1.72796
1.72397
1.71954
1.71478
1.70982
1.70483
1.70003
1.69563
1.6919
1.68906
1.68732
1.6868
1.68749
1.68927
1.69189
1.69504
1.69839
1.70162
1.70451
1.70691
1.70878
1.71014
1.7111
1.71181
1.71244
1.71313
1.71401
1.71517
1.71663
1.7184
1.72044
1.72269
1.72511
1.72762
1.73017
1.73271
1.73519
1.73757
1.73979
1.74183
1.74366
1.74525
1.74658
1.74763
1.74838
1.74882
1.74893
1.7487
1.74811
1.74714
1.74578
1.74405
1.74195
1.73951
1.73678
1.73383
1.73075
1.72764
1.72459
1.72172
1.71913
1.71691
1.71518
1.71405
1.71363
1.71405
1.71544
1.71789
1.72144
1.72607
1.73168
1.73806
1.74494
1.75201
1.75894
1.76543
1.77123
1.77615
1.78004
1.7828
1.78436
1.78467
1.78367
1.78138
1.77782
1.77313
1.76753
1.76138
1.75513
1.74929
1.7443
1.74045
1.73784
1.73635
1.73581
1.73603
1.73689
1.73834
1.74034
1.74281
1.74562
1.7486
1.75155
1.75433
1.75683
1.75904
1.76099
1.76271
1.76423
1.76548
1.76627
1.7663
1.76512
1.76232
1.75764
1.7513
1.74434
1.73864
1.73641
1.73903
1.74627
1.75638
1.76719
1.77703
1.78509
1.79126
1.79578
1.79903
1.80136
1.80308
1.80437
1.80536
1.80612
1.80664
1.8069
1.80684
1.80638
1.80545
1.80398
1.80195
1.79933
1.79617
1.79256
1.78862
1.78452
1.78045
1.77658
1.77302
1.76976
1.76664
1.76332
1.75934
1.75424
1.74774
1.74001
1.73193
1.72514
1.72172
1.72331
1.73028
1.74145
1.75461
1.7675
1.77855
1.78705
1.7931
1.7972
1.79998
1.80185
1.80299
1.8033
1.80262
1.80084
1.79799
1.79431
1.79019
1.78611
1.78254
1.77992
1.77853
1.77847
1.77966
1.78185
1.7847
1.78782
1.79088
1.79358
1.79572
1.79719
1.79791
1.79787
1.79706
1.79549
1.7932
1.79025
1.78677
1.78294
1.77901
1.7753
1.77213
1.76984
1.76868
1.76883
1.77037
1.77317
1.77698
1.78141
1.78601
1.79038
1.79419
1.79722
1.79936
1.80056
1.8008
1.80008
1.79838
1.79572
1.79215
1.78781
1.78299
1.77813
1.77378
1.77045
1.7684
1.76753
1.76738
1.76721
1.76628
1.76401
1.76008
1.75456
1.74789
1.74088
1.73458
1.73001
1.72779
1.72798
1.73008
1.73334
1.73698
1.7405
1.7436
1.74624
1.74849
1.75045
1.75226
1.754
1.7557
1.75735
1.75889
1.76024
1.76127
1.7619
1.76204
1.76161
1.76058
1.75893
1.7567
1.75394
1.75075
1.74726
1.74365
1.7401
1.73678
1.73382
1.73126
1.72904
1.72703
1.72503
1.7229
1.72059
1.71822
1.71611
1.71472
1.71448
1.71565
1.71821
1.7218
1.72593
1.73006
1.73377
1.73679
1.73902
1.74044
1.74112
1.74115
1.74064
1.73967
1.73835
1.73675
1.73492
1.73292
1.73077
1.72845
1.72594
1.72315
1.71997
1.71629
1.71201
1.70715
1.70199
1.69711
1.69342
1.69189
1.69319
1.69732
1.70356
1.71076
1.71778
1.72377
1.72826
1.73108
1.73229
1.73205
1.7306
1.72822
1.72519
1.72184
1.71843
1.71521
1.71234
1.70989
1.70788
1.70625
1.70494
1.70389
1.70308
1.70248
1.70202
1.70156
1.70084
1.69953
1.69734
1.69409
1.6898
1.6847
1.67927
1.67421
1.67034
1.66849
1.66921
1.67258
1.67808
1.68486
1.69199
1.69879
1.70482
1.70987
1.71378
1.71644
1.7177
1.71747
1.71575
1.71266
1.70859
1.70413
1.70008
1.6972
1.69606
1.69674
1.6989
1.7019
1.70503
1.70775
1.70971
1.71077
1.71094
1.71032
1.70906
1.70732
1.70527
1.70307
1.70088
1.69883
1.69707
1.69569
1.69477
1.69437
1.69449
1.69511
1.69618
1.69762
1.69934
1.70124
1.70324
1.70523
1.70714
1.70883
1.7102
1.71107
1.71124
1.71047
1.70844
1.70481
1.6992
1.69135
1.68115
1.66896
1.65571
1.64303
1.63292
1.62714
1.62654
1.63074
1.63839
1.64778
1.65737
1.6661
1.67341
1.67914
1.68339
1.68645
1.68867
1.69044
1.69208
1.69386
1.69596
1.69842
1.70122
1.70427
1.70745
1.71064
1.71372
1.71664
1.71934
1.72181
1.72405
1.72607
1.7279
1.72957
1.73108
1.73247
1.73372
1.73484
1.73582
1.73663
1.73722
1.73755
1.73755
1.73715
1.73625
1.73479
1.73269
1.72991
1.72649
1.72249
1.7181
1.71357
1.70923
1.70545
1.70255
1.70078
1.70025
1.70089
1.7025
1.70476
1.70732
1.70984
1.71207
1.71384
1.71509
1.71585
1.71623
1.7164
1.71657
1.71693
1.71769
1.71895
1.7208
1.72323
1.72615
1.72946
1.73301
1.73664
1.7402
1.74357
1.74664
1.74933
1.75155
1.75321
1.75419
1.75434
1.75344
1.7512
1.74731
1.74153
1.73392
1.72514
1.71675
1.71098
1.70988
1.7141
1.72246
1.73265
1.74244
1.7504
1.75598
1.75917
1.7602
1.75935
1.75683
1.75274
1.74714
1.74001
1.73136
1.72126
1.70994
1.69795
1.68615
1.67576
1.66807
1.66409
1.66422
1.66806
1.67464
1.68283
1.69164
1.70042
1.70879
1.71657
1.72364
1.72991
1.7353
1.73977
1.74331
1.74597
1.74782
1.74897
1.74951
1.74956
1.74921
1.74855
1.74764
1.74655
1.74533
1.744
1.74258
1.74109
1.73951
1.73782
1.73598
1.73394
1.73166
1.72906
1.7261
1.72273
1.71897
1.71488
1.71064
1.70652
1.70293
1.7003
1.69901
1.69926
1.70098
1.70387
1.70747
1.71131
1.71497
1.71821
1.72087
1.7229
1.72427
1.72501
1.7251
1.72453
1.72323
1.72113
1.71816
1.71421
1.70919
1.70299
1.69557
1.68703
1.67783
1.66911
1.66276
1.66093
1.6648
1.67366
1.68509
1.69627
1.70512
1.71068
1.71289
1.71216
1.7092
1.70478
1.6998
1.69517
1.69176
1.69023
1.69091
1.69367
1.69792
1.70284
1.70757
1.71146
1.71413
1.71551
1.71572
1.715
1.71364
1.71193
1.71014
1.70845
1.70703
1.70594
1.70523
1.70489
1.7049
1.70522
1.70581
1.7066
1.70758
1.7087
1.70992
1.71122
1.71256
1.71391
1.71524
1.7165
1.71766
1.7187
1.71959
1.72029
1.72078
1.72102
1.72098
1.7206
1.71979
1.71847
1.7165
1.71376
1.71012
1.70553
1.70005
1.69397
1.6878
1.68229
1.67812
1.67571
1.67497
1.6753
1.67588
1.67599
1.67526
1.67378
1.67209
1.67099
1.67136
1.67379
1.67836
1.6846
1.6917
1.69878
1.70515
1.71042
1.71445
1.71732
1.71919
1.72029
1.72085
1.72104
1.72102
1.72088
1.72068
1.72043
1.72013
1.71974
1.71926
1.71868
1.71803
1.71737
1.71678
1.71636
1.71618
1.71631
1.71674
1.71746
1.7184
1.7195
1.72069
1.72193
1.72321
1.72453
1.72591
1.72736
1.72887
1.73035
1.73168
1.73269
1.73316
1.73289
1.73171
1.72952
1.72633
1.7223
1.71772
1.71303
1.70878
1.70552
1.70369
1.70351
1.70495
1.70771
1.71133
1.71531
1.71923
1.72279
1.72581
1.72825
1.73015
1.73158
1.73261
1.73333
1.73377
1.73398
1.73393
1.73361
1.73297
1.732
1.73079
1.72951
1.72848
1.7281
1.72867
1.73025
1.73261
1.73523
1.73751
1.73892
1.7391
1.73795
1.73554
1.73206
1.72768
1.72249
1.71642
1.70933
1.70107
1.69166
1.68143
1.67102
1.66138
1.65361
1.64873
1.64738
1.64966
1.65513
1.66297
1.67223
1.68201
1.69156
1.70033
1.708
1.71442
1.7196
1.72364
1.72667
1.72881
1.73016
1.73077
1.73059
1.72957
1.72758
1.72454
1.72048
1.7156
1.7104
1.70563
1.70218
1.70071
1.70139
1.70379
1.70705
1.71023
1.71263
1.71395
1.71425
1.71388
1.71335
1.71313
1.71356
1.71474
1.71652
1.7186
1.72062
1.72228
1.72335
1.72372
1.72335
1.72227
1.72057
1.71832
1.71566
1.71273
1.7097
1.70675
1.70409
1.70194
1.70046
1.69978
1.69995
1.70092
1.70258
1.70473
1.70711
1.70935
1.71105
1.71171
1.71088
1.70819
1.70358
1.6975
1.69115
1.68626
1.68442
1.68621
1.69072
1.69606
1.70025
1.70195
1.70071
1.69681
1.69102
1.68431
1.67766
1.67187
1.66744
1.66465
1.66367
1.66464
1.66767
1.67277
1.6797
1.68794
1.69671
1.70515
1.71252
1.71831
1.72228
1.72449
1.72512
1.72448
1.7229
1.72066
1.71795
1.71489
1.71155
1.70793
1.70404
1.6999
1.69554
1.69102
1.68638
1.68172
1.67712
1.67274
1.66881
1.6656
1.6634
1.66245
1.66285
1.66453
1.66724
1.67058
1.67413
1.67746
1.68017
1.68191
1.68234
1.6811
1.67782
1.6722
1.66412
1.65395
1.64287
1.63297
1.62677
1.62601
1.63063
1.63872
1.64763
1.65517
1.66008
1.66204
1.66143
1.65908
1.65617
1.65392
1.65327
1.6546
1.65762
1.66163
1.66581
1.66952
1.67243
1.67443
1.67561
1.67611
1.67611
1.67576
1.67519
1.67447
1.67368
1.67287
1.67205
1.67128
1.67057
1.66999
1.66957
1.6694
1.66954
1.67007
1.67102
1.67243
1.67428
1.67652
1.67907
1.68182
1.68468
1.68753
1.69028
1.69285
1.69515
1.69709
1.69853
1.69934
1.69935
1.69839
1.69642
1.69359
1.69036
1.68752
1.68602
1.68658
1.68936
1.69387
1.69917
1.70426
1.70842
1.71123
1.71257
1.7125
1.71117
1.70883
1.70575
1.70231
1.69892
1.69606
1.69413
1.6934
1.69386
1.6952
1.6968
1.69789
1.69785
1.69641
1.694
1.69173
1.69112
1.69335
1.69866
1.70617
1.71444
1.72215
1.72852
1.73332
1.73676
1.73919
1.74102
1.74259
1.74414
1.74576
1.74746
1.74913
1.75062
1.75173
1.75227
1.75207
1.75099
1.74894
1.74586
1.74175
1.73672
1.73094
1.72473
1.71846
1.71254
1.70725
1.7027
1.69874
1.69514
1.69166
1.68823
1.68504
1.68244
1.68086
1.68062
1.68184
1.68446
1.68821
1.69278
1.69781
1.70299
1.70804
1.71276
1.71701
1.72072
1.72388
1.72653
1.72872
1.73054
1.73204
1.73327
1.73426
1.73497
1.73535
1.73531
1.73473
1.73349
1.73148
1.72863
1.72494
1.72053
1.71561
1.71055
1.70578
1.7017
1.69865
1.69676
1.69604
1.69637
1.69762
1.69963
1.70221
1.70511
1.70798
1.71048
1.71231
1.71335
1.71365
1.71344
1.71301
1.71258
1.71229
1.7121
1.71194
1.71169
1.71124
1.71052
1.7094
1.70771
1.7053
1.70209
1.69819
1.69392
1.68983
1.68652
1.68456
1.68421
1.68544
1.68791
1.69115
1.69469
1.69815
1.7013
1.70401
1.70623
1.70798
1.70927
1.71015
1.71064
1.71077
1.71059
1.71015
1.70951
1.70875
1.70796
1.70723
1.70664
1.70623
1.70602
1.706
1.70614
1.7064
1.70674
1.70712
1.70753
1.70799
1.70851
1.70912
1.70987
1.71076
1.71181
1.71301
1.71435
1.71577
1.71724
1.71868
1.72002
1.72119
1.72211
1.72269
1.72287
1.72257
1.72174
1.72035
1.71839
1.71591
1.71302
1.70986
1.70666
1.70366
1.70112
1.69927
1.69829
1.69822
1.69899
1.70038
1.70208
1.70371
1.70492
1.70545
1.70512
1.70394
1.70205
1.69972
1.69732
1.69525
1.69386
1.69338
1.69386
1.69518
1.69708
1.69922
1.70127
1.70296
1.70414
1.70471
1.7047
1.70419
1.70329
1.70213
1.70084
1.69951
1.69821
1.69699
1.69585
1.69482
1.6939
1.6931
1.69242
1.69186
1.69142
1.69111
1.69093
1.69094
1.69117
1.69166
1.69238
1.69329
1.69426
1.69517
1.69588
1.69626
1.69625
1.69581
1.69496
1.69372
1.69217
1.69037
1.6884
1.68633
1.68422
1.68208
1.67995
1.67781
1.67565
1.67345
1.6712
1.66891
1.66663
1.66443
1.66241
1.6607
1.6594
1.65859
1.65828
1.65845
1.65901
1.65985
1.66085
1.66189
1.66289
1.6638
1.66457
1.6652
1.6657
1.66607
1.66633
1.66651
1.6666
1.66663
1.66662
1.66656
1.66647
1.66635
1.66623
1.66612
1.66603
1.66599
1.66601
1.66613
1.66636
1.66673
1.66724
1.6679
1.66873
1.6697
1.67082
1.67204
1.67334
1.67468
1.67601
1.67726
1.67837
1.67926
1.67983
1.67999
1.67965
1.67872
1.67715
1.67495
1.67222
1.66917
1.66619
1.66372
1.66224
1.66215
1.66359
1.66647
1.67046
1.67512
1.67999
1.68472
1.68904
1.6928
1.69593
1.69844
1.70031
1.70159
1.70226
1.70234
1.70181
1.70065
1.69887
1.6965
1.69364
1.6905
1.68739
1.68471
1.68288
1.68221
1.68282
1.68457
1.68706
1.6898
1.69225
1.69396
1.69462
1.69409
1.69241
1.68981
1.68666
1.68346
1.68076
1.67901
1.67853
1.67943
1.68163
1.6849
1.68894
1.69344
1.6981
1.70266
1.70691
1.71071
1.71394
1.71655
1.71852
1.71987
1.72063
1.72086
1.72061
1.71998
1.71905
1.71792
1.71669
1.71546
1.71434
1.71338
1.71266
1.71219
1.71197
1.71198
1.71219
1.71254
1.71299
1.71349
1.71398
1.71442
1.71477
1.71499
1.71507
1.71497
1.71465
1.71407
1.71315
1.71183
1.71005
1.70782
1.70521
1.70242
1.69975
1.69755
1.69618
1.69584
1.69655
1.69815
1.70034
1.7028
1.7053
1.70764
1.70972
1.71147
1.71281
1.71365
1.71386
1.71332
1.71193
1.70964
1.70646
1.70254
1.69814
1.6937
1.68972
1.68673
1.68512
1.68506
1.68642
1.68879
1.69163
1.69436
1.69652
1.69779
1.69809
1.69756
1.69653
1.69546
1.69475
1.69463
1.69511
1.69592
1.6967
1.69712
1.69697
1.69624
1.69511
1.69389
1.69293
1.69258
1.69306
1.69444
1.69665
1.69946
1.70259
1.70577
1.70873
1.71128
1.7133
1.71471
1.71551
1.7157
1.7153
1.71435
1.71289
1.71092
1.70845
1.70547
1.70193
1.69776
1.69292
1.68741
1.68134
1.67501
1.66899
1.66403
1.66088
1.66005
1.66149
1.66466
1.66866
1.6726
1.67577
1.67778
1.67854
1.67818
1.677
1.67538
1.67371
1.67232
1.67145
1.67118
1.67147
1.67219
1.6732
1.67435
1.67552
1.67663
1.67763
1.67849
1.67916
1.67962
1.67985
1.67982
1.67953
1.67898
1.67819
1.67717
1.67596
1.67461
1.67314
1.67157
1.66986
1.66798
1.66585
1.66344
1.66077
1.65801
1.65541
1.65335
1.65222
1.65229
1.65363
1.65609
1.65933
1.66296
1.66658
1.6699
1.67273
1.67494
1.67647
1.67733
1.67753
1.67711
1.67615
1.67475
1.67303
1.67114
1.66922
1.66744
1.66593
1.66482
1.66419
1.66407
1.66444
1.66523
1.66635
1.66765
1.66901
1.67032
1.67149
1.67244
1.67313
1.67356
1.67373
1.67369
1.67347
1.67317
1.67286
1.67265
1.67258
1.6727
1.67299
1.67336
1.67368
1.67383
1.67366
1.67312
1.67224
1.67119
1.67024
1.66976
1.67004
1.6713
1.67354
1.67657
1.68004
1.68358
1.68679
1.68937
1.69108
1.69176
1.69127
1.68952
1.68642
1.68194
1.67607
1.66888
1.66052
1.65119
1.6412
1.63099
1.62128
1.61332
1.60883
1.6094
1.61554
1.62614
1.63893
1.65163
1.66274
1.67165
1.67844
1.68345
1.68712
1.68983
1.69188
1.69347
1.69474
1.69576
1.69659
1.69723
1.69769
1.69798
1.69811
1.69806
1.69785
1.69747
1.69693
1.69621
1.6953
1.69419
1.69286
1.69129
1.6895
1.68751
1.68539
1.68321
1.68107
1.67908
1.6773
1.67581
1.67462
1.67372
1.67308
1.67264
1.67237
1.67222
1.67214
1.6721
1.67206
1.67199
1.67187
1.67169
1.67145
1.67116
1.67082
1.67047
1.67016
1.66998
1.67003
1.67044
1.67131
1.67271
1.67464
1.677
1.67965
1.68236
1.68489
1.68701
1.68849
1.68922
1.68912
1.68827
1.68685
1.68513
1.68349
1.68226
1.68167
1.6818
1.68252
1.68356
1.68466
1.68563
1.68642
1.68715
1.68805
1.68933
1.69119
1.69365
1.69661
1.69987
1.70318
1.70628
1.70901
1.71123
1.71285
1.71385
1.71418
1.71381
1.71269
1.71079
1.70805
1.70449
1.70022
1.6955
1.69079
1.68672
1.68394
1.68294
1.68385
1.68638
1.68994
1.69383
1.69748
1.70049
1.70265
1.70391
1.70433
1.70402
1.7031
1.70172
1.70009
1.6984
1.69688
1.69577
1.69526
1.69548
1.69647
1.69815
1.70037
1.70293
1.70564
1.70833
1.71087
1.71319
1.71526
1.71707
1.71862
1.71994
1.721
1.72181
1.72233
1.72251
1.72229
1.72159
1.72035
1.71853
1.71615
1.71328
1.71012
1.70698
1.70424
1.70232
1.70149
1.70188
1.70336
1.70561
1.70824
1.71085
1.71312
1.71487
1.71601
1.71656
1.7166
1.71625
1.7157
1.71511
1.71466
1.7145
1.71472
1.71536
1.71638
1.71771
1.71923
1.72083
1.72237
1.72379
1.72502
1.72602
1.7268
1.72738
1.7278
1.7281
1.72831
1.72848
1.72862
1.72872
1.72875
1.72868
1.72845
1.72799
1.72725
1.72619
1.72477
1.72301
1.72094
1.71863
1.71621
1.71382
1.71159
1.70969
1.70823
1.70728
1.70686
1.70693
1.70743
1.70825
1.70931
1.7105
1.71175
1.71298
1.71417
1.71528
1.71629
1.71722
1.71805
1.71881
1.71948
1.72005
1.72052
1.72086
1.72104
1.72105
1.72088
1.7205
1.71993
1.71919
1.71828
1.71724
1.71608
1.71481
1.71342
1.7119
1.71023
1.7084
1.70642
1.70433
1.70222
1.70022
1.69849
1.69723
1.69658
1.69663
1.69739
1.69878
1.70065
1.70281
1.70505
1.7072
1.70911
1.71068
1.71183
1.71254
1.71279
1.71259
1.71198
1.71101
1.70974
1.70828
1.70672
1.70519
1.70381
1.7027
1.70196
1.70168
1.70188
1.70257
1.70371
1.70523
1.70704
1.70905
1.71118
1.71336
1.71553
1.71766
1.7197
1.72165
1.72349
1.72519
1.72674
1.72811
1.72924
1.73008
1.73055
1.73056
1.73001
1.72879
1.72684
1.7241
1.7206
1.71645
1.71187
1.70717
1.70273
1.69893
1.6961
1.69446
1.69414
1.69512
1.6973
1.70049
1.70445
1.70889
1.71361
1.71847
1.72345
1.72857
1.73384
1.73916
1.74436
1.74919
1.75337
1.75666
1.7589
1.75997
1.75986
1.75858
1.75623
1.75296
1.74901
1.74468
1.74036
1.73648
1.73346
1.73159
1.73096
1.73142
1.73258
1.73395
1.73507
1.73566
1.73573
1.73556
1.73566
1.73655
1.73863
1.74199
1.74647
1.75172
1.75738
1.76309
1.7686
1.77371
1.77831
1.78232
1.7857
1.78844
1.79055
1.79205
1.79296
1.79328
1.79305
1.79226
1.79095
1.78915
1.78689
1.78423
1.78122
1.77793
1.77442
1.77077
1.76709
1.76352
1.76024
1.7575
1.75554
1.7546
1.75485
1.75637
1.75911
1.76288
1.76738
1.77222
1.77698
1.78127
1.78477
1.78728
1.78875
1.78927
1.78909
1.78856
1.78809
1.78806
1.78876
1.79034
1.79285
1.7962
1.8003
1.80502
1.81027
1.81593
1.82189
1.828
1.83411
1.84005
1.84562
1.85063
1.85487
1.85811
1.86013
1.86071
1.85966
1.85686
1.85232
1.84619
1.83879
1.83059
1.82206
1.81357
1.80525
1.7969
1.78817
1.77864
1.76814
1.75706
1.74655
1.73843
1.73471
1.7369
1.74529
1.75888
1.77565
1.79322
1.80945
1.82271
1.83208
1.83724
1.8384
1.83615
1.83135
1.82498
1.81804
1.81148
1.80617
1.8027
1.80122
1.80139
1.80254
1.80395
1.80495
1.80499
1.80354
1.80017
1.79462
1.78704
1.77807
1.76889
1.76099
1.75581
1.75428
1.75662
1.7622
1.76976
1.77785
1.78512
1.79068
1.79416
1.7956
1.79536
1.79399
1.79209
1.79022
1.78882
1.78809
1.78804
1.78851
1.78924
1.78997
1.79053
1.79078
1.79068
1.79022
1.78943
1.78834
1.78701
1.78546
1.78373
1.78185
1.77985
1.77777
1.77564
1.77352
1.77146
1.76953
1.7678
1.76632
1.76514
1.76426
1.76361
1.76307
1.76242
1.76135
1.75951
1.75651
1.75196
1.74562
1.73744
1.7278
1.71753
1.7079
1.70027
1.69567
1.6944
1.69605
1.69972
1.70448
1.70953
1.71431
1.71849
1.72185
1.72426
1.72561
1.72586
1.72502
1.72321
1.72072
1.71803
1.71573
1.71443
1.71455
1.7162
1.71912
1.72281
1.7267
1.73032
1.73334
1.73562
1.73713
1.73795
1.73817
1.73793
1.73734
1.73654
1.73565
1.73475
1.73396
1.73333
1.73292
1.73276
1.73286
1.7332
1.73377
1.73453
1.73545
1.73651
1.73766
1.73889
1.74016
1.74146
1.74274
1.74394
1.74499
1.74581
1.74624
1.74615
1.74532
1.74358
1.74073
1.7367
1.73156
1.72564
1.71961
1.71439
1.711
1.71028
1.71255
1.71751
1.72435
1.73196
1.73932
1.74562
1.75037
1.75334
1.75451
1.75391
1.75164
1.74776
1.74234
1.73553
1.72761
1.71918
1.7112
1.70494
1.70162
1.70195
1.7058
1.71234
1.72041
1.72897
1.73727
1.74491
1.75168
1.75753
1.76244
1.76645
1.76957
1.77185
1.77331
1.77396
1.77385
1.77301
1.7715
1.76944
1.76697
1.76428
1.76163
1.7593
1.75754
1.75658
1.75655
1.75743
1.75907
1.76118
1.76333
1.76503
1.76575
1.76499
1.7624
1.75789
1.75185
1.74528
1.73974
1.73698
1.73821
1.74352
1.75183
1.76147
1.77085
1.77885
1.78497
1.78908
1.79133
1.79196
1.79121
1.7893
1.78641
1.7827
1.77832
1.77346
1.76838
1.7634
1.75889
1.75525
1.75282
1.75183
1.75239
1.75451
1.75802
1.76271
1.76826
1.77432
1.78051
1.78651
1.79203
1.79687
1.80091
1.80409
1.80641
1.80792
1.80868
1.80879
1.80833
1.8074
1.80607
1.80444
1.8026
1.80062
1.79861
1.79665
1.79485
1.79332
1.79215
1.79143
1.79121
1.79146
1.79211
1.793
1.79393
1.79464
1.79489
1.79449
1.79337
1.79166
1.78968
1.78797
1.78707
1.78737
1.78891
1.79132
1.79396
1.7961
1.79718
1.79689
1.79519
1.7923
1.78863
1.78468
1.78099
1.77799
1.77601
1.77519
1.77552
1.77685
1.77899
1.78175
1.78493
1.78838
1.79199
1.79567
1.79934
1.80289
1.80625
1.80929
1.81194
1.8141
1.81574
1.81689
1.8176
1.81798
1.81817
1.81827
1.81838
1.81852
1.81865
1.81869
1.81855
1.81814
1.81744
1.81644
1.81517
1.81367
1.81189
1.80975
1.80704
1.80353
1.79899
1.79328
1.78651
1.77908
1.77172
1.76543
1.76122
1.75977
1.76115
1.76478
1.76964
1.77467
1.77902
1.78227
1.78432
1.78533
1.78549
1.78495
1.78374
1.78183
1.77915
1.77574
1.77177
1.7676
1.76376
1.76086
1.75943
1.75982
1.76205
1.76585
1.77074
1.77612
1.78145
1.78623
1.79009
1.79277
1.79409
1.79394
1.79225
1.78899
1.78413
1.77772
1.76996
1.76148
1.7535
1.74778
1.74614
1.74949
1.75729
1.76778
1.77889
1.78903
1.79735
1.80363
1.80793
1.81048
1.81145
1.81097
1.80913
1.80595
1.80149
1.79588
1.78944
1.78264
1.77612
1.77057
1.76647
1.76402
1.76306
1.76317
1.76391
1.76483
1.76562
1.76605
1.76598
1.76536
1.76418
1.76249
1.76034
1.75783
1.75511
1.75239
1.75001
1.74841
1.74806
1.74928
1.75207
1.75611
1.76083
1.76558
1.76988
1.77341
1.77609
1.77798
1.77923
1.78002
1.78056
1.78099
1.78147
1.78208
1.78288
1.7839
1.78511
1.7865
1.78799
1.78952
1.791
1.79237
1.79356
1.79453
1.79526
1.79578
1.79616
1.79648
1.79682
1.79724
1.79776
1.79832
1.79878
1.79893
1.79847
1.79709
1.79444
1.79024
1.78431
1.77667
1.76768
1.7581
1.74897
1.74137
1.73605
1.73315
1.73222
1.7325
1.73319
1.73373
1.73383
1.7335
1.73303
1.73288
1.73353
1.73531
1.7383
1.74227
1.7468
1.75143
1.75577
1.75961
1.76284
1.76548
1.76758
1.76922
1.77047
1.77138
1.77201
1.77236
1.77247
1.77233
1.77193
1.77125
1.77025
1.7689
1.76712
1.76487
1.76205
1.75859
1.75437
1.7493
1.74326
1.73619
1.72807
1.71903
1.70939
1.69975
1.69108
1.68471
1.68208
1.68421
1.69106
1.70133
1.71304
1.72436
1.73411
1.74185
1.74763
1.75175
1.75457
1.75641
1.7575
1.75801
1.75804
1.75768
1.75696
1.75595
1.75467
1.75318
1.75153
1.74977
1.74796
1.74616
1.74446
1.74298
1.74182
1.74113
1.741
1.74149
1.74262
1.74433
1.74653
1.74913
1.75203
1.75514
1.75841
1.76178
1.76516
1.76849
1.77166
1.77454
1.77699
1.77883
1.77982
1.77971
1.77819
1.77492
1.76966
1.76238
1.75352
1.74413
1.73582
1.7303
1.72855
1.73038
1.73462
1.73975
1.74455
1.74835
1.75092
1.75238
1.75301
1.75321
1.75345
1.75414
1.7556
1.75792
1.76099
1.76458
1.76843
1.7723
1.77606
1.77964
1.78302
1.78622
1.7893
1.79232
1.79531
1.7983
1.80126
1.80413
1.80681
1.80916
1.81106
1.81236
1.8129
1.81256
1.81119
1.8087
1.80502
1.80016
1.79424
1.7875
1.78035
1.77333
1.76707
1.76216
1.75907
1.75793
1.75856
1.76041
1.76277
1.76489
1.76619
1.76633
1.76529
1.76336
1.76102
1.75886
1.75739
1.75689
1.75735
1.75858
1.76031
1.76231
1.76446
1.76669
1.76899
1.77129
1.77347
1.77534
1.77662
1.77699
1.77612
1.77373
1.76967
1.76405
1.75739
1.75066
1.7452
1.74229
1.74258
1.74584
1.75106
1.75699
1.76256
1.76715
1.77052
1.77269
1.77381
1.77407
1.77366
1.77274
1.77143
1.76984
1.76808
1.76623
1.76442
1.76275
1.76136
1.76038
1.75991
1.76003
1.76076
1.76205
1.76381
1.7659
1.76816
1.77041
1.7725
1.77429
1.77565
1.77651
1.77676
1.77637
1.77529
1.77352
1.77107
1.768
1.76443
1.7605
1.75642
1.7524
1.74865
1.74535
1.74261
1.74053
1.73913
1.73847
1.73858
1.73953
1.74133
1.74395
1.74726
1.75106
1.75507
1.75898
1.7625
1.76536
1.76736
1.76836
1.76827
1.76707
1.76485
1.76178
1.75814
1.75429
1.75061
1.74747
1.74511
1.74367
1.74312
1.74333
1.74404
1.74492
1.74564
1.7459
1.74554
1.74463
1.74345
1.74248
1.74222
1.74307
1.74519
1.74843
1.75243
1.75672
1.76086
1.7645
1.76743
1.76958
1.77096
1.77167
1.77182
1.77157
1.77104
1.77033
1.76953
1.76868
1.76782
1.76693
1.76601
1.76504
1.76401
1.76291
1.76176
1.76056
1.75936
1.75818
1.75706
1.75604
1.75512
1.75434
1.75367
1.75309
1.75257
1.75203
1.7514
1.75057
1.74942
1.7478
1.74557
1.74261
1.73886
1.73433
1.7292
1.72382
1.71866
1.71424
1.71096
1.70897
1.70821
1.70843
1.70937
1.71084
1.71266
1.71469
1.71673
1.71855
1.71994
1.72078
1.72108
1.72102
1.72088
1.72099
1.72163
1.72293
1.72483
1.72711
1.7295
1.73174
1.73364
1.73511
1.73613
1.73676
1.73706
1.73708
1.73689
1.7365
1.73591
1.73511
1.73407
1.73276
1.73112
1.72914
1.72677
1.72403
1.7209
1.71745
1.71371
1.70979
1.70573
1.70159
1.69737
1.69306
1.68865
1.68419
1.67987
1.67605
1.67318
1.67173
1.67203
1.67415
1.67784
1.68259
1.68777
1.69279
1.6972
1.70073
1.7033
1.70494
1.70577
1.70596
1.70569
1.70513
1.70442
1.70367
1.70296
1.70233
1.7018
1.70135
1.70097
1.70066
1.70039
1.70017
1.69999
1.69988
1.69983
1.69987
1.69999
1.7002
1.70049
1.70085
1.70124
1.70163
1.70194
1.70207
1.70188
1.70114
1.69953
1.69663
1.69186
1.68464
1.67456
1.66188
1.64812
1.63631
1.62999
1.63113
1.6386
1.64907
1.65917
1.66695
1.67202
1.67491
1.67653
1.67777
1.67927
1.68133
1.68396
1.68694
1.69
1.69285
1.69531
1.69728
1.69876
1.69978
1.70044
1.70085
1.70113
1.70139
1.70171
1.70217
1.70282
1.70365
1.70467
1.70582
1.70705
1.70829
1.70945
1.71047
1.71127
1.71177
1.71191
1.71163
1.71086
1.70956
1.70769
1.70527
1.70237
1.69914
1.69583
1.69278
1.69036
1.68894
1.68883
1.69019
1.693
1.69708
1.70208
1.70756
1.71308
1.71826
1.72281
1.72657
1.7295
1.73165
1.73315
1.73415
1.73482
1.73532
1.73581
1.73636
1.73704
1.73784
1.73874
1.73968
1.74059
1.74142
1.74211
1.74266
1.74307
1.74336
1.74358
1.74377
1.744
1.7443
1.74468
1.74514
1.74564
1.74612
1.74654
1.74686
1.74707
1.74723
1.7474
1.74768
1.74818
1.74896
1.75007
1.75146
1.75303
1.75465
1.75616
1.75739
1.75819
1.75846
1.7581
1.75705
1.75531
1.75289
1.74983
1.74621
1.74217
1.73787
1.73352
1.72941
1.72591
1.72345
1.72248
1.72333
1.72603
1.73027
1.73543
1.74078
1.74563
1.7495
1.75215
1.75356
1.75388
1.75337
1.75238
1.75132
1.75056
1.7504
1.75103
1.75245
1.75455
1.7571
1.75984
1.76252
1.76497
1.76708
1.76882
1.77021
1.77128
1.77209
1.77271
1.77319
1.77356
1.77384
1.77406
1.77419
1.7742
1.77404
1.77364
1.77291
1.77172
1.76997
1.76753
1.76434
1.76044
1.75603
1.75151
1.74745
1.74453
1.74328
1.7439
1.74616
1.74955
1.7534
1.75714
1.76039
1.76294
1.76471
1.76571
1.76593
1.76537
1.76399
1.76178
1.75872
1.75489
1.75046
1.74577
1.74128
1.73759
1.73526
1.73469
1.73601
1.73901
1.74322
1.74807
1.75305
1.75779
1.76209
1.76588
1.76915
1.77198
1.77446
1.77666
1.77868
1.7806
1.78247
1.78432
1.78607
1.78761
1.78871
1.78911
1.78852
1.78673
1.78367
1.77947
1.77449
1.76929
1.76447
1.76053
1.75772
1.75607
1.75548
1.75589
1.75733
1.75994
1.76389
1.76923
1.7758
1.7833
1.79123
1.79903
1.80616
1.81212
1.81651
1.81903
1.81948
1.81779
1.81406
1.80868
1.80234
1.79608
1.79108
1.78834
1.78832
1.7908
1.79501
1.79998
1.80486
1.8091
1.81243
1.8148
1.81632
1.81717
1.8175
1.81748
1.81724
1.81686
1.81642
1.81599
1.81563
1.81538
1.81527
1.81527
1.81535
1.8154
1.81532
1.81499
1.81427
1.81307
1.81137
1.8092
1.80671
1.80412
1.8017
1.79971
1.79839
1.79784
1.79801
1.79873
1.79973
1.80072
1.80152
1.80206
1.80243
1.80288
1.80371
1.80518
1.80746
1.81058
1.81434
1.81841
1.82235
1.82567
1.82793
1.82875
1.82788
1.82518
1.82062
1.81434
1.8067
1.79845
1.79087
1.78566
1.78439
1.78776
1.79516
1.80491
1.81507
1.82409
1.83112
1.83587
1.83847
1.83927
1.83865
1.83696
1.83439
1.83091
1.82627
1.82005
1.81181
1.80136
1.789
1.77593
1.76437
1.75708
1.75624
1.76242
1.77443
1.79012
1.80727
1.82411
1.83947
1.85269
1.86352
1.87195
1.87809
1.88208
1.884
1.88386
1.88164
1.87725
1.87069
1.86215
1.85213
1.84148
1.83133
1.82269
1.81613
1.81159
1.80871
1.80724
1.80733
1.80936
1.8135
1.8193
1.82566
1.83123
1.8348
1.8356
1.83331
1.82805
1.82027
1.81077
1.80061
1.79099
1.78302
1.77739
1.77414
1.77273
1.77231
1.77217
1.77202
1.7721
1.77307
1.77568
1.78037
1.78696
1.79477
1.80284
1.81037
1.8169
1.82229
1.82662
1.83008
1.83282
1.83496
1.83652
1.8375
1.83789
1.83766
1.83687
1.83557
1.83391
1.83205
1.83018
1.82851
1.82722
1.82645
1.82631
1.82681
1.82789
1.82943
1.83126
1.83319
1.83499
1.83646
1.83739
1.83763
1.83703
1.83548
1.83291
1.8293
1.82469
1.81922
1.81309
1.80665
1.80031
1.79454
1.78977
1.78628
1.78413
1.78311
1.78281
1.78271
1.78238
1.78153
1.78006
1.77808
1.77583
1.77368
1.77202
1.77123
1.77166
1.77356
1.777
1.78185
1.78773
1.79408
1.80027
1.80573
1.81004
1.81296
1.81445
1.8146
1.8136
1.81173
1.80932
1.80668
1.80411
1.80185
1.80007
1.79885
1.7982
1.79809
1.79844
1.79912
1.80001
1.80095
1.80179
1.8024
1.80269
1.80259
1.80211
1.80131
1.80028
1.7992
1.79822
1.79754
1.79728
1.79756
1.79839
1.79975
1.80154
1.80364
1.80592
1.80827
1.81058
1.81273
1.81464
1.81623
1.81737
1.81799
1.81794
1.81713
1.81546
1.81285
1.80936
1.80514
1.80057
1.79619
1.79264
1.79053
1.79016
1.79147
1.79405
1.79732
1.80067
1.80362
1.80589
1.8073
1.80782
1.80749
1.80639
1.80469
1.80261
1.80044
1.79849
1.79705
1.79634
1.79647
1.7974
1.79892
1.80077
1.80261
1.80409
1.80494
1.80499
1.80417
1.80256
1.80035
1.79784
1.79538
1.79333
1.79199
1.79151
1.79192
1.79308
1.79474
1.79657
1.79826
1.79959
1.80041
1.80075
1.80078
1.8008
1.80117
1.80218
1.80396
1.80646
1.80943
1.81257
1.81558
1.81826
1.82049
1.82225
1.82357
1.82447
1.82504
1.82532
1.82538
1.82529
1.82517
1.82509
1.82516
1.82545
1.82597
1.82671
1.8276
1.82857
1.82955
1.83049
1.83139
1.83226
1.83313
1.83404
1.83501
1.83606
1.83716
1.83826
1.8393
1.84018
1.8408
1.84104
1.84079
1.83994
1.83839
1.83606
1.83291
1.82899
1.8244
1.81937
1.81422
1.80931
1.805
1.80152
1.79895
1.79727
1.79643
1.79653
1.79772
1.80016
1.80384
1.8085
1.81371
1.81899
1.82399
1.82853
1.83263
1.83635
1.8398
1.84299
1.84586
1.8483
1.85017
1.85139
1.85188
1.85165
1.85075
1.84928
1.84736
1.84517
1.84287
1.84064
1.83863
1.83699
1.83578
1.83505
1.83477
1.83488
1.83529
1.83593
1.83672
1.83759
1.83848
1.83932
1.84002
1.84048
1.84063
1.84041
1.8398
1.83886
1.83773
1.83656
1.83558
1.83495
1.83477
1.83502
1.83559
1.83628
1.83685
1.83704
1.83663
1.83544
1.83329
1.83006
1.82569
1.82016
1.81356
1.80601
1.79768
1.78868
1.77905
1.76893
1.75889
1.75018
1.74458
1.74359
1.7474
1.75477
1.76378
1.77283
1.7811
1.78847
1.79514
1.80133
1.80717
1.81265
1.81768
1.82217
1.82604
1.82926
1.83185
1.83389
1.83545
1.83665
1.8376
1.83841
1.83918
1.83997
1.84084
1.84182
1.84291
1.84407
1.84529
1.84649
1.84761
1.84857
1.84929
1.8497
1.8497
1.84922
1.8482
1.84662
1.84449
1.84185
1.83878
1.83539
1.83176
1.82795
1.82393
1.81962
1.8149
1.80964
1.80374
1.79723
1.79027
1.78324
1.77674
1.77148
1.76815
1.76711
1.7683
1.77114
1.77482
1.77853
1.78167
1.784
1.78566
1.78715
1.78924
1.79265
1.79775
1.80435
1.81174
1.81894
1.8251
1.82959
1.83216
1.83282
1.8318
1.82949
1.82639
1.82309
1.82019
1.81816
1.81731
1.81769
1.81912
1.82128
1.82382
1.82644
1.82892
1.83112
1.83297
1.83445
1.83554
1.83628
1.83668
1.83682
1.83674
1.83655
1.83632
1.83613
1.83603
1.83604
1.83614
1.83624
1.83622
1.83594
1.83525
1.83401
1.83214
1.82964
1.82659
1.82318
1.8197
1.81647
1.81381
1.81194
1.81097
1.81085
1.81138
1.81228
1.81321
1.81387
1.81404
1.81359
1.81248
1.81075
1.80849
1.80581
1.80282
1.79961
1.79626
1.79289
1.78969
1.78695
1.78509
1.78457
1.78574
1.78874
1.79333
1.79901
1.8051
1.81099
1.81618
1.82039
1.82352
1.82559
1.82668
1.82693
1.82648
1.82547
1.82402
1.82226
1.82029
1.81822
1.81611
1.81405
1.81211
1.81033
1.80877
1.80745
1.8064
1.80562
1.80511
1.80486
1.80486
1.80508
1.80548
1.80603
1.8067
1.80744
1.8082
1.80894
1.8096
1.81013
1.81045
1.8105
1.81021
1.80949
1.80829
1.80654
1.80421
1.80129
1.79782
1.79387
1.7896
1.78517
1.78081
1.77674
1.77316
1.77025
1.76812
1.76685
1.76648
1.76699
1.76835
1.77049
1.77328
1.77655
1.78006
1.78354
1.78675
1.78947
1.7916
1.79316
1.79429
1.7952
1.79615
1.79738
1.79902
1.80107
1.80345
1.80599
1.80854
1.81095
1.8131
1.81491
1.81636
1.81742
1.81809
1.81839
1.81838
1.81815
1.8178
1.8175
1.81739
1.81759
1.81816
1.81909
1.82031
1.82167
1.82302
1.82422
1.82517
1.82583
1.82622
1.82637
1.82636
1.82622
1.82601
1.82573
1.82537
1.82489
1.82424
1.82338
1.82227
1.8209
1.81928
1.81743
1.81541
1.81327
1.81109
1.80898
1.80702
1.80535
1.80407
1.8033
1.8031
1.80345
1.80424
1.80523
1.8061
1.80652
1.8062
1.80495
1.80277
1.79985
1.79661
1.79356
1.79126
1.79007
1.7901
1.79115
1.79287
1.79489
1.79703
1.79932
1.80199
1.8053
1.80934
1.81395
1.8187
1.82297
1.82612
1.82754
1.82677
1.82348
1.81755
1.80923
1.79926
1.78903
1.78044
1.77537
1.77493
1.77891
1.78588
1.79391
1.80129
1.8069
1.81026
1.81135
1.81046
1.80799
1.80445
1.80034
1.79618
1.79244
1.7895
1.78759
1.78674
1.78676
1.7872
1.78749
1.78693
1.78484
1.78063
1.77391
1.76471
1.7537
1.74239
1.73313
1.72851
1.73034
1.73864
1.75157
1.76638
1.7806
1.79269
1.80206
1.80875
1.81309
1.81553
1.81649
1.81635
1.81546
1.81411
1.81258
1.81112
1.80994
1.8092
1.80901
1.8094
1.81036
1.81182
1.81369
1.81585
1.81816
1.82046
1.82257
1.82428
1.82534
1.82545
1.82425
1.82134
1.81627
1.80861
1.79811
1.785
1.77036
1.75633
1.74569
1.74078
1.74222
1.74872
1.75799
1.76799
1.77742
1.78573
1.79283
1.79879
1.80378
1.80795
1.81141
1.81425
1.81652
1.81822
1.81936
1.8199
1.81979
1.81899
1.81748
1.81524
1.81233
1.80885
1.80498
1.801
1.79723
1.79402
1.7917
1.79048
1.79042
1.7914
1.79318
1.79543
1.79783
1.80009
1.80196
1.80321
1.80371
1.80337
1.80219
1.80026
1.79781
1.79516
1.79272
1.79098
1.79035
1.79102
1.79291
1.79563
1.79864
1.80142
1.80365
1.80525
1.80635
1.80717
1.80789
1.80851
1.80884
1.80855
1.80724
1.80457
1.80035
1.79453
1.7873
1.77907
1.77046
1.76225
1.75527
1.75028
1.74775
1.74783
1.75029
1.75464
1.76021
1.76636
1.77247
1.77807
1.78278
1.78635
1.78857
1.78936
1.7887
1.78669
1.78359
1.77978
1.77582
1.77229
1.76966
1.7681
1.76738
1.76693
1.76595
1.7637
1.75971
1.75395
1.74701
1.74
1.73435
1.73141
1.732
1.73617
1.74332
1.75241
1.76233
1.77204
1.78075
1.78797
1.79343
1.7971
1.79906
1.79945
1.79841
1.79609
1.79261
1.78809
1.78271
1.77667
1.77025
1.76382
1.75777
1.75248
1.74821
1.7451
1.74309
1.74198
1.74155
1.74168
1.74243
1.74402
1.74679
1.75095
1.75647
1.76299
1.7699
1.77653
1.78227
1.78674
1.78975
1.79132
1.79161
1.79091
1.78956
1.78798
1.78658
1.78572
1.78569
1.78659
1.78828
1.79043
1.79257
1.79416
1.79475
1.79404
1.79187
1.78828
1.78338
1.77742
1.77077
1.76403
1.75801
1.75358
1.75129
1.75109
1.75228
1.75389
1.75511
1.75562
1.75559
1.75551
1.75595
1.75734
1.75984
1.76338
1.76767
1.77234
1.77702
1.78134
1.78504
1.78793
1.78992
1.79103
1.79136
1.79106
1.79034
1.78934
1.78817
1.7868
1.78507
1.78275
1.77955
1.7752
1.76956
1.76273
1.75509
1.74733
1.74043
1.73536
1.73281
1.73284
1.73486
1.73783
1.74057
1.74213
1.74188
1.73963
1.73558
1.73033
1.72478
1.72004
1.71717
1.71683
1.71912
1.72354
1.72925
1.73536
1.74117
1.74631
1.75064
1.7542
1.75711
1.75948
1.76141
1.76295
1.76412
1.7649
1.76528
1.76522
1.76472
1.76376
1.76236
1.76054
1.75835
1.75585
1.75311
1.75019
1.74714
1.74402
1.74084
1.73767
1.73454
1.73154
1.72879
1.72639
1.72448
1.72312
1.72236
1.72217
1.72246
1.72314
1.72406
1.7251
1.72615
1.7271
1.72785
1.7283
1.72837
1.72798
1.72705
1.72554
1.72345
1.72083
1.7178
1.71453
1.71123
1.70814
1.70548
1.70347
1.70226
1.70197
1.70266
1.70434
1.70697
1.7104
1.7144
1.7187
1.72297
1.72695
1.73042
1.73323
1.73532
1.73667
1.73732
1.73729
1.73664
1.73545
1.73381
1.73186
1.72979
1.72784
1.72629
1.72541
1.72538
1.7263
1.7281
1.73063
1.73364
1.73687
1.74012
1.74321
1.74605
1.74859
1.7508
1.75268
1.75425
1.75551
1.75644
1.75705
1.7573
1.75716
1.7566
1.75554
1.75393
1.7517
1.74873
1.74492
1.74016
1.73441
1.72774
1.72054
1.7136
1.70814
1.7055
1.70653
1.71103
1.71778
1.72505
1.73136
1.73589
1.73855
1.73969
1.73978
1.73909
1.73754
1.7348
1.73057
1.72493
1.7186
1.71285
1.70906
1.70815
1.71021
1.7146
1.72035
1.7265
1.73229
1.73722
1.74098
1.74358
1.74528
1.74663
1.7483
1.75087
1.75461
1.75938
1.76472
1.77005
1.77483
1.77873
1.78158
1.78337
1.78416
1.78408
1.78323
1.78175
1.77976
1.77742
1.7749
1.77241
1.77021
1.76851
1.76754
1.7674
1.76812
1.7696
1.77167
1.7741
1.77667
1.77919
1.78151
1.78353
1.7852
1.78651
1.78748
1.78817
1.78866
1.78906
1.78949
1.79011
1.79105
1.79243
1.79432
1.79673
1.79959
1.80276
1.80607
1.80929
1.81224
1.81474
1.81669
1.81807
1.81896
1.81958
1.8202
1.82114
1.82266
1.82486
1.82764
1.83073
1.83374
1.83625
1.83794
1.83858
1.83805
1.83634
1.83349
1.82958
1.82461
1.81853
1.81117
1.80234
1.79192
1.78008
1.76754
1.75573
1.74672
1.74267
1.74492
1.75336
1.76636
1.78153
1.79655
1.80966
1.81974
1.82623
1.82901
1.82829
1.82461
1.81881
1.81199
1.80544
1.8005
1.7983
1.79947
1.80396
1.81101
1.81944
1.82793
1.83543
1.84122
1.84498
1.84665
1.84639
1.8445
1.84138
1.8375
1.83335
1.82942
1.8261
1.82366
1.82218
1.82161
1.82174
1.82234
1.82313
1.82386
1.82424
1.82403
1.82293
1.82066
1.81697
1.81171
1.80492
1.79694
1.78853
1.78082
1.77502
1.77203
1.77201
1.77436
1.77806
1.78209
1.78577
1.78877
1.79106
1.79275
1.79399
1.79491
1.7956
1.79611
1.79646
1.79661
1.79656
1.79628
1.79575
1.79494
1.79386
1.79252
1.79093
1.78914
1.78718
1.78511
1.78297
1.78077
1.77852
1.77616
1.77357
1.77059
1.76701
1.7626
1.75725
1.751
1.74424
1.73778
1.73269
1.73
1.7302
1.73297
1.73733
1.74209
1.74624
1.74918
1.75066
1.75072
1.74956
1.74742
1.74461
1.74141
1.73813
1.735
1.73226
1.73003
1.72839
1.72732
1.72669
1.72634
1.72601
1.72538
1.72414
1.72194
1.71849
1.71354
1.707
1.69898
1.68988
1.68047
1.67185
1.66536
1.66218
1.6629
1.66727
1.67425
1.68243
1.69058
1.69786
1.7039
1.70866
1.71228
1.71497
1.71693
1.71832
1.71928
1.71988
1.72015
1.72013
1.71983
1.71925
1.71842
1.71735
1.71605
1.71457
1.71295
1.71126
1.7096
1.70811
1.70697
1.70635
1.7064
1.70721
1.70878
1.71099
1.71368
1.71662
1.7196
1.72243
1.72497
1.72713
1.72884
1.73009
1.73083
1.73108
1.73082
1.73007
1.72888
1.72731
1.72549
1.72358
1.72181
1.72043
1.71966
1.71967
1.7205
1.72202
1.72394
1.72584
1.72723
1.72761
1.72667
1.72437
1.72113
1.71793
1.71609
1.71681
1.72053
1.72666
1.73386
1.74066
1.74594
1.74909
1.74997
1.74877
1.74583
1.74159
1.73656
1.7313
1.72637
1.72237
1.71985
1.71922
1.72063
1.72393
1.72864
1.73404
1.73932
1.74374
1.74675
1.74802
1.74747
1.74526
1.74176
1.73753
1.73325
1.72962
1.72724
1.72646
1.72732
1.72948
1.73242
1.73551
1.73823
1.74027
1.74155
1.74219
1.74239
1.74239
1.74234
1.74227
1.74211
1.7417
1.74079
1.739
1.73592
1.73115
1.72464
1.71706
1.7101
1.70615
1.70711
1.71304
1.72186
1.73056
1.73664
1.73888
1.73735
1.73316
1.72808
1.72398
1.72217
1.72289
1.72545
1.72874
1.73184
1.73428
1.73601
1.73717
1.73797
1.73856
1.73904
1.7394
1.73963
1.73969
1.73956
1.7392
1.7386
1.73776
1.73668
1.73537
1.73386
1.73215
1.73026
1.72818
1.72594
1.72353
1.72102
1.7185
1.71609
1.71393
1.71213
1.7107
1.70958
1.70863
1.70767
1.70652
1.70509
1.70336
1.70138
1.69923
1.697
1.69478
1.6926
1.69047
1.68842
1.68652
1.68492
1.68384
1.68351
1.68411
1.68566
1.68808
1.69111
1.69445
1.6978
1.70094
1.7037
1.70602
1.70786
1.70925
1.71022
1.71082
1.71107
1.71101
1.71066
1.71006
1.70921
1.70814
1.70689
1.70551
1.70409
1.70272
1.70152
1.70059
1.70002
1.69983
1.69998
1.70038
1.70086
1.70126
1.70142
1.70121
1.70053
1.69933
1.69754
1.6951
1.6919
1.6878
1.68262
1.6762
1.6685
1.65968
1.65023
1.64105
1.63337
1.62848
1.62731
1.63014
1.63642
1.64505
1.65474
1.66435
1.67308
1.68052
1.68654
1.69123
1.69477
1.69739
1.69931
1.70072
1.70174
1.70246
1.70292
1.70315
1.70316
1.70294
1.70247
1.70173
1.70071
1.6994
1.69782
1.69606
1.69421
1.69246
1.69099
1.68999
1.68962
1.68993
1.69089
1.69239
1.69423
1.69622
1.69815
1.69988
1.70128
1.70227
1.70281
1.70287
1.70244
1.70155
1.70021
1.69847
1.69641
1.6941
1.69162
1.68906
1.68647
1.6839
1.6814
1.67908
1.67712
1.67578
1.67538
1.67618
1.67823
1.6814
1.68533
1.68954
1.69361
1.69717
1.70001
1.70203
1.70319
1.70353
1.70308
1.70191
1.70011
1.69776
1.69499
1.69199
1.68899
1.68625
1.68407
1.68269
1.68227
1.68284
1.68425
1.68622
1.68834
1.69009
1.6909
1.69016
1.68728
1.68183
1.6739
1.66452
1.65597
1.65124
1.65255
1.65979
1.67051
1.6815
1.69033
1.69587
1.69804
1.69735
1.69462
1.69083
1.68698
1.684
1.68262
1.6832
1.68567
1.68965
1.69451
1.69964
1.70451
1.70875
1.71219
1.71475
1.71646
1.71739
1.71764
1.71733
1.71654
1.71541
1.71401
1.71245
1.71078
1.70905
1.70726
1.70535
1.70325
1.70081
1.69793
1.6945
1.69052
1.68612
1.68164
1.67759
1.6746
1.67326
1.67395
1.67668
1.68113
1.68677
1.69303
1.69937
1.70534
1.71054
1.71465
1.71743
1.71882
1.71893
1.71807
1.71673
1.71551
1.71494
1.71542
1.71704
1.71966
1.72296
1.72657
1.73012
1.73337
1.73612
1.73831
1.73988
1.74087
1.74131
1.74125
1.7408
1.74005
1.73914
1.73825
1.73757
1.73728
1.73756
1.73846
1.73995
1.7419
1.74408
1.74628
1.74835
1.75022
1.75198
1.75377
1.75576
1.75804
1.76064
1.76342
1.76619
1.76871
1.77075
1.77214
1.7728
1.77276
1.77212
1.77104
1.76976
1.7685
1.76744
1.76669
1.76631
1.76626
1.76645
1.76675
1.76703
1.76717
1.76706
1.76665
1.76595
1.76505
1.76412
1.7634
1.76313
1.76353
1.7647
1.76656
1.76883
1.77102
1.77247
1.77249
1.77059
1.76677
1.76187
1.75762
1.75615
1.75886
1.76557
1.77457
1.7837
1.79129
1.79654
1.79938
1.80016
1.7994
1.79767
1.79556
1.79358
1.79218
1.79167
1.79219
1.7937
1.79596
1.79864
1.80134
1.80371
1.80543
1.80632
1.80627
1.80528
1.80344
1.80087
1.79779
1.79441
1.79097
1.78768
1.78473
1.78223
1.78027
1.77884
1.7779
1.77736
1.77713
1.7771
1.77717
1.77728
1.77735
1.77736
1.7773
1.77715
1.77691
1.77659
1.77616
1.77561
1.77489
1.77394
1.7727
1.77109
1.76905
1.76651
1.76343
1.75979
1.7556
1.75088
1.74571
1.74014
1.73429
1.72828
1.72226
1.71646
1.71116
1.70669
1.70339
1.70153
1.70124
1.70242
1.70482
1.70799
1.71148
1.71486
1.71782
1.72014
1.72175
1.72262
1.72279
1.72232
1.72131
1.71981
1.7179
1.71566
1.71314
1.71041
1.70754
1.7046
1.70163
1.69869
1.69583
1.69307
1.6904
1.68781
1.6853
1.68285
1.68048
1.67826
1.67628
1.67471
1.67371
1.67345
1.67402
1.67544
1.67761
1.68033
1.68338
1.68653
1.68957
1.69237
1.69482
1.69687
1.69851
1.69972
1.70048
1.70077
1.70058
1.69992
1.69882
1.69737
1.6957
1.69403
1.69254
1.69137
1.69055
1.6899
1.68913
1.68787
1.6858
1.68281
1.67904
1.67498
1.67136
1.66899
1.66849
1.67009
1.67353
1.67829
1.68371
1.68927
1.69463
1.6996
1.7041
1.70803
1.71128
1.71368
1.71504
1.7152
1.71403
1.71147
1.70759
1.70257
1.69678
1.69073
1.68506
1.68039
1.6772
1.67569
1.67576
1.67708
1.67918
1.68161
1.684
1.68607
1.68764
1.68862
1.68898
1.68872
1.68792
1.6867
1.68525
1.68386
1.68285
1.68255
1.68316
1.68469
1.68698
1.6897
1.69246
1.69492
1.69683
1.69803
1.69847
1.69815
1.69715
1.69553
1.69337
1.69074
1.68769
1.68427
1.68046
1.67626
1.67166
1.66664
1.66123
1.6555
1.64963
1.64388
1.63858
1.63414
1.63095
1.62931
1.62933
1.63097
1.63395
1.63791
1.64242
1.64709
1.65161
1.65576
1.6594
1.66249
1.665
1.66695
1.66836
1.66927
1.66967
1.66957
1.66899
1.66792
1.6664
1.66451
1.66235
1.6601
1.65801
1.65633
1.65529
1.65505
1.65565
1.65699
1.65887
1.66103
1.6632
1.66512
1.6666
1.66746
1.66756
1.6668
1.66509
1.66241
1.65887
1.65471
1.65039
1.64652
1.64376
1.64263
1.64326
1.64542
1.64858
1.65213
1.65555
1.65854
1.66097
1.66286
1.66429
1.66536
1.66617
1.66676
1.66714
1.6673
1.66721
1.66682
1.66609
1.66498
1.66347
1.66156
1.6593
1.65675
1.65405
1.65135
1.64885
1.64677
1.64528
1.64448
1.6444
1.64498
1.64608
1.64754
1.64917
1.6508
1.65229
1.65354
1.65448
1.65507
1.6553
1.65515
1.65465
1.65382
1.65272
1.65141
1.64999
1.64857
1.64728
1.64625
1.64559
1.64539
1.6457
1.64654
1.64786
1.6496
1.65168
1.65399
1.65645
1.65896
1.66146
1.66389
1.66621
1.66841
1.67046
1.67236
1.67411
1.67573
1.67721
1.67856
1.67979
1.68089
1.68185
1.68264
1.6832
1.68348
1.68339
1.6828
1.68159
1.6796
1.67667
1.67263
1.66727
1.66034
1.65156
1.6407
1.62798
1.6145
1.60263
1.59553
1.59555
1.60293
1.61579
1.63147
1.6476
1.66243
1.67474
1.68371
1.68889
1.69016
1.68776
1.68241
1.67533
1.66807
1.66211
1.65815
1.65586
1.65421
1.65216
1.64935
1.64623
1.6438
1.64316
1.64498
1.64924
1.65528
1.66207
1.66859
1.67406
1.67803
1.68038
1.68123
1.68084
1.67954
1.67768
1.67554
1.67334
1.67125
1.66936
1.66773
1.66643
1.66551
1.66503
1.66503
1.66553
1.66645
1.66771
1.66916
1.67066
1.67211
1.67347
1.67472
1.67592
1.6771
1.67826
1.67935
1.68029
1.68096
1.68124
1.68104
1.68036
1.67922
1.67774
1.67604
1.67431
1.6727
1.67138
1.67046
1.67002
1.67008
1.67059
1.67145
1.67246
1.67337
1.6738
1.6733
1.67133
1.66724
1.66034
1.65004
1.63619
1.61955
1.60235
1.58811
1.5804
1.5809
1.58853
1.60044
1.61368
1.62627
1.63723
1.64627
1.65347
1.65904
1.66323
1.66625
1.66831
1.66956
1.67017
1.67025
1.66992
1.66929
1.66845
1.66749
1.66649
1.66553
1.66467
1.66395
1.66338
1.66298
1.6627
1.66249
1.66229
1.66203
1.66164
1.6611
1.66038
1.65951
1.65852
1.65748
1.65647
1.65554
1.65474
1.65406
1.65343
1.65276
1.65192
1.65076
1.64915
1.64705
1.64451
1.64171
1.63902
1.63693
1.63592
1.63634
1.63824
1.64142
1.64546
1.64987
1.65423
1.65821
1.66154
1.66402
1.66546
1.66573
1.66478
1.66268
1.65966
1.65613
1.65262
1.64976
1.64811
1.64809
1.64985
1.65327
1.65799
1.6635
1.66922
1.67464
1.67926
1.68272
1.6847
1.685
1.68355
1.68047
1.67617
1.67137
1.66701
1.66402
1.66299
1.66395
1.66642
1.66974
1.67328
1.67669
1.67987
1.6829
1.6859
1.689
1.69224
1.69562
1.69909
1.70254
1.70588
1.70899
1.71178
1.71418
1.71613
1.71761
1.7186
1.7191
1.71904
1.71834
1.71682
1.71426
1.71037
1.70492
1.69779
1.68914
1.67957
1.67016
1.66245
1.65814
1.65852
1.66385
1.67317
1.68471
1.69662
1.70754
1.71674
1.72402
1.7295
1.7335
1.73639
1.73862
1.7406
1.74271
1.74523
1.74831
1.75195
1.75603
1.76034
1.76464
1.76873
1.77247
1.77577
1.77858
1.78093
1.7828
1.78422
1.78518
1.78568
1.7857
1.78529
1.78448
1.78338
1.78216
1.781
1.78008
1.77955
1.77947
1.77979
1.78038
1.78108
1.78171
1.78219
1.78247
1.78259
1.78263
1.78269
1.78286
1.78316
1.78358
1.78405
1.78449
1.78484
1.78507
1.7852
1.78527
1.78532
1.7853
1.78515
1.78474
1.78397
1.78289
1.78176
1.78108
1.78147
1.7834
1.78687
1.79128
1.79552
1.79829
1.79839
1.79503
1.78813
1.77857
1.76848
1.76084
1.75827
1.76164
1.76965
1.77987
1.79009
1.79896
1.80591
1.8108
1.81364
1.81445
1.81323
1.81
1.80491
1.79821
1.79035
1.78192
1.77363
1.76631
1.76096
1.75864
1.76007
1.76521
1.77312
1.78235
1.79146
1.7995
1.80599
1.81084
1.81418
1.81616
1.81696
1.81674
1.81562
1.81374
1.81125
1.80834
1.80522
1.80215
1.79938
1.79713
1.79552
1.79454
1.79409
1.794
1.79404
1.79405
1.79389
1.79349
1.79282
1.79188
1.79064
1.78904
1.78698
1.78435
1.78104
1.77698
1.77214
1.76656
1.76027
1.75332
1.74574
1.73766
1.7295
1.72205
1.71646
1.71397
1.71537
1.72066
1.72899
1.73901
1.74933
1.75889
1.76708
1.77367
1.77868
1.78226
1.78462
1.78594
1.78638
1.78606
1.78512
1.78369
1.78194
1.78007
1.77833
1.77696
1.77617
1.77605
1.77655
1.77748
1.77855
1.77941
1.77973
1.77924
1.77776
1.7752
1.77156
1.76698
1.76166
1.7559
1.74996
1.74407
1.73834
1.73282
1.72762
1.72312
1.71995
1.71879
1.71996
1.72311
1.72726
1.73116
1.73369
1.73422
1.7326
1.72914
1.72449
1.71949
1.71501
1.71179
1.71028
1.71054
1.71224
1.71474
1.71725
1.71906
1.7197
1.71904
1.71745
1.71571
1.71478
1.71553
1.71831
1.72285
1.7284
1.73411
1.73927
1.74345
1.74649
1.7484
1.74927
1.7492
1.74827
1.74654
1.74403
1.74075
1.73672
1.73204
1.72686
1.72151
1.71638
1.71195
1.70864
1.70665
1.70597
1.70631
1.70725
1.70835
1.70927
1.7098
1.70985
1.70949
1.70886
1.70822
1.70783
1.70795
1.70876
1.71032
1.71255
1.71524
1.71813
1.72098
1.72356
1.72572
1.72735
1.72839
1.72881
1.72857
1.72764
1.726
1.72365
1.7206
1.71693
1.71279
1.70839
1.70402
1.69995
1.69641
1.69348
1.69112
1.68919
1.68752
1.686
1.68463
1.68352
1.68288
1.6829
1.68375
1.6855
1.68806
1.69125
1.69475
1.69823
1.70134
1.70379
1.7053
1.70561
1.70444
1.70149
1.69645
1.68916
1.67988
1.66973
1.6608
1.65564
1.65595
1.66149
1.67023
1.67958
1.68761
1.69346
1.69705
1.69873
1.69898
1.69824
1.6969
1.69526
1.69354
1.69192
1.69054
1.68946
1.68874
1.68836
1.68829
1.68846
1.68879
1.68922
1.68966
1.69008
1.69044
1.69073
1.69094
1.69108
1.69118
1.69125
1.69131
1.69141
1.69156
1.69177
1.69207
1.69245
1.6929
1.69341
1.69393
1.69442
1.69483
1.69511
1.69523
1.69515
1.69487
1.69441
1.69383
1.69318
1.69254
1.69201
1.69163
1.69144
1.69143
1.69154
1.69168
1.69172
1.69152
1.691
1.69012
1.68901
1.68788
1.68706
1.68687
1.68751
1.68898
1.6911
1.69355
1.69596
1.69805
1.69962
1.70061
1.70103
1.70092
1.70034
1.69931
1.69782
1.69592
1.69375
1.69161
1.68999
1.68946
1.69048
1.69321
1.69741
1.70256
1.70801
1.71321
1.71778
1.72154
1.72446
1.72661
1.7281
1.72905
1.72959
1.72979
1.72972
1.72939
1.72878
1.72785
1.72652
1.72477
1.72262
1.7202
1.71775
1.71564
1.71425
1.71385
1.71451
1.71602
1.71793
1.7197
1.72084
1.72107
1.72042
1.71921
1.71808
1.71774
1.71875
1.72133
1.72527
1.73005
1.73503
1.73968
1.74364
1.74679
1.74917
1.75093
1.75227
1.75341
1.75453
1.75577
1.75721
1.75887
1.76072
1.7627
1.7647
1.76664
1.7684
1.76991
1.77112
1.77198
1.77249
1.77265
1.77251
1.77211
1.77151
1.77079
1.77001
1.76923
1.76852
1.76791
1.76743
1.76709
1.76689
1.76681
1.7668
1.76684
1.76684
1.76675
1.76648
1.76594
1.76504
1.76366
1.76171
1.75911
1.75578
1.75171
1.74697
1.74172
1.73627
1.73105
1.72661
1.72347
1.72207
1.72258
1.72489
1.72865
1.73336
1.7385
1.74366
1.74853
1.75293
1.75675
1.75993
1.7624
1.7641
1.76496
1.76489
1.76383
1.76171
1.75849
1.75418
1.74887
1.74274
1.73613
1.72945
1.72321
1.71792
1.714
1.71172
1.71117
1.71224
1.71467
1.7181
1.72211
1.72635
1.7305
1.73433
1.7377
1.7405
1.74271
1.74431
1.74535
1.74588
1.74597
1.74573
1.74527
1.74469
1.7441
1.74357
1.74316
1.74287
1.74272
1.74267
1.74271
1.74285
1.74308
1.74342
1.74391
1.74453
1.74526
1.74605
1.74682
1.74748
1.74793
1.74807
1.74784
1.74717
1.74603
1.7444
1.74233
1.73988
1.73715
1.7343
1.73155
1.7291
1.72717
1.72596
1.72558
1.72612
1.72758
1.7299
1.73292
1.73634
1.73979
1.74284
1.74514
1.74645
1.74671
1.74606
1.74479
1.74334
1.74222
1.74192
1.74285
1.74521
1.74893
1.75368
1.759
1.76436
1.76928
1.77342
1.77655
1.77857
1.77944
1.77917
1.77777
1.77522
1.77146
1.76641
1.75994
1.75203
1.74285
1.7329
1.72313
1.71484
1.7094
1.70785
1.71047
1.71675
1.72555
1.73558
1.74569
1.75505
1.76318
1.76986
1.77504
1.77879
1.7812
1.78242
1.78258
1.78185
1.78038
1.77835
1.77594
1.77334
1.77075
1.76833
1.7662
1.76446
1.76311
1.76212
1.76137
1.76075
1.7601
1.75929
1.75822
1.75687
1.75527
1.75353
1.75185
1.75043
1.74949
1.74916
1.74952
1.75052
1.752
1.75379
1.75566
1.75747
1.75908
1.76045
1.76159
1.76251
1.76325
1.76383
1.76424
1.76446
1.76447
1.76422
1.76371
1.7629
1.76178
1.76038
1.75869
1.75675
1.75459
1.75226
1.74983
1.74738
1.74497
1.74267
1.74055
1.73861
1.73682
1.73513
1.73342
1.73158
1.72948
1.72704
1.72424
1.72115
1.71798
1.715
1.71258
1.71103
1.71055
1.71116
1.71268
1.71477
1.71706
1.71919
1.72093
1.72211
1.72267
1.72262
1.72203
1.72098
1.71961
1.71804
1.71644
1.71494
1.71371
1.71287
1.71251
1.71266
1.71333
1.71447
1.71601
1.71788
1.71999
1.72227
1.72466
1.72709
1.7295
1.7318
1.7339
1.73566
1.73693
1.73752
1.73724
1.73592
1.73344
1.72977
1.72506
1.7196
1.71384
1.70827
1.70329
1.69912
1.69586
1.69349
1.69201
1.69141
1.69167
1.69272
1.69454
1.69708
1.70038
1.70443
1.70922
1.71463
1.72051
1.72663
1.7328
1.73884
1.7446
1.74996
1.75486
1.75921
1.76295
1.76603
1.76837
1.7699
1.77055
1.77027
1.76902
1.7668
1.76367
1.75978
1.75538
1.75082
1.74653
1.74297
1.74056
1.73961
1.74026
1.74242
1.74585
1.75016
1.75487
1.75948
1.76355
1.7667
1.76866
1.76926
1.76845
1.76626
1.76282
1.75828
1.75283
1.74667
1.73997
1.73289
1.72562
1.71839
1.71146
1.70516
1.69989
1.69615
1.69454
1.69569
1.69996
1.70714
1.71635
1.72638
1.7362
1.74528
1.75367
1.76164
1.7693
1.77639
1.78239
1.78672
1.78895
1.78894
1.78677
1.78272
1.77718
1.77064
1.76361
1.75664
1.75024
1.74491
1.74107
1.73899
1.73872
1.74005
1.74251
1.74556
1.74867
1.75144
1.75362
1.75511
1.75589
1.75604
1.75562
1.75472
1.75345
1.75188
1.75012
1.74823
1.74631
1.74445
1.74272
1.7412
1.73994
1.73897
1.73832
1.73796
1.73787
1.738
1.73833
1.73884
1.73953
1.74041
1.74148
1.74272
1.7441
1.74556
1.74703
1.74843
1.74969
1.75074
1.75149
1.75184
1.75168
1.75085
1.74922
1.74664
1.74309
1.73866
1.73362
1.72845
1.72373
1.71994
1.71733
1.71583
1.71509
1.71473
1.71451
1.71439
1.71456
1.71526
1.71675
1.71916
1.72246
1.72647
1.73092
1.7355
1.73991
1.74394
1.74742
1.75027
1.75247
1.75405
1.75507
1.75559
1.75568
1.75539
1.75478
1.75389
1.75279
1.75153
1.75018
1.74884
1.74758
1.74645
1.74548
1.74465
1.7439
1.74316
1.74237
1.74151
1.74059
1.7397
1.73894
1.73849
1.73848
1.73903
1.74022
1.74201
1.74434
1.74704
1.74992
1.75274
1.75525
1.75714
1.75809
1.75772
1.75567
1.75162
1.74547
1.7375
1.7286
1.72032
1.71459
1.71305
1.71631
1.72361
1.73326
1.74336
1.75248
1.75981
1.76509
1.76845
1.77019
1.77068
1.77025
1.76919
1.76769
1.76593
1.76398
1.7619
1.75974
1.75755
1.75542
1.7535
1.75199
1.75112
1.75106
1.75186
1.75333
1.75511
1.75666
1.75744
1.75697
1.75496
1.75133
1.74623
1.7401
1.73365
1.72773
1.72319
1.7207
1.72051
1.72248
1.72615
1.73094
1.73633
1.74188
1.74729
1.75236
1.75695
1.76095
1.76427
1.76688
1.76875
1.76988
1.77028
1.76995
1.76892
1.76721
1.76485
1.7619
1.75842
1.75448
1.75019
1.74565
1.74101
1.73644
1.73215
1.7284
1.72551
1.72377
1.72342
1.72453
1.72697
1.73042
1.73443
1.73855
1.74234
1.74547
1.7477
1.74882
1.7487
1.74716
1.74404
1.73916
1.73237
1.72356
1.71285
1.70072
1.68823
1.67704
1.66909
1.66591
1.66782
1.67378
1.68196
1.69051
1.69814
1.70421
1.70857
1.71141
1.71307
1.71399
1.71458
1.71521
1.7161
1.71733
1.71888
1.72061
1.72238
1.72403
1.72546
1.72661
1.72746
1.72802
1.72831
1.72835
1.72808
1.72743
1.72622
1.72418
1.72095
1.71608
1.70915
1.69982
1.6882
1.67512
1.66245
1.65282
1.64866
1.65083
1.65817
1.66824
1.67861
1.68769
1.69479
1.69984
1.70309
1.70486
1.70548
1.70522
1.70431
1.70299
1.70151
1.70014
1.69916
1.69883
1.69931
1.70065
1.70277
1.70547
1.70848
1.71151
1.71427
1.71651
1.71797
1.71839
1.7175
1.71499
1.71061
1.70426
1.69618
1.68714
1.6785
1.67188
1.66853
1.66866
1.67144
1.67551
1.67974
1.68354
1.68687
1.69
1.69324
1.69682
1.70081
1.70516
1.70973
1.71433
1.71878
1.72291
1.72653
1.72947
1.73155
1.73259
1.73243
1.73097
1.72819
1.72421
1.71931
1.7139
1.70851
1.7036
1.69955
1.69651
1.69451
1.69343
1.69319
1.69376
1.69517
1.69748
1.70069
1.70472
1.70939
1.71445
1.71959
1.7245
1.7289
1.73258
1.7354
1.73732
1.73838
1.7387
1.73844
1.7378
1.73696
1.73615
1.73552
1.73524
1.73541
1.73608
1.73726
1.7389
1.74093
1.74324
1.74569
1.74818
1.75056
1.75275
1.75467
1.75629
1.75762
1.75873
1.75972
1.76071
1.7618
1.76303
1.76435
1.76562
1.76663
1.76712
1.76683
1.76554
1.76313
1.75961
1.75515
1.75012
1.74503
1.74045
1.73686
1.73455
1.73354
1.73363
1.7345
1.73585
1.73743
1.73912
1.74085
1.74263
1.7445
1.74649
1.74865
1.75097
1.75342
1.75594
1.75843
1.76074
1.76273
1.76429
1.76529
1.76567
1.76542
1.7646
1.7633
1.7617
1.76
1.75844
1.75721
1.75648
1.75633
1.75677
1.75769
1.75896
1.76041
1.76187
1.76321
1.76436
1.76529
1.76599
1.76651
1.7669
1.7672
1.76746
1.76768
1.76785
1.76793
1.76781
1.76738
1.76645
1.76484
1.76231
1.75867
1.7538
1.74777
1.74096
1.73416
1.72848
1.72506
1.72461
1.72704
1.73151
1.73679
1.74177
1.74562
1.74791
1.74845
1.74718
1.74414
1.73941
1.73318
1.72584
1.71801
1.71058
1.7045
1.70056
1.69905
1.69978
1.70213
1.70543
1.70908
1.7127
1.71604
1.719
1.72157
1.7238
1.72579
1.72762
1.72935
1.73094
1.7323
1.7333
1.73376
1.73354
1.73253
1.73068
1.72801
1.72466
1.72085
1.71696
1.71341
1.71063
1.70894
1.70849
1.70917
1.71068
1.71262
1.71457
1.71621
1.71733
1.71781
1.71765
1.71697
1.71591
1.71469
1.71351
1.71258
1.71202
1.71191
1.71224
1.71293
1.71386
1.71489
1.71587
1.71669
1.71727
1.71756
1.71753
1.71721
1.71661
1.71577
1.71474
1.71355
1.71224
1.71084
1.70943
1.70809
1.70692
1.70609
1.70575
1.70603
1.70703
1.70879
1.71125
1.71426
1.71763
1.72115
1.72461
1.72785
1.73076
1.7333
1.73546
1.73729
1.73884
1.74019
1.74144
1.74268
1.74396
1.74534
1.74686
1.74851
1.75028
1.75212
1.75398
1.75578
1.75747
1.75899
1.76026
1.76126
1.76193
1.76225
1.76221
1.7618
1.76105
1.75999
1.75868
1.7572
1.75567
1.75421
1.75297
1.75209
1.75171
1.75193
1.75281
1.75437
1.75654
1.7592
1.76213
1.76505
1.76759
1.76934
1.76991
1.76892
1.76608
1.76122
1.75441
1.74599
1.73668
1.72756
1.71995
1.71508
1.71377
1.71621
1.72198
1.73023
1.74001
1.75039
1.76066
1.77028
1.77886
1.78617
1.79204
1.79635
1.79904
1.80004
1.79933
1.79693
1.79293
1.78756
1.78118
1.77429
1.76745
1.76121
1.75594
1.75183
1.74883
1.74674
1.74525
1.74399
1.74265
1.74094
1.73872
1.73598
1.73289
1.72978
1.72705
1.72515
1.72437
1.72483
1.72639
1.72877
1.73159
1.73454
1.73738
1.74
1.74237
1.74454
1.74654
1.74844
1.75024
1.75196
1.75356
1.75501
1.75626
1.75727
1.75798
1.75834
1.7583
1.75781
1.75676
1.75508
1.75263
1.7493
1.74494
1.73946
1.7328
1.72501
1.7163
1.70709
1.69799
1.68976
1.6832
1.67896
1.6774
1.67849
1.68188
1.68696
1.69306
1.69951
1.70581
1.71157
1.71659
1.72075
1.72403
1.72647
1.72815
1.72915
1.72957
1.7295
1.72906
1.72834
1.72742
1.7264
1.72536
1.72438
1.72353
1.72288
1.7225
1.72244
1.72273
1.7234
1.72443
1.72578
1.72737
1.72913
1.73094
1.73271
1.73435
1.73577
1.73692
1.73776
1.73829
1.73851
1.73847
1.73825
1.73794
1.73761
1.73732
1.73707
1.73678
1.7363
1.73539
1.73378
1.73126
1.72774
1.72332
1.71841
1.71367
1.70985
1.7075
1.70679
1.70745
1.709
1.71108
1.71361
1.71676
1.72077
1.72564
1.73113
1.73675
1.74203
1.7466
1.7503
1.75314
1.75527
1.75688
1.75819
1.75937
1.76056
1.76185
1.76326
1.76476
1.76631
1.76782
1.76922
1.7704
1.77131
1.77188
1.77208
1.7719
1.77136
1.77051
1.76943
1.76821
1.76697
1.76582
1.76489
1.76423
1.7639
1.76389
1.76413
1.76455
1.76501
1.76539
1.76556
1.76543
1.76492
1.76401
1.76268
1.76099
1.75898
1.75674
1.75433
1.75185
1.74938
1.74701
1.74487
1.74311
1.74188
1.74136
1.74168
1.74291
1.74505
1.74799
1.75153
1.75542
1.75938
1.76311
1.76635
1.76886
1.77047
1.77103
1.77043
1.76859
1.76546
1.76108
1.75551
1.74896
1.74174
1.73428
1.72709
1.72069
1.71548
1.71169
1.70931
1.70819
1.708
1.70838
1.70901
1.70965
1.71023
1.71082
1.71164
1.71292
1.71483
1.71741
1.72055
1.72401
1.72753
1.73088
1.73389
1.73645
1.73854
1.74018
1.7414
1.74228
1.74285
1.74318
1.74331
1.74328
1.74312
1.74284
1.74244
1.74193
1.74128
1.74045
1.73938
1.73798
1.73612
1.7336
1.73017
1.7255
1.71921
1.71092
1.70047
1.68813
1.67493
1.66271
1.65358
1.64895
1.64867
1.65125
1.6549
1.65843
1.66153
1.66448
1.66765
1.67125
1.67518
1.67918
1.68293
1.68624
1.68913
1.69184
1.69476
1.6983
1.70274
1.70807
1.71406
1.72025
1.72619
1.73149
1.73587
1.73924
1.74156
1.74291
1.74338
1.74312
1.74229
1.74108
1.73969
1.73835
1.73726
1.73657
1.73639
1.73671
1.73746
1.7385
1.73968
1.74085
1.74188
1.74269
1.74326
1.74358
1.7437
1.74365
1.7435
1.7433
1.74308
1.74285
1.74259
1.74222
1.74162
1.7406
1.73892
1.7363
1.73245
1.72712
1.72019
1.71184
1.70261
1.69354
1.68598
1.68124
1.68005
1.68228
1.68695
1.69277
1.69864
1.704
1.70887
1.71358
