1.31816
1.31816
1.31816
1.31816
1.31816
1.31816
1.31816
1.31816
1.31816
1.31816
1.31816
1.31816
1.31816
1.31815
1.31815
1.31813
1.31812
1.31811
1.31809
1.31808
1.31807
1.31804
1.31802
1.318
1.31798
1.31796
1.31794
1.31791
1.31789
1.31786
1.31785
1.31783
1.31781
1.31778
1.31776
1.31775
1.31773
1.31771
1.31768
1.31766
1.31765
1.31764
1.31762
1.3176
1.31757
1.31756
1.31757
1.31756
1.31755
1.31754
1.31753
1.31752
1.31752
1.31751
1.3175
1.31749
1.31748
1.31748
1.31747
1.31745
1.31745
1.31745
1.31745
1.31744
1.31744
1.31743
1.31743
1.31743
1.31742
1.31741
1.31742
1.31741
1.31739
1.31739
1.31738
1.31737
1.31736
1.31736
1.31736
1.31735
1.31735
1.31733
1.31732
1.31732
1.3173
1.31729
1.31728
1.31727
1.31727
1.31725
1.31725
1.31724
1.31724
1.31723
1.31722
1.31722
1.31721
1.3172
1.31719
1.31719
1.3172
1.31722
1.31723
1.31727
1.31731
1.31737
1.31743
1.31748
1.31752
1.31752
1.31746
1.31734
1.31717
1.31697
1.3168
1.31668
1.31662
1.31662
1.31666
1.31673
1.31682
1.31692
1.31701
1.31711
1.31723
1.31735
1.31747
1.31758
1.31768
1.31773
1.31773
1.31768
1.31757
1.31742
1.31725
1.31708
1.31692
1.31677
1.31662
1.31649
1.31641
1.3164
1.31645
1.31657
1.31669
1.31683
1.31695
1.31705
1.31712
1.31715
1.31718
1.3172
1.31724
1.31731
1.31739
1.31746
1.31751
1.31754
1.31751
1.31747
1.3174
1.31733
1.31727
1.31722
1.31717
1.31712
1.31706
1.31701
1.31694
1.31686
1.31678
1.31671
1.31666
1.3166
1.31657
1.31655
1.31655
1.31658
1.3166
1.31665
1.31671
1.31679
1.31688
1.31697
1.31707
1.31717
1.31725
1.31734
1.31741
1.31749
1.31756
1.31764
1.31772
1.31779
1.31786
1.31792
1.31792
1.31786
1.31777
1.31769
1.31767
1.31772
1.31779
1.31775
1.31751
1.31709
1.31661
1.31628
1.31615
1.31623
1.31641
1.3166
1.31677
1.31688
1.31696
1.31699
1.317
1.317
1.31699
1.31698
1.31696
1.31694
1.31693
1.31693
1.31693
1.31695
1.31699
1.31704
1.31713
1.31721
1.31731
1.31742
1.31752
1.31762
1.31769
1.31773
1.31772
1.31765
1.31756
1.31743
1.31729
1.31716
1.31705
1.31698
1.31696
1.31697
1.31701
1.31706
1.31712
1.31718
1.31721
1.31722
1.31721
1.31719
1.31716
1.31714
1.31715
1.31716
1.31721
1.31727
1.31735
1.31746
1.31757
1.31769
1.31781
1.31791
1.31797
1.318
1.31797
1.31787
1.31774
1.31758
1.31742
1.31727
1.31715
1.31704
1.31696
1.31688
1.3168
1.3167
1.31661
1.31654
1.31652
1.31656
1.31665
1.31678
1.31692
1.31708
1.31725
1.31741
1.31755
1.31764
1.31765
1.31757
1.31739
1.31716
1.31695
1.31679
1.31673
1.31676
1.31684
1.31693
1.31702
1.31712
1.31719
1.31724
1.31728
1.31731
1.31733
1.31735
1.31736
1.31739
1.31741
1.31743
1.31744
1.31743
1.3174
1.31737
1.31734
1.31733
1.31737
1.31744
1.31756
1.31768
1.31779
1.31788
1.31789
1.3178
1.31761
1.31738
1.31712
1.31691
1.31677
1.3167
1.31669
1.31673
1.3168
1.31688
1.31696
1.31704
1.31711
1.31717
1.31722
1.31728
1.31735
1.31741
1.31748
1.31754
1.31758
1.31759
1.31754
1.31745
1.31731
1.31715
1.31701
1.3169
1.31686
1.31687
1.31693
1.31701
1.31708
1.31717
1.31725
1.31734
1.3174
1.31746
1.31753
1.31758
1.31763
1.31766
1.31765
1.31761
1.31753
1.3174
1.31729
1.31715
1.31705
1.317
1.31699
1.31701
1.31703
1.31705
1.31705
1.31702
1.31696
1.31692
1.31689
1.31688
1.31691
1.31695
1.31701
1.31707
1.31713
1.31718
1.3172
1.3172
1.31717
1.31714
1.31708
1.31702
1.31697
1.31693
1.31691
1.31692
1.31694
1.31696
1.31698
1.31702
1.31705
1.31707
1.31711
1.31714
1.31714
1.31715
1.31715
1.31715
1.31714
1.31711
1.31711
1.31711
1.31713
1.31717
1.31722
1.31728
1.31735
1.31741
1.31746
1.3175
1.31752
1.31751
1.31745
1.31735
1.31723
1.31707
1.31689
1.31672
1.31658
1.3165
1.31646
1.31647
1.31651
1.31658
1.31666
1.31673
1.31678
1.31684
1.31687
1.3169
1.31693
1.31696
1.31698
1.31701
1.31704
1.31707
1.31711
1.31716
1.31721
1.31726
1.31731
1.31736
1.31739
1.3174
1.3174
1.31736
1.3173
1.31725
1.3172
1.31716
1.31712
1.31707
1.31703
1.31696
1.31687
1.31679
1.31671
1.31665
1.31662
1.31663
1.31669
1.31676
1.31684
1.31693
1.31701
1.31708
1.31714
1.31718
1.3172
1.31722
1.31723
1.31723
1.31722
1.31721
1.31719
1.31717
1.31715
1.31716
1.31716
1.31719
1.31722
1.31729
1.31736
1.31744
1.31752
1.31759
1.31765
1.31768
1.31768
1.31766
1.31763
1.31759
1.31755
1.31753
1.31752
1.31751
1.3175
1.31748
1.31742
1.31732
1.31715
1.31691
1.31662
1.31634
1.3161
1.31599
1.31597
1.31604
1.31617
1.31632
1.31647
1.31661
1.31675
1.31686
1.31696
1.31707
1.31716
1.31725
1.31735
1.31744
1.31754
1.31765
1.31775
1.31783
1.31786
1.31783
1.3177
1.31748
1.31724
1.31697
1.31677
1.31665
1.31661
1.31663
1.31668
1.31675
1.31682
1.31687
1.31691
1.31695
1.31697
1.31698
1.31699
1.31698
1.31698
1.31698
1.31699
1.317
1.31701
1.31704
1.31706
1.31709
1.31713
1.31717
1.31718
1.31719
1.31719
1.3172
1.31721
1.31724
1.3173
1.3174
1.31753
1.31765
1.31773
1.31774
1.3176
1.31733
1.31698
1.31662
1.31633
1.31617
1.31613
1.31619
1.31631
1.31646
1.31664
1.31682
1.317
1.31717
1.31733
1.31749
1.31764
1.31778
1.31789
1.31798
1.31804
1.31803
1.31795
1.3178
1.31757
1.31729
1.31699
1.31672
1.31652
1.31643
1.31644
1.31655
1.31668
1.31683
1.31693
1.31697
1.31697
1.31694
1.31692
1.3169
1.31693
1.31698
1.31704
1.31711
1.31717
1.31723
1.31728
1.31733
1.31735
1.31735
1.31732
1.31727
1.3172
1.31713
1.31705
1.31697
1.31692
1.31688
1.31687
1.31688
1.31691
1.31697
1.31704
1.31714
1.31726
1.31739
1.31751
1.31763
1.31772
1.31777
1.31777
1.3177
1.3176
1.31749
1.3174
1.31735
1.31734
1.31737
1.31739
1.3174
1.31739
1.31737
1.31732
1.31727
1.31723
1.3172
1.31721
1.31724
1.31728
1.31735
1.31741
1.31746
1.31749
1.31749
1.31747
1.31745
1.31741
1.31736
1.31732
1.31728
1.31725
1.31722
1.31719
1.31717
1.31715
1.31713
1.31711
1.3171
1.3171
1.3171
1.31711
1.31712
1.31714
1.31717
1.3172
1.31723
1.31725
1.31728
1.3173
1.31732
1.31733
1.31733
1.31734
1.31734
1.31734
1.31734
1.31735
1.31736
1.31737
1.31739
1.31742
1.31746
1.3175
1.31757
1.31766
1.31776
1.31785
1.31793
1.31797
1.31793
1.31779
1.31755
1.31726
1.31698
1.31676
1.31663
1.31659
1.31662
1.31667
1.31675
1.31681
1.31688
1.31694
1.31699
1.31703
1.31707
1.3171
1.31713
1.31716
1.31718
1.3172
1.31722
1.31724
1.31727
1.31728
1.31728
1.3173
1.31731
1.31732
1.31732
1.3173
1.31726
1.31721
1.31714
1.31708
1.31701
1.31694
1.31691
1.3169
1.31691
1.31694
1.31699
1.31705
1.31712
1.31718
1.31724
1.31733
1.31739
1.31744
1.3175
1.31752
1.31753
1.31751
1.31748
1.31743
1.31735
1.31727
1.31717
1.31706
1.31696
1.31687
1.3168
1.31676
1.31675
1.31677
1.31682
1.31688
1.31696
1.31704
1.31712
1.31722
1.31729
1.31735
1.31739
1.31741
1.31741
1.31737
1.31732
1.31724
1.31716
1.31708
1.31701
1.31696
1.31693
1.31691
1.31691
1.31691
1.31692
1.31694
1.31697
1.31699
1.31701
1.31704
1.31707
1.3171
1.31711
1.31714
1.31716
1.31718
1.31721
1.31722
1.31724
1.31724
1.31724
1.31723
1.31721
1.31717
1.31714
1.31711
1.3171
1.31712
1.31716
1.31723
1.31737
1.31752
1.31768
1.31782
1.3179
1.31788
1.31773
1.31746
1.31713
1.31684
1.31664
1.31656
1.31653
1.31655
1.31657
1.31661
1.31665
1.3167
1.31677
1.31685
1.31694
1.31702
1.31707
1.31709
1.31708
1.31705
1.31701
1.31697
1.31695
1.31695
1.31696
1.317
1.31704
1.3171
1.31716
1.31721
1.31726
1.3173
1.31734
1.31737
1.3174
1.31742
1.31743
1.31745
1.31747
1.31749
1.3175
1.31748
1.31743
1.31735
1.31723
1.31711
1.317
1.31692
1.31691
1.31698
1.3171
1.31726
1.31744
1.3176
1.3177
1.31771
1.31764
1.31749
1.31728
1.31704
1.31681
1.31662
1.3165
1.31645
1.31645
1.3165
1.31659
1.31669
1.31682
1.31692
1.31702
1.31709
1.31715
1.31718
1.3172
1.31719
1.31719
1.31717
1.31715
1.31713
1.31712
1.31711
1.31709
1.31709
1.31709
1.3171
1.31712
1.31713
1.31713
1.31714
1.31717
1.31718
1.31721
1.31724
1.31725
1.31729
1.31732
1.31736
1.31741
1.31747
1.31752
1.31757
1.31761
1.31763
1.31762
1.31759
1.3175
1.31737
1.31722
1.31704
1.31688
1.31676
1.31669
1.31665
1.31666
1.3167
1.31675
1.31681
1.31689
1.31697
1.31705
1.31713
1.3172
1.31726
1.31731
1.31734
1.31736
1.31735
1.31732
1.31727
1.31721
1.31716
1.31711
1.31706
1.31701
1.31697
1.31694
1.31692
1.3169
1.3169
1.31689
1.3169
1.3169
1.31692
1.31694
1.31696
1.31699
1.31702
1.31705
1.31709
1.31712
1.31715
1.31718
1.31721
1.31723
1.31725
1.31726
1.31729
1.31731
1.31734
1.31739
1.31743
1.3175
1.31756
1.31762
1.31766
1.31766
1.31763
1.31756
1.31745
1.31732
1.31718
1.31707
1.31699
1.31696
1.31697
1.31701
1.31706
1.31714
1.3172
1.31723
1.31723
1.31719
1.31714
1.31706
1.31699
1.31692
1.31688
1.31687
1.31689
1.31693
1.31699
1.31704
1.31712
1.31719
1.31727
1.31735
1.3174
1.31744
1.31748
1.3175
1.31752
1.31749
1.31747
1.31745
1.31744
1.31744
1.31745
1.31748
1.31753
1.3176
1.31767
1.31773
1.31778
1.31781
1.31779
1.31774
1.31763
1.31749
1.31733
1.31716
1.31701
1.3169
1.31681
1.31676
1.31675
1.31676
1.31678
1.3168
1.31683
1.31686
1.31689
1.31692
1.31695
1.317
1.31702
1.31706
1.31709
1.31712
1.31714
1.31717
1.31719
1.31722
1.31725
1.31728
1.31732
1.31737
1.31742
1.31747
1.31753
1.3176
1.31765
1.3177
1.31773
1.31775
1.31775
1.31773
1.31768
1.31761
1.31752
1.31742
1.31733
1.31724
1.31715
1.31707
1.31699
1.31691
1.31682
1.31673
1.31665
1.31658
1.31656
1.31658
1.31664
1.31673
1.31685
1.31699
1.31712
1.31724
1.31738
1.3175
1.31762
1.31773
1.31784
1.31791
1.31796
1.31796
1.31791
1.3178
1.31764
1.31745
1.31723
1.317
1.3168
1.31664
1.31654
1.3165
1.31651
1.31657
1.31664
1.31674
1.31683
1.31693
1.31702
1.3171
1.31718
1.31725
1.31732
1.31737
1.31741
1.31745
1.31745
1.31744
1.31742
1.31739
1.31736
1.31731
1.31727
1.31722
1.31717
1.31712
1.31709
1.31706
1.31704
1.31703
1.31705
1.31707
1.31712
1.31718
1.31726
1.31733
1.31741
1.31747
1.31751
1.31753
1.31755
1.31753
1.31748
1.31743
1.31737
1.31731
1.31725
1.31717
1.31708
1.31699
1.31693
1.31688
1.31689
1.31695
1.31704
1.31714
1.31722
1.31724
1.31721
1.3171
1.31696
1.31681
1.3167
1.31666
1.31668
1.31675
1.31686
1.31697
1.31707
1.31718
1.31726
1.31732
1.31736
1.31737
1.31736
1.3173
1.31724
1.31717
1.3171
1.31703
1.31698
1.31696
1.31696
1.31698
1.31703
1.31711
1.31722
1.31732
1.31739
1.31742
1.31739
1.31729
1.31712
1.31695
1.3168
1.31672
1.31671
1.31675
1.31682
1.31691
1.31697
1.31702
1.31705
1.31706
1.31706
1.31704
1.317
1.31696
1.31692
1.31687
1.31684
1.31681
1.3168
1.31679
1.3168
1.31681
1.31683
1.31687
1.31692
1.31697
1.31704
1.31711
1.3172
1.31731
1.31742
1.31757
1.31772
1.31788
1.31802
1.31815
1.31824
1.31825
1.31815
1.31793
1.31758
1.31711
1.31659
1.31609
1.31572
1.31551
1.31547
1.31558
1.31578
1.31602
1.31627
1.31652
1.31675
1.31694
1.31713
1.31729
1.31743
1.31756
1.31764
1.31768
1.31766
1.31755
1.31737
1.31717
1.31698
1.31684
1.31675
1.31673
1.31676
1.31683
1.31689
1.31697
1.31703
1.31709
1.31713
1.31716
1.31718
1.31719
1.31719
1.3172
1.3172
1.31721
1.31723
1.31727
1.31731
1.31735
1.31737
1.31738
1.31734
1.31725
1.31715
1.31701
1.31687
1.31676
1.31668
1.31663
1.31661
1.31663
1.31668
1.31673
1.31678
1.31684
1.31689
1.31694
1.31697
1.317
1.31702
1.31705
1.31708
1.31714
1.31719
1.31722
1.31725
1.31727
1.31727
1.31725
1.31723
1.3172
1.31715
1.31711
1.31705
1.31701
1.31698
1.31696
1.31697
1.31698
1.317
1.31704
1.31708
1.31711
1.31714
1.31715
1.31714
1.31713
1.31711
1.31707
1.31704
1.31701
1.31699
1.31698
1.31697
1.31699
1.31701
1.31703
1.31705
1.31706
1.31708
1.31708
1.31708
1.31708
1.31707
1.31706
1.31707
1.31708
1.3171
1.31712
1.31712
1.31711
1.31707
1.31701
1.31694
1.31687
1.31681
1.31677
1.31677
1.31679
1.31686
1.31695
1.31708
1.31724
1.31741
1.3176
1.31776
1.31785
1.31782
1.31762
1.31728
1.3169
1.31656
1.31637
1.31633
1.31644
1.31661
1.31678
1.31688
1.31692
1.31689
1.31687
1.3169
1.31702
1.3172
1.31739
1.31753
1.31755
1.3174
1.31711
1.31675
1.31645
1.31627
1.31625
1.31634
1.3165
1.31668
1.31687
1.31704
1.3172
1.31734
1.31746
1.31755
1.3176
1.31761
1.31756
1.31744
1.31731
1.31719
1.31712
1.3171
1.31713
1.3172
1.3173
1.31738
1.31744
1.31746
1.31743
1.31736
1.31728
1.31719
1.31712
1.31706
1.31701
1.31693
1.31683
1.31676
1.31671
1.3167
1.31672
1.31678
1.31687
1.31696
1.31704
1.31711
1.31716
1.3172
1.31723
1.31723
1.31723
1.31722
1.3172
1.31719
1.31717
1.31717
1.31716
1.31716
1.31716
1.31716
1.31716
1.31718
1.31718
1.31719
1.31721
1.31723
1.31727
1.3173
1.31734
1.31737
1.31739
1.31738
1.31734
1.31725
1.31714
1.31702
1.3169
1.31681
1.31675
1.31674
1.31676
1.3168
1.31685
1.31691
1.31695
1.317
1.31703
1.31706
1.31707
1.31708
1.31708
1.31709
1.3171
1.3171
1.31711
1.31712
1.31715
1.31718
1.31721
1.31724
1.3173
1.31735
1.31739
1.31744
1.31747
1.31748
1.3175
1.31748
1.31746
1.31742
1.31736
1.3173
1.31725
1.3172
1.31712
1.317
1.31685
1.31667
1.31651
1.31639
1.31633
1.31634
1.31641
1.31652
1.31663
1.31676
1.31687
1.31695
1.31702
1.31706
1.31708
1.31708
1.31707
1.31706
1.31704
1.31702
1.317
1.31699
1.31699
1.317
1.317
1.31702
1.31703
1.31706
1.31708
1.3171
1.31712
1.31714
1.31715
1.31717
1.3172
1.31724
1.31727
1.31732
1.31736
1.31741
1.31746
1.31748
1.31749
1.31747
1.31741
1.31732
1.31719
1.31704
1.31688
1.31675
1.31663
1.31654
1.3165
1.31647
1.31647
1.31649
1.31653
1.31659
1.31667
1.31677
1.31688
1.31699
1.3171
1.3172
1.31728
1.31733
1.31736
1.31738
1.31737
1.31734
1.31728
1.31722
1.31715
1.31706
1.31693
1.31681
1.3167
1.3166
1.31656
1.31656
1.31663
1.31673
1.31687
1.31701
1.31714
1.31727
1.31738
1.31746
1.31751
1.31752
1.3175
1.31745
1.31735
1.31722
1.31704
1.31686
1.31668
1.31655
1.31648
1.31648
1.31653
1.31663
1.31674
1.31687
1.31699
1.31709
1.31718
1.31726
1.31735
1.31744
1.31755
1.31766
1.31775
1.31781
1.31782
1.31781
1.31777
1.31778
1.31787
1.31803
1.31819
1.31823
1.31802
1.31754
1.31693
1.31638
1.316
1.31582
1.31579
1.31587
1.31606
1.31632
1.31661
1.31688
1.31709
1.3172
1.31716
1.31699
1.31673
1.31652
1.31646
1.3166
1.31692
1.31739
1.31794
1.31846
1.31884
1.31888
1.31846
1.31772
1.31697
1.31653
1.31643
1.31656
1.31675
1.31692
1.31703
1.31709
1.3171
1.31708
1.31703
1.31695
1.31689
1.31686
1.31688
1.31697
1.31709
1.31723
1.31736
1.31746
1.31751
1.31752
1.3175
1.31743
1.31736
1.31731
1.31727
1.31723
1.31719
1.31714
1.31712
1.31711
1.31709
1.3171
1.31712
1.31714
1.31717
1.3172
1.31722
1.31722
1.3172
1.31714
1.31707
1.31698
1.31689
1.31681
1.31675
1.31673
1.31675
1.31679
1.31688
1.31699
1.31712
1.31725
1.31739
1.31751
1.31761
1.31767
1.31768
1.31765
1.31757
1.31745
1.31732
1.31719
1.31707
1.31699
1.31693
1.3169
1.31687
1.31685
1.31681
1.3168
1.31676
1.31673
1.31673
1.31674
1.31676
1.31679
1.31682
1.31687
1.31691
1.31696
1.31699
1.31703
1.31705
1.31706
1.31707
1.31708
1.31707
1.31706
1.31705
1.31703
1.31703
1.31704
1.31705
1.31706
1.31706
1.31706
1.31707
1.31707
1.31708
1.31708
1.31707
1.31707
1.31706
1.31706
1.31707
1.31707
1.31708
1.3171
1.31712
1.31712
1.31712
1.31709
1.31706
1.31702
1.31696
1.31692
1.3169
1.31687
1.31685
1.31682
1.31681
1.31679
1.31677
1.31675
1.31673
1.31671
1.31671
1.31671
1.31673
1.31678
1.31682
1.31688
1.31695
1.31705
1.31715
1.31726
1.31736
1.31744
1.31748
1.31747
1.3174
1.31729
1.31714
1.31702
1.31694
1.31691
1.31693
1.31696
1.31699
1.317
1.317
1.31697
1.31692
1.31688
1.31685
1.31683
1.31683
1.31683
1.31686
1.31689
1.31693
1.31697
1.31701
1.31704
1.31706
1.31708
1.31708
1.31707
1.31704
1.31701
1.31698
1.31698
1.31698
1.317
1.31704
1.31708
1.31712
1.31713
1.31709
1.31701
1.31692
1.31684
1.31679
1.31678
1.3168
1.31684
1.3169
1.31696
1.31699
1.317
1.31701
1.31701
1.31702
1.31705
1.31713
1.31724
1.31739
1.31752
1.3176
1.31756
1.31736
1.31704
1.3167
1.31646
1.31637
1.31643
1.31658
1.31675
1.31692
1.31706
1.31717
1.31723
1.31727
1.31729
1.31729
1.31727
1.31723
1.31719
1.31714
1.31708
1.31701
1.31694
1.31688
1.31681
1.31676
1.3167
1.31665
1.31663
1.31662
1.31662
1.31664
1.31667
1.31671
1.31675
1.31681
1.31688
1.31695
1.31704
1.31714
1.31726
1.31739
1.31753
1.31764
1.3177
1.31767
1.31752
1.31731
1.31709
1.31695
1.31691
1.31698
1.31708
1.31715
1.31718
1.31714
1.31708
1.317
1.31691
1.31681
1.31671
1.31659
1.31648
1.31639
1.31637
1.31644
1.31659
1.31678
1.31701
1.31723
1.31741
1.31751
1.31753
1.31743
1.31723
1.31701
1.31684
1.31674
1.31673
1.31678
1.31686
1.31698
1.3171
1.31721
1.3173
1.31733
1.31731
1.31722
1.31709
1.31695
1.31682
1.31675
1.31673
1.31674
1.31678
1.31684
1.31689
1.31695
1.317
1.31705
1.31709
1.31712
1.31716
1.31718
1.3172
1.31722
1.31723
1.31722
1.31721
1.3172
1.31718
1.31716
1.31713
1.31712
1.31711
1.31711
1.31711
1.31712
1.31712
1.31713
1.31713
1.31713
1.31714
1.31714
1.31716
1.31716
1.31715
1.31714
1.31712
1.31709
1.31704
1.317
1.31695
1.31691
1.3169
1.31691
1.31693
1.31698
1.31704
1.31711
1.31717
1.31723
1.31727
1.31729
1.31731
1.31731
1.31728
1.31724
1.31718
1.31712
1.31705
1.31699
1.31694
1.3169
1.31687
1.31685
1.31683
1.31683
1.31683
1.31683
1.31684
1.31684
1.31684
1.31685
1.31686
1.31686
1.31688
1.31691
1.31695
1.31701
1.31708
1.31718
1.3173
1.31745
1.31762
1.31783
1.31803
1.31817
1.31817
1.31796
1.31753
1.31696
1.31643
1.31608
1.31594
1.316
1.31619
1.31642
1.31665
1.31685
1.31701
1.3171
1.31712
1.31711
1.31707
1.31704
1.31704
1.31708
1.31715
1.31724
1.31735
1.31744
1.31749
1.31751
1.31747
1.31737
1.31723
1.31709
1.31697
1.31687
1.31684
1.31683
1.31685
1.31687
1.31691
1.31693
1.31695
1.31697
1.31698
1.31698
1.31698
1.31697
1.31698
1.317
1.31703
1.31708
1.31715
1.31722
1.31731
1.3174
1.31749
1.31754
1.31753
1.31749
1.31738
1.31722
1.31706
1.31693
1.31686
1.31688
1.31697
1.31712
1.31733
1.31755
1.31776
1.31791
1.31795
1.31784
1.3176
1.31727
1.31695
1.31671
1.31659
1.31657
1.31662
1.3167
1.31679
1.31687
1.31693
1.31698
1.31703
1.31708
1.31712
1.31717
1.31723
1.3173
1.31741
1.31754
1.3177
1.31786
1.318
1.31807
1.318
1.31775
1.31733
1.31688
1.31653
1.31636
1.31636
1.31647
1.31663
1.31678
1.31692
1.31701
1.31709
1.31715
1.31718
1.3172
1.31721
1.31722
1.31723
1.31723
1.31722
1.31722
1.31721
1.3172
1.3172
1.31719
1.31719
1.31718
1.31716
1.31717
1.31717
1.31717
1.31718
1.3172
1.31721
1.31723
1.31725
1.31726
1.31727
1.31726
1.31723
1.31719
1.31714
1.31709
1.31703
1.317
1.31697
1.31696
1.31696
1.31697
1.31698
1.31698
1.31699
1.317
1.31702
1.31703
1.31704
1.31704
1.31706
1.31708
1.3171
1.31713
1.31716
1.31719
1.31724
1.31728
1.31734
1.31738
1.3174
1.31739
1.31734
1.31727
1.31717
1.31708
1.31699
1.31693
1.3169
1.3169
1.31692
1.31694
1.31696
1.31699
1.31701
1.31702
1.31703
1.31703
1.31706
1.31706
1.31708
1.3171
1.31713
1.31717
1.31721
1.31724
1.31728
1.31732
1.31734
1.31735
1.31731
1.31725
1.31717
1.31708
1.31699
1.31693
1.31691
1.31692
1.31695
1.31701
1.31706
1.31711
1.31716
1.31719
1.31721
1.3172
1.31716
1.31711
1.31705
1.317
1.31694
1.3169
1.31685
1.31683
1.31684
1.31686
1.31687
1.3169
1.31694
1.31698
1.31701
1.31705
1.31708
1.3171
1.31712
1.31714
1.31715
1.31716
1.31717
1.31718
1.31718
1.31719
1.31721
1.31723
1.31724
1.31726
1.31728
1.3173
1.31732
1.31734
1.31735
1.31735
1.31736
1.31734
1.3173
1.31724
1.31717
1.31708
1.31698
1.31689
1.31681
1.31674
1.31669
1.31666
1.31667
1.31668
1.31672
1.31677
1.31683
1.3169
1.31695
1.31701
1.31707
1.31712
1.31717
1.31721
1.31725
1.31728
1.3173
1.31732
1.31733
1.31732
1.31731
1.31727
1.31723
1.31717
1.31711
1.31705
1.317
1.31695
1.31693
1.31691
1.31692
1.31693
1.31696
1.31701
1.31706
1.31712
1.31718
1.31723
1.31731
1.31738
1.31747
1.31759
1.31771
1.31783
1.31793
1.31797
1.31793
1.31782
1.31762
1.31737
1.31709
1.31682
1.31657
1.31634
1.31616
1.31607
1.31606
1.31617
1.31636
1.31662
1.31689
1.31714
1.31733
1.31742
1.31742
1.31733
1.31721
1.31712
1.31708
1.31711
1.3172
1.31731
1.3174
1.31747
1.31749
1.31747
1.31738
1.31726
1.3171
1.31693
1.31677
1.31665
1.31657
1.31656
1.31659
1.31665
1.31673
1.31682
1.31693
1.31706
1.31718
1.31732
1.31744
1.31757
1.31769
1.31777
1.3178
1.31775
1.31762
1.31743
1.31723
1.31707
1.31698
1.31695
1.317
1.31705
1.31711
1.31715
1.31718
1.31717
1.31716
1.31713
1.3171
1.31707
1.31705
1.31703
1.31703
1.31704
1.31706
1.31708
1.31707
1.31705
1.317
1.31695
1.3169
1.31691
1.31698
1.31713
1.31735
1.31762
1.31793
1.31823
1.31844
1.31841
1.31803
1.31732
1.31651
1.3159
1.31568
1.31585
1.3162
1.31659
1.31694
1.31722
1.31744
1.3176
1.31771
1.31778
1.31778
1.31772
1.31757
1.31733
1.31705
1.31678
1.31658
1.31647
1.31645
1.3165
1.31659
1.3167
1.31681
1.31691
1.317
1.31709
1.31717
1.31723
1.31728
1.31733
1.31735
1.31736
1.31736
1.31734
1.31731
1.31725
1.31721
1.31716
1.31712
1.31709
1.31707
1.31707
1.31709
1.31711
1.31714
1.31716
1.31718
1.31721
1.31721
1.3172
1.31718
1.31716
1.31713
1.31713
1.31716
1.31722
1.31734
1.31748
1.31766
1.31784
1.318
1.31807
1.31802
1.31779
1.31741
1.31696
1.31654
1.31624
1.3161
1.31611
1.31623
1.3164
1.31659
1.31676
1.31691
1.31704
1.31715
1.31723
1.3173
1.31732
1.31732
1.31726
1.31716
1.31704
1.31692
1.31681
1.31673
1.31669
1.31669
1.3167
1.31675
1.3168
1.31686
1.31691
1.31697
1.31703
1.31711
1.31718
1.31729
1.3174
1.31753
1.31762
1.31768
1.31768
1.31757
1.31735
1.31707
1.31677
1.31653
1.31639
1.31636
1.31641
1.31653
1.31669
1.31686
1.31704
1.3172
1.31731
1.31736
1.31733
1.31724
1.31715
1.31711
1.31715
1.31729
1.31749
1.31771
1.31783
1.31777
1.3175
1.31705
1.31657
1.31616
1.31594
1.31589
1.316
1.31616
1.31635
1.31652
1.31666
1.31676
1.31682
1.31685
1.31686
1.31686
1.31684
1.31683
1.31683
1.31685
1.31687
1.31688
1.31692
1.31696
1.317
1.31705
1.3171
1.31715
1.31721
1.31728
1.31734
1.31739
1.31746
1.3175
1.31753
1.31754
1.31753
1.31751
1.3175
1.3175
1.31754
1.3176
1.31767
1.31771
1.31765
1.31745
1.31715
1.31681
1.31654
1.31638
1.31633
1.31633
1.31637
1.31641
1.31645
1.31651
1.31659
1.31667
1.31676
1.31685
1.31694
1.31703
1.31709
1.31714
1.31717
1.31718
1.31719
1.31718
1.31715
1.31712
1.31708
1.31705
1.31703
1.31701
1.31701
1.31702
1.31703
1.31705
1.31708
1.31711
1.31714
1.31717
1.3172
1.31722
1.31725
1.31726
1.31723
1.31714
1.31701
1.31684
1.3167
1.31662
1.31662
1.31668
1.31678
1.31687
1.31695
1.31698
1.31698
1.31695
1.31693
1.31693
1.31695
1.317
1.31706
1.31713
1.3172
1.31728
1.31735
1.31741
1.31748
1.31755
1.31763
1.31771
1.31778
1.31785
1.3179
1.3179
1.31785
1.31772
1.3175
1.31721
1.31689
1.3166
1.31637
1.31624
1.31621
1.31626
1.31636
1.31647
1.3166
1.31671
1.31682
1.31691
1.31699
1.31706
1.31712
1.31717
1.31722
1.31728
1.31733
1.31738
1.31743
1.31747
1.31751
1.31754
1.31755
1.31752
1.31745
1.31734
1.31719
1.31704
1.31691
1.31681
1.31675
1.31674
1.31676
1.31679
1.31683
1.31688
1.31692
1.31696
1.31699
1.31702
1.31703
1.31705
1.31707
1.31709
1.3171
1.31712
1.31713
1.31715
1.31717
1.3172
1.31722
1.31724
1.31726
1.31727
1.31726
1.31726
1.31722
1.31717
1.31711
1.31705
1.31697
1.31689
1.31682
1.31676
1.31672
1.3167
1.31671
1.31673
1.31676
1.31682
1.31688
1.31694
1.31701
1.31707
1.31714
1.31721
1.31726
1.31729
1.3173
1.31731
1.31733
1.31736
1.31743
1.31756
1.31773
1.3179
1.31799
1.31788
1.3175
1.31694
1.31641
1.31613
1.31615
1.3164
1.31673
1.31704
1.31728
1.31741
1.31741
1.3173
1.31709
1.31685
1.3166
1.3164
1.31626
1.31619
1.31619
1.31622
1.31628
1.31635
1.31646
1.31659
1.31674
1.31691
1.31708
1.31725
1.31741
1.31754
1.31766
1.31776
1.31782
1.31781
1.31773
1.31756
1.31731
1.31703
1.31677
1.31653
1.31636
1.31626
1.31622
1.31622
1.31628
1.31639
1.31652
1.31666
1.31681
1.31695
1.31708
1.31717
1.31722
1.31724
1.31724
1.31723
1.31721
1.31721
1.31723
1.31726
1.31731
1.31736
1.31741
1.31745
1.31747
1.31748
1.31747
1.31743
1.31736
1.31728
1.31718
1.31709
1.31701
1.31694
1.31692
1.31692
1.31696
1.31701
1.31707
1.31714
1.31721
1.31725
1.31728
1.31728
1.31729
1.31728
1.31728
1.31728
1.31728
1.31728
1.31727
1.31724
1.3172
1.31716
1.3171
1.31704
1.31698
1.31694
1.3169
1.31687
1.31684
1.31683
1.31682
1.31682
1.31683
1.31686
1.31691
1.31697
1.31705
1.31714
1.31721
1.31727
1.3173
1.31728
1.31722
1.31713
1.31701
1.31691
1.31685
1.31683
1.31685
1.31691
1.31698
1.31708
1.31716
1.31725
1.31731
1.31734
1.31736
1.31736
1.31736
1.31737
1.31739
1.31739
1.31736
1.3173
1.31721
1.31712
1.31705
1.31703
1.31703
1.31705
1.31708
1.31708
1.31706
1.31702
1.31698
1.31693
1.3169
1.31689
1.31691
1.31693
1.31696
1.31699
1.31701
1.31704
1.31707
1.3171
1.31714
1.31717
1.31722
1.31728
1.31735
1.3174
1.31746
1.31752
1.31755
1.31756
1.31753
1.31746
1.31738
1.31729
1.31719
1.3171
1.31702
1.31695
1.3169
1.31685
1.3168
1.31676
1.31673
1.3167
1.31669
1.31669
1.31671
1.31673
1.31676
1.3168
1.31683
1.31687
1.31691
1.31695
1.31699
1.31703
1.31708
1.31712
1.31717
1.31722
1.31728
1.31733
1.3174
1.31746
1.3175
1.31754
1.31757
1.31759
1.31759
1.31756
1.3175
1.31743
1.31733
1.31721
1.31708
1.31696
1.31687
1.3168
1.31677
1.31676
1.31679
1.31683
1.31688
1.31693
1.31697
1.317
1.31702
1.31703
1.31701
1.31699
1.31697
1.31693
1.3169
1.31688
1.31686
1.31686
1.31685
1.31685
1.31686
1.31686
1.31688
1.3169
1.31692
1.31695
1.31697
1.317
1.31703
1.31706
1.31709
1.31711
1.31714
1.31717
1.3172
1.31723
1.31727
1.31731
1.31734
1.31736
1.31738
1.31738
1.31739
1.31738
1.31735
1.31732
1.31728
1.31722
1.31716
1.31709
1.317
1.31689
1.31679
1.31668
1.31658
1.31649
1.31643
1.31639
1.31639
1.31642
1.31647
1.31655
1.31665
1.31675
1.31687
1.317
1.31713
1.31727
1.3174
1.31752
1.31762
1.31769
1.31772
1.3177
1.31764
1.31754
1.31742
1.3173
1.3172
1.31712
1.31704
1.31699
1.31694
1.31689
1.31686
1.31684
1.31683
1.31685
1.31687
1.3169
1.31693
1.31696
1.31697
1.31699
1.31703
1.31708
1.31717
1.31731
1.31749
1.31768
1.31781
1.31778
1.31751
1.31707
1.31655
1.31617
1.31601
1.31604
1.31619
1.31638
1.31655
1.3167
1.31682
1.31689
1.31693
1.31697
1.31699
1.31702
1.31705
1.31707
1.3171
1.31714
1.31719
1.31725
1.3173
1.31736
1.31741
1.31744
1.31746
1.31746
1.31745
1.31742
1.31739
1.31736
1.31737
1.31741
1.3175
1.31763
1.31777
1.31786
1.31782
1.31759
1.31715
1.3166
1.3161
1.3158
1.31573
1.31586
1.3161
1.31636
1.31658
1.31674
1.31684
1.31691
1.317
1.3171
1.31721
1.31732
1.31741
1.31747
1.31749
1.31746
1.31738
1.31728
1.31714
1.31701
1.3169
1.31682
1.31677
1.31677
1.31679
1.31684
1.3169
1.31698
1.31705
1.31713
1.31722
1.31729
1.31735
1.31741
1.31745
1.31748
1.31747
1.31743
1.31737
1.31726
1.31713
1.31701
1.31687
1.31675
1.31667
1.31664
1.31665
1.31669
1.31676
1.31684
1.31693
1.31703
1.31712
1.31722
1.31731
1.31741
1.3175
1.31756
1.3176
1.31757
1.31749
1.31737
1.31724
1.31714
1.31712
1.31716
1.31726
1.31741
1.31758
1.31772
1.3178
1.31778
1.31765
1.31744
1.31719
1.31697
1.31682
1.31675
1.31675
1.31678
1.31682
1.31686
1.3169
1.31692
1.31693
1.31693
1.31694
1.31694
1.31696
1.31698
1.31702
1.31706
1.31711
1.31717
1.31723
1.3173
1.31736
1.3174
1.31744
1.31746
1.31746
1.31745
1.31742
1.31738
1.31735
1.31732
1.31731
1.31731
1.31733
1.31735
1.31735
1.31729
1.3172
1.31707
1.31692
1.31681
1.31673
1.3167
1.31671
1.31678
1.31685
1.31693
1.317
1.31708
1.31714
1.31718
1.31722
1.31725
1.31728
1.3173
1.31731
1.31733
1.31735
1.31738
1.31741
1.31745
1.31752
1.31758
1.31763
1.31764
1.31756
1.31738
1.31712
1.31682
1.31657
1.31642
1.31639
1.31646
1.31659
1.31676
1.31691
1.31706
1.31719
1.31729
1.31737
1.31741
1.31743
1.31743
1.3174
1.31736
1.31732
1.31728
1.31725
1.31722
1.31719
1.31717
1.31715
1.31714
1.31715
1.3172
1.31728
1.31738
1.3175
1.3176
1.31766
1.31766
1.31759
1.31742
1.31718
1.31691
1.31667
1.31649
1.31642
1.31643
1.3165
1.31659
1.3167
1.31682
1.31697
1.31711
1.31726
1.31741
1.31752
1.31759
1.31759
1.31751
1.31735
1.31717
1.31699
1.31688
1.31683
1.31684
1.31692
1.31701
1.31711
1.31719
1.31727
1.31733
1.31736
1.31739
1.31739
1.31738
1.31735
1.31732
1.31727
1.31722
1.31718
1.31711
1.31706
1.31702
1.31699
1.31696
1.31695
1.31694
1.31694
1.31696
1.31699
1.31703
1.31708
1.31716
1.31727
1.31742
1.31759
1.3178
1.31804
1.31826
1.31841
1.31845
1.31828
1.31792
1.31743
1.31691
1.31648
1.31624
1.31615
1.3162
1.31633
1.31649
1.31666
1.31679
1.31687
1.31693
1.31696
1.31696
1.31693
1.3169
1.31687
1.31685
1.31683
1.31682
1.31683
1.31685
1.31687
1.31689
1.3169
1.31693
1.31695
1.31697
1.31697
1.31699
1.317
1.31701
1.31702
1.31704
1.31706
1.31709
1.31712
1.31715
1.3172
1.31725
1.3173
1.31738
1.31744
1.31751
1.31756
1.31758
1.31758
1.31754
1.31747
1.31737
1.31724
1.31712
1.31701
1.31693
1.31689
1.31688
1.31689
1.31693
1.31697
1.31702
1.31706
1.31709
1.3171
1.31709
1.31706
1.31701
1.31695
1.31689
1.31683
1.31678
1.31674
1.31673
1.31673
1.31674
1.31675
1.31679
1.31683
1.31689
1.31694
1.31702
1.31711
1.31722
1.31738
1.31756
1.31774
1.3179
1.31795
1.31779
1.3174
1.31686
1.31637
1.31607
1.31602
1.31615
1.31637
1.31661
1.31684
1.31703
1.3172
1.31737
1.31753
1.31768
1.31783
1.31797
1.31811
1.3182
1.31822
1.31814
1.31793
1.3176
1.31719
1.31679
1.31646
1.31625
1.31614
1.31612
1.31615
1.3162
1.31626
1.31634
1.31642
1.31651
1.31661
1.3167
1.31679
1.31685
1.31692
1.31698
1.31702
1.31706
1.31709
1.3171
1.31711
1.31711
1.31712
1.31713
1.31714
1.31716
1.31718
1.31719
1.31722
1.31724
1.31727
1.31731
1.31735
1.31738
1.31741
1.31741
1.31738
1.3173
1.31718
1.31703
1.31688
1.31673
1.31664
1.31659
1.31659
1.31663
1.31669
1.31675
1.31682
1.3169
1.31695
1.317
1.31707
1.31716
1.31725
1.31734
1.31743
1.31754
1.31766
1.31778
1.31788
1.31789
1.31775
1.31739
1.31685
1.31628
1.3159
1.3158
1.31595
1.31624
1.31659
1.31691
1.31717
1.31735
1.31746
1.31745
1.31737
1.31721
1.31699
1.31678
1.3166
1.3165
1.31648
1.31653
1.31664
1.31678
1.31691
1.31702
1.3171
1.31714
1.31716
1.31715
1.31713
1.31711
1.31708
1.31704
1.31701
1.31698
1.31694
1.31692
1.31691
1.31689
1.31688
1.31686
1.31687
1.31687
1.31687
1.31688
1.31689
1.31689
1.3169
1.31692
1.31694
1.31696
1.31699
1.31702
1.31706
1.31709
1.31715
1.31723
1.31732
1.3174
1.3175
1.31758
1.31761
1.31759
1.31748
1.31732
1.31715
1.31702
1.31696
1.31699
1.31707
1.31714
1.3172
1.31718
1.31706
1.31687
1.31665
1.31646
1.31632
1.31629
1.31634
1.31643
1.31656
1.31669
1.3168
1.31689
1.31695
1.31699
1.31701
1.31703
1.31704
1.31706
1.31706
1.31707
1.31707
1.31707
1.31708
1.31709
1.31709
1.31706
1.31703
1.31701
1.31697
1.31693
1.31691
1.3169
1.3169
1.31689
1.31689
1.31688
1.31688
1.31688
1.31688
1.31687
1.31687
1.3169
1.31695
1.317
1.31708
1.31717
1.31727
1.31736
1.31743
1.31746
1.31743
1.31735
1.31722
1.31706
1.31689
1.31675
1.31663
1.31657
1.31656
1.31658
1.31663
1.31668
1.31674
1.31679
1.31683
1.31688
1.31691
1.31693
1.31695
1.31698
1.31701
1.31705
1.31708
1.3171
1.31709
1.31704
1.31696
1.31686
1.31677
1.31671
1.31673
1.31679
1.3169
1.31704
1.31717
1.31728
1.31739
1.31747
1.31755
1.31764
1.31776
1.31788
1.31798
1.31803
1.318
1.31786
1.31762
1.31728
1.31691
1.31657
1.31629
1.31611
1.31601
1.31601
1.31606
1.31616
1.31627
1.31639
1.31651
1.31661
1.31671
1.3168
1.31688
1.31696
1.31704
1.31712
1.31722
1.31732
1.31741
1.31747
1.31747
1.31738
1.3172
1.31698
1.31678
1.31666
1.31662
1.31668
1.31678
1.31689
1.31698
1.31702
1.31702
1.31696
1.31689
1.31682
1.31678
1.31678
1.3168
1.31686
1.31693
1.317
1.31707
1.31714
1.31719
1.31724
1.31728
1.3173
1.3173
1.31728
1.31725
1.3172
1.31712
1.31704
1.31695
1.31688
1.31682
1.31678
1.31678
1.31682
1.3169
1.31703
1.3172
1.31739
1.31756
1.31765
1.3176
1.31736
1.31699
1.31665
1.31648
1.31651
1.31671
1.317
1.3173
1.31752
1.31766
1.3177
1.31765
1.31753
1.31738
1.31721
1.31702
1.31682
1.31662
1.31642
1.31626
1.31618
1.31617
1.31625
1.31639
1.31657
1.31674
1.31691
1.31706
1.31718
1.31727
1.31732
1.31737
1.31741
1.31744
1.31747
1.31749
1.31752
1.31753
1.31755
1.31756
1.31756
1.31755
1.31752
1.31745
1.31736
1.31724
1.3171
1.31696
1.31684
1.31675
1.31672
1.31671
1.31676
1.31685
1.31696
1.31711
1.3173
1.31752
1.31777
1.31801
1.31817
1.31816
1.31791
1.31741
1.31683
1.31638
1.31619
1.31623
1.31645
1.31674
1.31704
1.31726
1.31737
1.31737
1.31724
1.31704
1.31685
1.31671
1.31667
1.31669
1.31675
1.31684
1.31692
1.31701
1.31707
1.31713
1.31715
1.31716
1.31717
1.31717
1.31717
1.31717
1.31717
1.31716
1.31715
1.31713
1.3171
1.31706
1.31702
1.31698
1.31694
1.31689
1.31686
1.31683
1.31682
1.31682
1.31682
1.31684
1.31686
1.3169
1.31694
1.317
1.31707
1.31717
1.31727
1.31736
1.31743
1.31743
1.31734
1.31715
1.31693
1.31672
1.3166
1.31658
1.31665
1.31677
1.31691
1.31705
1.31719
1.31731
1.31739
1.31745
1.31747
1.31743
1.31735
1.31724
1.31712
1.31701
1.31695
1.31697
1.31705
1.31719
1.31732
1.31737
1.31727
1.31702
1.31671
1.31643
1.31628
1.31628
1.31639
1.31654
1.31669
1.31682
1.31689
1.31693
1.31694
1.31693
1.31692
1.31693
1.31694
1.31697
1.31702
1.31708
1.31717
1.31726
1.31736
1.31746
1.31755
1.31765
1.31771
1.31772
1.3177
1.31766
1.31758
1.31752
1.31747
1.31745
1.31744
1.31743
1.3174
1.31731
1.31719
1.31704
1.31689
1.31676
1.31666
1.31659
1.31657
1.31657
1.31661
1.31665
1.31671
1.31677
1.31682
1.31687
1.31691
1.31695
1.31698
1.31701
1.31704
1.31706
1.31709
1.31714
1.3172
1.31727
1.31736
1.31745
1.31753
1.3176
1.31762
1.3176
1.31754
1.31744
1.31732
1.31721
1.3171
1.317
1.31691
1.31683
1.31678
1.31677
1.31679
1.31686
1.31694
1.31702
1.3171
1.31713
1.31714
1.31713
1.31713
1.31712
1.31712
1.31713
1.31715
1.31719
1.31724
1.3173
1.31739
1.31747
1.31753
1.31755
1.3175
1.31739
1.31724
1.31706
1.31692
1.31681
1.31676
1.31676
1.31679
1.31683
1.31687
1.31692
1.31697
1.31701
1.31705
1.3171
1.31713
1.31716
1.31719
1.31721
1.31722
1.31723
1.31721
1.3172
1.31718
1.31717
1.31715
1.31713
1.31712
1.31712
1.31712
1.31711
1.31711
1.3171
1.31709
1.31708
1.31706
1.31704
1.31704
1.31703
1.31702
1.31701
1.31702
1.31704
1.31708
1.31712
1.31715
1.3172
1.31726
1.31732
1.31737
1.31743
1.31748
1.31751
1.31753
1.31751
1.31747
1.31741
1.31733
1.31724
1.31716
1.31709
1.31704
1.31705
1.31706
1.31712
1.3172
1.31728
1.31735
1.31741
1.31743
1.31742
1.31736
1.31728
1.31718
1.31709
1.31701
1.31697
1.31695
1.31698
1.31702
1.31708
1.31714
1.31719
1.31723
1.31726
1.31727
1.31728
1.31729
1.31728
1.31727
1.31727
1.31725
1.31724
1.31722
1.31722
1.31721
1.3172
1.31719
1.31718
1.31716
1.31713
1.31711
1.31709
1.31708
1.31708
1.3171
1.31714
1.31718
1.31722
1.31726
1.3173
1.31733
1.31736
1.31739
1.3174
1.3174
1.3174
1.3174
1.3174
1.31741
1.31742
1.31743
1.31744
1.31744
1.31743
1.31743
1.31741
1.31737
1.31734
1.31727
1.31722
1.31717
1.31714
1.31712
1.31711
1.31711
1.3171
1.31712
1.31712
1.31714
1.31716
1.31717
1.31718
1.31719
1.3172
1.31719
1.3172
1.31721
1.31721
1.31721
1.31721
1.31721
1.31721
1.3172
1.31719
1.31718
1.31718
1.31717
1.31715
1.31714
1.31712
1.31711
1.3171
1.31709
1.31708
1.31707
1.31708
1.31709
1.31712
1.31715
1.31719
1.31724
1.31729
1.31735
1.31741
1.31747
1.31751
1.31752
1.3175
1.31742
1.3173
1.31715
1.31699
1.31685
1.31677
1.31673
1.31673
1.31676
1.3168
1.31686
1.31692
1.31699
1.31705
1.31711
1.31717
1.31723
1.31729
1.31734
1.31741
1.31747
1.31751
1.31752
1.3175
1.31743
1.31734
1.3172
1.31708
1.31698
1.31694
1.31695
1.31701
1.31709
1.3172
1.31732
1.31742
1.31749
1.31752
1.31749
1.31741
1.31729
1.31717
1.31703
1.31691
1.31682
1.31676
1.31673
1.31674
1.31676
1.31681
1.31686
1.31692
1.317
1.31705
1.31711
1.31716
1.31721
1.31725
1.31728
1.3173
1.31732
1.31732
1.31733
1.3173
1.31727
1.31724
1.31721
1.31719
1.31717
1.31716
1.31715
1.31715
1.31715
1.31715
1.31716
1.31717
1.31719
1.3172
1.31722
1.31725
1.31728
1.31732
1.31737
1.31742
1.31746
1.31749
1.31749
1.31745
1.31739
1.3173
1.31719
1.31709
1.31701
1.31696
1.31695
1.31696
1.31698
1.31701
1.31705
1.3171
1.31716
1.31723
1.3173
1.3174
1.31749
1.31758
1.31764
1.31766
1.31764
1.31755
1.31742
1.31726
1.31711
1.31698
1.3169
1.31688
1.31691
1.31699
1.3171
1.3172
1.31726
1.31728
1.31727
1.31722
1.31715
1.3171
1.31708
1.3171
1.31715
1.31722
1.31727
1.31729
1.31728
1.31724
1.31716
1.31707
1.31698
1.31691
1.31687
1.31685
1.31686
1.3169
1.31695
1.31701
1.31707
1.31713
1.31719
1.31724
1.3173
1.31734
1.31739
1.31745
1.3175
1.31756
1.31763
1.31769
1.31776
1.3178
1.31779
1.31773
1.31757
1.31735
1.3171
1.3169
1.31676
1.31674
1.31679
1.3169
1.31703
1.31715
1.31724
1.3173
1.31732
1.31731
1.31727
1.31721
1.31715
1.31709
1.31706
1.31705
1.31706
1.31706
1.31706
1.31707
1.3171
1.31711
1.31713
1.31716
1.31719
1.31721
1.31724
1.31726
1.31729
1.31731
1.31732
1.31734
1.31735
1.31736
1.31738
1.3174
1.31743
1.31745
1.31744
1.3174
1.31733
1.31721
1.31709
1.31696
1.31686
1.31681
1.31679
1.31681
1.31686
1.31692
1.31699
1.31706
1.31711
1.31718
1.31724
1.3173
1.31734
1.31736
1.31737
1.31735
1.31733
1.31729
1.31725
1.3172
1.31715
1.31709
1.31706
1.31702
1.31702
1.31702
1.31703
1.31705
1.31708
1.3171
1.31711
1.31714
1.31715
1.31715
1.31716
1.31714
1.31713
1.31711
1.31708
1.31707
1.31708
1.31709
1.31711
1.31715
1.31719
1.31721
1.31721
1.31718
1.31712
1.31703
1.31692
1.31681
1.31676
1.31673
1.31675
1.31681
1.31689
1.31698
1.31709
1.31722
1.31735
1.3175
1.31764
1.31778
1.3179
1.318
1.31809
1.31813
1.31812
1.31801
1.31775
1.31731
1.31676
1.31623
1.3159
1.31581
1.31591
1.31611
1.31633
1.31652
1.31669
1.31679
1.31687
1.31692
1.31697
1.31699
1.31701
1.31704
1.31706
1.31706
1.31708
1.31711
1.31713
1.31715
1.31717
1.31718
1.3172
1.31721
1.31724
1.31726
1.31728
1.3173
1.31732
1.31732
1.31731
1.3173
1.31728
1.31726
1.31723
1.3172
1.31718
1.31716
1.31714
1.31713
1.31712
1.31711
1.3171
1.31709
1.3171
1.31711
1.31711
1.31711
1.31711
1.31711
1.31711
1.31711
1.3171
1.31705
1.31701
1.31696
1.3169
1.31685
1.31681
1.31679
1.31679
1.31682
1.31687
1.31695
1.31704
1.31712
1.31719
1.31723
1.31722
1.3172
1.31714
1.31708
1.317
1.31697
1.31694
1.31695
1.31696
1.31698
1.31696
1.31693
1.31689
1.31683
1.31678
1.31673
1.31672
1.31673
1.31675
1.3168
1.31687
1.31692
1.31698
1.31706
1.31713
1.3172
1.31727
1.31735
1.31743
1.31749
1.31751
1.31749
1.3174
1.31724
1.31704
1.31687
1.31675
1.31667
1.31668
1.31672
1.3168
1.3169
1.31698
1.31707
1.31713
1.31718
1.31722
1.31724
1.31723
1.3172
1.31715
1.31708
1.31701
1.31694
1.31688
1.31682
1.3168
1.3168
1.3168
1.31683
1.31685
1.31688
1.31692
1.31695
1.31697
1.31699
1.31701
1.31703
1.31707
1.3171
1.31715
1.31721
1.31726
1.31732
1.31735
1.31737
1.31734
1.31728
1.31718
1.31706
1.31694
1.31686
1.3168
1.31679
1.31681
1.31686
1.31692
1.31697
1.31702
1.31707
1.31709
1.3171
1.31709
1.31706
1.31703
1.31699
1.31695
1.31692
1.3169
1.31689
1.31689
1.31691
1.31694
1.31696
1.31698
1.317
1.31702
1.31704
1.31705
1.31705
1.31706
1.31706
1.31706
1.31707
1.31708
1.31711
1.31714
1.31717
1.3172
1.31722
1.31726
1.31727
1.31729
1.31728
1.31726
1.31723
1.31719
1.31714
1.31708
1.31703
1.31699
1.31696
1.31694
1.31692
1.31691
1.3169
1.31691
1.31691
1.31691
1.31692
1.31692
1.31694
1.31695
1.31696
1.31698
1.31698
1.31701
1.31703
1.31705
1.31707
1.31709
1.31711
1.31712
1.31714
1.31716
1.31717
1.31719
1.3172
1.31721
1.31723
1.31725
1.31726
1.31726
1.31726
1.31724
1.3172
1.31715
1.31708
1.31701
1.31695
1.3169
1.31687
1.31685
1.31685
1.31686
1.31689
1.31693
1.31697
1.31701
1.31707
1.31711
1.31716
1.31719
1.31722
1.31724
1.31725
1.31724
1.31721
1.31718
1.31713
1.31708
1.31703
1.31698
1.31694
1.31691
1.31688
1.31687
1.31686
1.31686
1.31685
1.31686
1.31687
1.31689
1.3169
1.31691
1.31693
1.31695
1.31697
1.317
1.31703
1.31708
1.31715
1.31723
1.31729
1.31737
1.31745
1.31751
1.31754
1.31754
1.3175
1.31742
1.3173
1.31718
1.31704
1.31691
1.3168
1.31671
1.31665
1.31662
1.3166
1.31659
1.31658
1.31656
1.31655
1.31656
1.31658
1.31664
1.31672
1.31682
1.31694
1.31706
1.31718
1.31729
1.31739
1.31747
1.31753
1.31754
1.31752
1.31745
1.31735
1.31721
1.31709
1.31699
1.31695
1.31696
1.317
1.31706
1.3171
1.3171
1.31705
1.31694
1.31682
1.31669
1.3166
1.31654
1.31653
1.31653
1.31657
1.31663
1.31667
1.31673
1.3168
1.31687
1.31693
1.31698
1.31705
1.31711
1.31717
1.31722
1.31728
1.31732
1.31736
1.31739
1.31742
1.31745
1.31748
1.31748
1.31748
1.31746
1.31742
1.31736
1.31726
1.31715
1.31702
1.31689
1.31677
1.31668
1.31663
1.31662
1.31664
1.31671
1.31681
1.31691
1.31701
1.31709
1.31714
1.31715
1.31713
1.31707
1.31698
1.31689
1.31681
1.31672
1.31664
1.31658
1.31655
1.31651
1.31648
1.31647
1.31648
1.3165
1.31655
1.31662
1.31671
1.31683
1.31699
1.31713
1.31731
1.31749
1.31766
1.3178
1.3179
1.31795
1.31795
1.31793
1.31793
1.31794
1.31802
1.31813
1.31822
1.31823
1.31808
1.31773
1.31718
1.31655
1.31597
1.31555
1.31534
1.31538
1.31562
1.31598
1.3164
1.31682
1.31718
1.31748
1.31768
1.31778
1.3178
1.31771
1.31754
1.31734
1.31715
1.31703
1.31696
1.31698
1.31705
1.31718
1.31735
1.31757
1.31778
1.31795
1.31804
1.31799
1.31778
1.31744
1.31705
1.31668
1.31642
1.3163
1.31633
1.31646
1.31666
1.31688
1.31707
1.31721
1.31729
1.31731
1.31728
1.31722
1.31715
1.31709
1.31705
1.31704
1.31705
1.31707
1.3171
1.31714
1.31718
1.31722
1.31724
1.31727
1.31728
1.3173
1.31732
1.31733
1.31733
1.31733
1.31734
1.31732
1.31729
1.31727
1.31724
1.31721
1.31717
1.31714
1.31715
1.31717
1.31723
1.31732
1.31746
1.31763
1.31782
1.31799
1.31812
1.3181
1.31797
1.3177
1.31737
1.31705
1.31682
1.31666
1.31661
1.31661
1.31667
1.31674
1.31684
1.31694
1.31705
1.31715
1.31726
1.31734
1.31739
1.31738
1.3173
1.31718
1.31702
1.31688
1.31677
1.31672
1.31673
1.31678
1.31685
1.31692
1.31699
1.31706
1.31712
1.31716
1.31719
1.31721
1.31722
1.31721
1.31719
1.31717
1.31715
1.31711
1.31709
1.31706
1.31704
1.31702
1.31701
1.317
1.31699
1.31698
1.31697
1.31698
1.31699
1.317
1.31702
1.31705
1.31709
1.31715
1.31724
1.31734
1.31746
1.31758
1.31768
1.31772
1.31768
1.31754
1.31729
1.317
1.31671
1.31648
1.31635
1.31634
1.31641
1.31655
1.31672
1.31691
1.31708
1.31725
1.31742
1.31757
1.31772
1.31785
1.31793
1.31793
1.31782
1.31758
1.31723
1.31686
1.31655
1.31633
1.31624
1.31624
1.31631
1.31638
1.31648
1.31656
1.31665
1.31674
1.31682
1.31691
1.31698
1.31705
1.31712
1.31719
1.31724
1.31729
1.31732
1.31734
1.31732
1.31727
1.31721
1.31711
1.31702
1.31693
1.31687
1.31685
1.31688
1.31695
1.31707
1.31725
1.31744
1.31762
1.31774
1.3177
1.31749
1.31713
1.31669
1.31633
1.31611
1.31607
1.31617
1.31634
1.31655
1.31674
1.31691
1.31706
1.31718
1.31729
1.31738
1.31746
1.31751
1.31754
1.31755
1.31753
1.31746
1.31734
1.31721
1.31705
1.3169
1.31674
1.31661
1.31651
1.31644
1.3164
1.3164
1.31643
1.31648
1.31656
1.31665
1.31673
1.31681
1.31689
1.31696
1.31703
1.31708
1.31712
1.31717
1.31719
1.31722
1.31723
1.31723
1.31722
1.3172
1.31718
1.31714
1.31709
1.31704
1.31699
1.31697
1.31696
1.31697
1.317
1.31706
1.31713
1.31719
1.31723
1.31723
1.31718
1.31706
1.31694
1.31683
1.31677
1.3168
1.31688
1.31701
1.31715
1.31729
1.31737
1.31742
1.31743
1.31737
1.31727
1.31715
1.31704
1.31693
1.31683
1.31676
1.31671
1.31668
1.31665
1.31663
1.31663
1.31664
1.31666
1.31669
1.31672
1.31677
1.31683
1.31688
1.31692
1.31695
1.31698
1.31699
1.31698
1.31697
1.31697
1.31698
1.31699
1.31702
1.31705
1.31708
1.31709
1.31711
1.31714
1.31718
1.31722
1.31728
1.31737
1.31747
1.31758
1.31767
1.3177
1.31765
1.31749
1.31725
1.31696
1.31669
1.31652
1.31645
1.3165
1.3166
1.31672
1.31683
1.31692
1.317
1.31706
1.31713
1.31719
1.31727
1.31733
1.31737
1.31737
1.31731
1.31718
1.31699
1.31681
1.31663
1.31649
1.31642
1.3164
1.31643
1.31651
1.31662
1.31675
1.3169
1.31705
1.3172
1.31736
1.31753
1.31767
1.31778
1.31779
1.31765
1.31732
1.31683
1.31633
1.31597
1.31581
1.31585
1.31601
1.31621
1.3164
1.31658
1.31676
1.3169
1.31704
1.31717
1.3173
1.31742
1.31753
1.31759
1.31758
1.31751
1.31739
1.31723
1.31708
1.31695
1.31687
1.31683
1.31683
1.31686
1.31691
1.31697
1.31702
1.31708
1.31713
1.31717
1.31721
1.31722
1.31719
1.31713
1.31702
1.31688
1.31671
1.31657
1.31646
1.31642
1.31644
1.31649
1.31657
1.31665
1.31672
1.31678
1.31682
1.31685
1.31685
1.31683
1.3168
1.31678
1.31675
1.31674
1.31672
1.3167
1.3167
1.31669
1.31671
1.31673
1.31675
1.31678
1.31679
1.3168
1.3168
1.31679
1.31678
1.31678
1.3168
1.31682
1.31687
1.31695
1.31707
1.31721
1.31738
1.31755
1.31771
1.31782
1.31783
1.31773
1.31752
1.31727
1.31705
1.3169
1.31681
1.31681
1.31684
1.31688
1.31691
1.3169
1.31684
1.31674
1.31662
1.31651
1.31643
1.31641
1.31642
1.31646
1.31652
1.31659
1.31666
1.31671
1.31675
1.31678
1.31681
1.31683
1.31686
1.31689
1.3169
1.31693
1.31695
1.31698
1.31702
1.31707
1.31711
1.31717
1.31724
1.31733
1.31742
1.31752
1.31762
1.31772
1.31781
1.31783
1.3178
1.31764
1.31733
1.31688
1.31638
1.31596
1.31572
1.31568
1.31581
1.31601
1.31622
1.3164
1.31655
1.31664
1.31673
1.31679
1.31685
1.31688
1.31692
1.31695
1.31698
1.317
1.31702
1.31703
1.31703
1.31704
1.31703
1.31701
1.31698
1.31693
1.31688
1.31682
1.31676
1.3167
1.31664
1.31661
1.31657
1.31654
1.31652
1.31651
1.31651
1.31653
1.31654
1.31656
1.31661
1.31665
1.31672
1.31681
1.31694
1.3171
1.31729
1.31749
1.31768
1.3178
1.31777
1.31758
1.31723
1.31684
1.31654
1.31638
1.31637
1.31645
1.31657
1.31669
1.31679
1.31685
1.31688
1.31685
1.31679
1.31671
1.31663
1.31656
1.31652
1.31651
1.31652
1.31653
1.31655
1.31656
1.31658
1.31659
1.31659
1.31659
1.31659
1.3166
1.31661
1.31664
1.31667
1.31671
1.31679
1.31688
1.31697
1.31708
1.3172
1.31731
1.31742
1.31751
1.31758
1.31759
1.31754
1.31744
1.31728
1.31707
1.31688
1.31673
1.31664
1.31664
1.3167
1.3168
1.31693
1.31705
1.31711
1.31712
1.31706
1.31698
1.31687
1.31678
1.31671
1.31669
1.31668
1.31666
1.31666
1.31667
1.31667
1.31669
1.31673
1.31681
1.31691
1.31705
1.31721
1.31738
1.3175
1.31757
1.3175
1.31731
1.31702
1.31669
1.31643
1.31632
1.31631
1.31638
1.3165
1.31663
1.31674
1.31684
1.31692
1.31697
1.31701
1.31706
1.31709
1.31709
1.31708
1.31708
1.31706
1.31702
1.31697
1.31691
1.31685
1.31679
1.31674
1.31671
1.31668
1.31667
1.31669
1.31671
1.31675
1.3168
1.31685
1.31692
1.31698
1.31706
1.31714
1.3172
1.31726
1.3173
1.31733
1.31733
1.31731
1.31727
1.31721
1.31716
1.3171
1.31704
1.31696
1.31688
1.3168
1.31672
1.31664
1.31658
1.31655
1.31655
1.31657
1.31663
1.3167
1.31681
1.3169
1.31702
1.31713
1.31723
1.3173
1.31734
1.31734
1.3173
1.31722
1.31714
1.31705
1.31697
1.3169
1.31686
1.31687
1.31691
1.31697
1.31703
1.31707
1.31708
1.31703
1.31694
1.31682
1.3167
1.3166
1.31654
1.31654
1.31658
1.31665
1.31673
1.31681
1.31688
1.31695
1.31699
1.31702
1.31704
1.31706
1.31706
1.31707
1.31707
1.31707
1.31708
1.31708
1.31708
1.31709
1.3171
1.3171
1.3171
1.3171
1.31709
1.31708
1.31707
1.31706
1.31705
1.31704
1.31703
1.31704
1.31705
1.31707
1.31711
1.31717
1.31722
1.3173
1.31738
1.31745
1.31749
1.31749
1.31743
1.31733
1.31721
1.31708
1.31696
1.31688
1.31683
1.31678
1.31675
1.31673
1.31675
1.31678
1.31685
1.31691
1.31695
1.31697
1.31696
1.31691
1.31686
1.31678
1.31673
1.31671
1.31671
1.31673
1.31677
1.31682
1.31685
1.31688
1.31691
1.31694
1.31696
1.31698
1.317
1.31702
1.31705
1.31707
1.31712
1.31716
1.31719
1.31723
1.31727
1.31731
1.31733
1.31736
1.31736
1.31737
1.31737
1.31739
1.31739
1.31738
1.31736
1.31729
1.31718
1.31701
1.31683
1.31666
1.31652
1.31644
1.31644
1.31648
1.31656
1.31665
1.31675
1.31684
1.31691
1.31697
1.31701
1.31703
1.31704
1.31704
1.31703
1.31702
1.31701
1.31701
1.317
1.317
1.31699
1.31699
1.31698
1.31698
1.31697
1.31696
1.31695
1.31694
1.31693
1.31693
1.31693
1.31693
1.31694
1.31697
1.31701
1.31707
1.31717
1.31733
1.31756
1.31784
1.31813
1.31833
1.31829
1.31788
1.31718
1.31644
1.31597
1.31587
1.31603
1.3163
1.31655
1.31672
1.31679
1.31679
1.31674
1.31669
1.31664
1.31662
1.31664
1.31668
1.31673
1.31679
1.31683
1.31687
1.3169
1.31691
1.31692
1.31693
1.31692
1.3169
1.31688
1.31686
1.31685
1.31684
1.31684
1.31684
1.31684
1.31686
1.31689
1.31692
1.31695
1.317
1.31705
1.31711
1.31717
1.31723
1.31727
1.3173
1.31729
1.31725
1.31716
1.31705
1.31691
1.31676
1.31662
1.31652
1.31646
1.31644
1.31646
1.31652
1.31659
1.31667
1.31675
1.31681
1.31686
1.3169
1.31691
1.31692
1.31691
1.3169
1.31689
1.31687
1.31686
1.31687
1.31686
1.31688
1.31689
1.31689
1.3169
1.31691
1.31692
1.31692
1.31692
1.3169
1.31688
1.31687
1.31687
1.31687
1.31688
1.3169
1.31691
1.31692
1.3169
1.31689
1.31687
1.31683
1.3168
1.31678
1.31676
1.31676
1.31677
1.31679
1.31683
1.31688
1.31695
1.31702
1.31709
1.31715
1.3172
1.31725
1.31728
1.31731
1.3173
1.31725
1.31716
1.31704
1.31687
1.31669
1.31651
1.31639
1.31633
1.31636
1.31644
1.31655
1.31667
1.31679
1.31688
1.31694
1.31697
1.31695
1.3169
1.31682
1.31674
1.31667
1.31661
1.31659
1.31659
1.31661
1.31665
1.31669
1.31672
1.31676
1.31679
1.31681
1.31683
1.31683
1.31685
1.31685
1.31687
1.31687
1.31689
1.31691
1.31693
1.31697
1.31703
1.31709
1.31718
1.31726
1.31732
1.31735
1.31733
1.31724
1.31709
1.31691
1.31673
1.31659
1.31652
1.3165
1.31653
1.31661
1.31668
1.31676
1.31684
1.31692
1.31699
1.31708
1.31717
1.31725
1.31733
1.31737
1.31737
1.3173
1.31718
1.31701
1.31683
1.31665
1.3165
1.31641
1.31637
1.31638
1.31642
1.31647
1.31653
1.31658
1.31662
1.31665
1.31667
1.31669
1.31671
1.3167
1.31671
1.31673
1.31677
1.31682
1.31691
1.31701
1.31714
1.31728
1.31737
1.31743
1.31742
1.31735
1.31725
1.31713
1.31702
1.31691
1.31682
1.31671
1.31659
1.31644
1.31629
1.31618
1.31612
1.31611
1.31615
1.31624
1.31637
1.31654
1.31674
1.31695
1.31716
1.31735
1.31749
1.31753
1.31746
1.31727
1.31701
1.31674
1.31653
1.31641
1.31638
1.31642
1.31651
1.31661
1.3167
1.31678
1.31684
1.31689
1.31691
1.31693
1.31693
1.31694
1.31692
1.31692
1.3169
1.31689
1.31687
1.31688
1.3169
1.31691
1.31695
1.317
1.31704
1.31709
1.31713
1.31716
1.31716
1.31713
1.31707
1.317
1.31693
1.31686
1.31682
1.3168
1.31681
1.31684
1.31686
1.31686
1.31684
1.31679
1.3167
1.31661
1.31654
1.31649
1.31648
1.31651
1.31661
1.31672
1.31688
1.31706
1.31725
1.31744
1.31761
1.31771
1.31772
1.31756
1.31724
1.31679
1.31634
1.31601
1.31588
1.31593
1.3161
1.31632
1.31655
1.31675
1.3169
1.31703
1.31711
1.3172
1.31729
1.31743
1.31761
1.31783
1.31805
1.31819
1.31816
1.31786
1.3173
1.31659
1.31593
1.31546
1.31521
1.31516
1.31526
1.31545
1.31568
1.31592
1.31615
1.31638
1.31658
1.31679
1.317
1.31721
1.31743
1.31765
1.31783
1.31793
1.31794
1.31782
1.31763
1.31742
1.31723
1.31707
1.31693
1.31677
1.31655
1.31635
1.31624
1.31625
1.3164
1.31665
1.31696
1.31727
1.31755
1.31777
1.31788
1.31788
1.31776
1.31755
1.3173
1.31709
1.31693
1.31688
1.31688
1.31687
1.31682
1.31668
1.31649
1.31627
1.31611
1.31604
1.31606
1.31615
1.31627
1.31637
1.31646
1.31654
1.3166
1.31667
1.31673
1.31679
1.31685
1.31692
1.31696
1.31701
1.31704
1.31705
1.31705
1.31702
1.31698
1.31693
1.31687
1.3168
1.31675
1.31672
1.3167
1.31671
1.31674
1.31678
1.31684
1.31693
1.31702
1.31712
1.31722
1.31732
1.31741
1.31747
1.31752
1.31753
1.31749
1.31742
1.31729
1.31715
1.31703
1.31694
1.31689
1.3169
1.31694
1.317
1.31706
1.3171
1.31711
1.31708
1.317
1.31689
1.31676
1.3166
1.31645
1.31634
1.31626
1.31625
1.31629
1.31638
1.31651
1.31666
1.3168
1.31693
1.31704
1.3171
1.31715
1.31715
1.31712
1.31708
1.31703
1.31698
1.31693
1.31688
1.31683
1.3168
1.3168
1.3168
1.31683
1.31685
1.31689
1.31693
1.31697
1.317
1.31701
1.31701
1.31699
1.31695
1.3169
1.31685
1.31679
1.31674
1.3167
1.31668
1.31667
1.31666
1.31667
1.3167
1.31673
1.31676
1.31681
1.31687
1.31694
1.31703
1.31711
1.3172
1.31727
1.31733
1.31735
1.31729
1.31717
1.31699
1.31682
1.31667
1.31657
1.31653
1.31655
1.31661
1.31668
1.31677
1.31686
1.31694
1.31701
1.31706
1.31709
1.31708
1.31704
1.31697
1.31689
1.31681
1.31674
1.31669
1.31668
1.3167
1.31676
1.31684
1.31693
1.31702
1.31709
1.31713
1.31715
1.31712
1.31706
1.31697
1.31687
1.31679
1.31673
1.31669
1.31669
1.31672
1.31676
1.31681
1.31686
1.31688
1.31686
1.3168
1.31674
1.31666
1.3166
1.31657
1.31658
1.3166
1.31665
1.3167
1.31675
1.31678
1.31683
1.31685
1.31687
1.3169
1.31691
1.31692
1.31691
1.3169
1.31687
1.31685
1.31683
1.31682
1.31682
1.31682
1.31683
1.31684
1.31685
1.31685
1.31684
1.31684
1.31683
1.31682
1.31682
1.31683
1.31685
1.31688
1.31693
1.31697
1.31703
1.31711
1.31719
1.31728
1.31735
1.31742
1.31746
1.31745
1.31741
1.31734
1.31724
1.31715
1.31707
1.31698
1.31688
1.31676
1.31662
1.3165
1.31643
1.3164
1.31641
1.31645
1.31649
1.31654
1.31657
1.31659
1.31662
1.31666
1.31671
1.31677
1.31685
1.31692
1.317
1.31706
1.31712
1.31716
1.31718
1.31718
1.31716
1.31713
1.31709
1.31704
1.317
1.31695
1.31692
1.31689
1.31688
1.31686
1.31687
1.31687
1.31688
1.3169
1.31693
1.31696
1.31699
1.31702
1.31705
1.31706
1.31706
1.31702
1.31699
1.31694
1.31689
1.31686
1.31686
1.3169
1.31695
1.31702
1.3171
1.31722
1.31733
1.31744
1.31755
1.31766
1.31774
1.31781
1.31788
1.31794
1.31797
1.3179
1.31768
1.31726
1.31676
1.31633
1.31608
1.31601
1.31606
1.31615
1.31623
1.31628
1.31631
1.31634
1.31638
1.31643
1.31648
1.31654
1.3166
1.31666
1.31671
1.31676
1.3168
1.31682
1.31683
1.31683
1.31683
1.31682
1.3168
1.31679
1.31678
1.31678
1.31679
1.3168
1.31682
1.31685
1.31689
1.31694
1.31699
1.31704
1.3171
1.31715
1.31719
1.31724
1.31727
1.31728
1.3173
1.31732
1.31736
1.3174
1.31746
1.31752
1.31758
1.31761
1.31758
1.3175
1.31734
1.31712
1.31689
1.3167
1.31658
1.31655
1.31658
1.31665
1.31674
1.31678
1.31676
1.31666
1.31649
1.31634
1.31622
1.31619
1.31625
1.31639
1.31659
1.31678
1.31697
1.31713
1.31723
1.31728
1.31727
1.31721
1.3171
1.31698
1.31687
1.31677
1.31672
1.3167
1.31669
1.31671
1.31674
1.31677
1.31681
1.31686
1.31689
1.31692
1.31695
1.31696
1.31696
1.31696
1.31695
1.31694
1.31694
1.31693
1.31693
1.31695
1.31698
1.31703
1.31709
1.31716
1.31722
1.31726
1.31727
1.31727
1.31723
1.31716
1.31706
1.31697
1.31688
1.31684
1.31682
1.31683
1.31688
1.31695
1.317
1.31708
1.31714
1.31719
1.31722
1.31725
1.31727
1.31728
1.31727
1.31724
1.31717
1.31705
1.31689
1.31671
1.31652
1.31639
1.31632
1.31631
1.31635
1.31643
1.31652
1.31663
1.31673
1.31684
1.31691
1.31697
1.31701
1.31705
1.31708
1.31709
1.31711
1.3171
1.31709
1.31707
1.31705
1.31703
1.31701
1.31699
1.31697
1.31695
1.31692
1.3169
1.31688
1.31686
1.31684
1.31684
1.31683
1.31683
1.31684
1.31684
1.31686
1.31689
1.31692
1.31696
1.31701
1.31706
1.31711
1.31718
1.31724
1.31729
1.31732
1.31735
1.31735
1.31734
1.31729
1.31724
1.31717
1.31708
1.317
1.3169
1.3168
1.31672
1.31665
1.31661
1.31658
1.31658
1.31659
1.31663
1.31668
1.31674
1.31679
1.31682
1.31683
1.3168
1.31677
1.31673
1.31669
1.31667
1.31666
1.31666
1.31668
1.3167
1.31674
1.31677
1.31682
1.31685
1.31688
1.31691
1.31694
1.31694
1.31693
1.3169
1.31686
1.31682
1.31678
1.31677
1.31677
1.31678
1.31681
1.31683
1.31686
1.31689
1.31692
1.31691
1.31693
1.31692
1.31693
1.31694
1.31695
1.31698
1.317
1.31702
1.31704
1.31707
1.3171
1.3171
1.31711
1.31711
1.31711
1.31709
1.31706
1.31701
1.31695
1.31689
1.31686
1.31682
1.31682
1.31685
1.31692
1.317
1.31709
1.31718
1.31723
1.31723
1.31717
1.31707
1.31694
1.31682
1.31674
1.3167
1.31668
1.31667
1.31666
1.31661
1.31654
1.31647
1.31642
1.31644
1.31652
1.31667
1.31687
1.3171
1.31736
1.31763
1.31784
1.31794
1.31787
1.3176
1.31716
1.31668
1.3163
1.3161
1.3161
1.31623
1.31644
1.31668
1.3169
1.31706
1.3172
1.31729
1.31732
1.3173
1.31725
1.31715
1.31704
1.31693
1.31687
1.31686
1.31692
1.31705
1.31724
1.31748
1.31775
1.31796
1.31808
1.31799
1.31765
1.31706
1.31638
1.31581
1.3155
1.31546
1.31562
1.31587
1.31615
1.31641
1.31662
1.31678
1.31691
1.317
1.31705
1.31709
1.3171
1.31708
1.31705
1.31699
1.31693
1.31688
1.31683
1.31679
1.31675
1.31672
1.31671
1.31671
1.31673
1.31679
1.31687
1.31699
1.31714
1.31733
1.31757
1.31785
1.31814
1.31836
1.31841
1.31821
1.31772
1.31708
1.3165
1.31612
1.31597
1.31598
1.31608
1.31619
1.31631
1.31642
1.31653
1.3166
1.31667
1.31672
1.31676
1.31682
1.31689
1.31696
1.31703
1.3171
1.31717
1.31723
1.3173
1.31735
1.31737
1.31737
1.31734
1.31726
1.31715
1.31705
1.31694
1.31685
1.31679
1.31676
1.31676
1.31678
1.31684
1.31691
1.317
1.31707
1.31715
1.31722
1.31726
1.31726
1.31721
1.31711
1.31698
1.31686
1.31675
1.31668
1.31669
1.31673
1.3168
1.31685
1.31689
1.31691
1.31691
1.31692
1.31696
1.31705
1.31717
1.31732
1.31749
1.31763
1.31776
1.31782
1.31781
1.31773
1.31756
1.31732
1.31706
1.31681
1.31659
1.31645
1.31635
1.31632
1.31634
1.31642
1.31652
1.31666
1.31681
1.31695
1.3171
1.31722
1.31731
1.31735
1.31733
1.31726
1.31716
1.31706
1.317
1.31701
1.3171
1.31728
1.31744
1.3176
1.31766
1.31759
1.31737
1.31705
1.31668
1.31634
1.31609
1.31596
1.31595
1.31602
1.31616
1.31633
1.31651
1.31668
1.31684
1.31699
1.31713
1.31725
1.31736
1.31745
1.31752
1.31758
1.3176
1.31758
1.31752
1.31742
1.31731
1.31721
1.3171
1.31702
1.31697
1.31691
1.31684
1.31674
1.3166
1.31645
1.31634
1.31626
1.31626
1.31633
1.31645
1.3166
1.31674
1.31688
1.31699
1.31708
1.31711
1.3171
1.31706
1.31699
1.3169
1.31681
1.31674
1.31673
1.31675
1.31683
1.31695
1.3171
1.31724
1.31737
1.31749
1.31758
1.31762
1.31759
1.31747
1.31727
1.31705
1.31688
1.3168
1.3168
1.31687
1.31694
1.31697
1.31694
1.31685
1.31675
1.31663
1.31654
1.31648
1.31646
1.31647
1.31652
1.31658
1.31667
1.31676
1.31685
1.31692
1.31697
1.317
1.31704
1.31707
1.3171
1.31716
1.31723
1.31733
1.31746
1.31758
1.31769
1.31774
1.31769
1.31755
1.31732
1.31705
1.3168
1.31666
1.31663
1.3167
1.31686
1.31706
1.31726
1.31741
1.3175
1.31747
1.31732
1.3171
1.31683
1.31658
1.31641
1.31632
1.31632
1.31638
1.31646
1.31655
1.31662
1.31667
1.31673
1.31676
1.3168
1.31685
1.31689
1.31693
1.31698
1.31703
1.31707
1.31711
1.31714
1.31717
1.31719
1.31721
1.31722
1.31724
1.31725
1.31725
1.31725
1.31724
1.31722
1.3172
1.31715
1.31711
1.31705
1.317
1.31695
1.3169
1.31687
1.31685
1.31685
1.31686
1.31688
1.31691
1.31694
1.31699
1.31704
1.3171
1.31715
1.31721
1.31725
1.31728
1.3173
1.3173
1.31726
1.31721
1.31714
1.31705
1.31695
1.31684
1.31675
1.31666
1.31658
1.31654
1.31653
1.31655
1.3166
1.31666
1.31673
1.31681
1.31688
1.31695
1.31701
1.31707
1.31713
1.31716
1.31718
1.31718
1.31715
1.3171
1.31702
1.31693
1.31683
1.31675
1.31669
1.31665
1.31664
1.31665
1.31668
1.3167
1.31672
1.31675
1.31679
1.31682
1.31684
1.31688
1.31691
1.31694
1.31698
1.31703
1.31708
1.31715
1.31722
1.3173
1.31739
1.3175
1.3176
1.31767
1.31769
1.3176
1.31737
1.31703
1.31666
1.31637
1.31624
1.31629
1.31645
1.31664
1.31682
1.31694
1.31702
1.3171
1.3172
1.31734
1.31749
1.31761
1.31761
1.31748
1.31722
1.31692
1.31664
1.31646
1.31637
1.31637
1.31644
1.31654
1.31667
1.31677
1.31683
1.31682
1.31676
1.31665
1.31653
1.31644
1.31642
1.31646
1.31653
1.31664
1.31675
1.31686
1.31695
1.31704
1.3171
1.31715
1.3172
1.31723
1.31724
1.31723
1.31719
1.31713
1.31704
1.31697
1.31688
1.31681
1.31676
1.31674
1.31674
1.31675
1.31678
1.31682
1.31685
1.31689
1.31692
1.31694
1.31696
1.31696
1.31695
1.31693
1.31689
1.31684
1.3168
1.31674
1.31671
1.31669
1.3167
1.31672
1.31675
1.3168
1.31686
1.31691
1.31694
1.31695
1.31694
1.3169
1.31683
1.31677
1.31673
1.31672
1.31674
1.31682
1.31691
1.31702
1.31715
1.31726
1.31737
1.31748
1.31759
1.31771
1.31784
1.318
1.31816
1.31828
1.31828
1.31811
1.31771
1.31712
1.31648
1.31593
1.3156
1.31552
1.31564
1.3159
1.31625
1.31662
1.31699
1.31731
1.31758
1.31773
1.31776
1.31766
1.31742
1.3171
1.31676
1.31645
1.31625
1.31618
1.31624
1.3164
1.31658
1.31679
1.31699
1.31716
1.31732
1.31741
1.31747
1.31747
1.31742
1.31735
1.31725
1.31715
1.31707
1.31701
1.31698
1.31698
1.317
1.31704
1.31712
1.31723
1.31737
1.31753
1.31769
1.31784
1.31793
1.31792
1.31777
1.31752
1.31722
1.31695
1.31676
1.31669
1.3167
1.31677
1.31684
1.3169
1.31696
1.31701
1.31703
1.31705
1.31708
1.31709
1.31712
1.31715
1.31718
1.3172
1.31722
1.31724
1.31727
1.31729
1.31731
1.31732
1.31732
1.31733
1.31734
1.31734
1.31736
1.3174
1.31745
1.31752
1.31762
1.31771
1.3178
1.3178
1.31771
1.31751
1.31723
1.31695
1.31674
1.31665
1.31667
1.31677
1.31692
1.31705
1.31719
1.3173
1.31738
1.31743
1.31745
1.31744
1.31742
1.31736
1.31732
1.31725
1.3172
1.31718
1.31716
1.31718
1.31722
1.3173
1.31742
1.31756
1.31771
1.31786
1.31799
1.31806
1.31804
1.31789
1.31761
1.31723
1.31685
1.31652
1.31634
1.31629
1.31635
1.31647
1.3166
1.31673
1.31684
1.31693
1.317
1.31706
1.3171
1.31713
1.31716
1.31718
1.31721
1.31723
1.31726
1.31728
1.3173
1.31731
1.31731
1.31731
1.3173
1.31728
1.31724
1.31717
1.3171
1.31702
1.31694
1.31688
1.31685
1.31683
1.31684
1.31686
1.3169
1.31694
1.31699
1.31703
1.31707
1.31712
1.31717
1.31721
1.31725
1.31728
1.3173
1.31729
1.31726
1.31722
1.31716
1.31708
1.317
1.31694
1.31694
1.31697
1.31705
1.31717
1.3173
1.31742
1.31747
1.31739
1.31719
1.31689
1.3166
1.31643
1.3164
1.31651
1.3167
1.31693
1.31714
1.31733
1.31748
1.31759
1.31763
1.31763
1.31756
1.31742
1.31725
1.31705
1.31685
1.31669
1.31659
1.31656
1.31661
1.31673
1.31689
1.31707
1.31725
1.31739
1.31749
1.31752
1.31749
1.31739
1.31724
1.31708
1.31692
1.31681
1.31677
1.31679
1.31685
1.31693
1.31701
1.31708
1.31711
1.31712
1.31712
1.31712
1.31714
1.31718
1.31726
1.31737
1.31752
1.3177
1.31786
1.3179
1.31771
1.31729
1.31676
1.31633
1.3162
1.31636
1.31671
1.31712
1.31746
1.31763
1.31762
1.31742
1.31716
1.31693
1.3168
1.31678
1.31684
1.31691
1.31698
1.31703
1.31705
1.31707
1.31707
1.31709
1.31709
1.31711
1.31714
1.31716
1.31719
1.31721
1.31724
1.31726
1.31729
1.3173
1.31733
1.31735
1.31737
1.31738
1.31739
1.31738
1.31737
1.31734
1.31729
1.31727
1.31724
1.31722
1.31724
1.31726
1.3173
1.31734
1.31735
1.31735
1.31735
1.31734
1.31734
1.31734
1.31733
1.31731
1.31726
1.3172
1.31713
1.31702
1.31693
1.31686
1.31681
1.3168
1.3168
1.31685
1.31688
1.31693
1.31696
1.31701
1.31705
1.31708
1.31712
1.31715
1.31719
1.31721
1.31723
1.31725
1.31726
1.31726
1.31726
1.31725
1.31724
1.31721
1.31717
1.31714
1.3171
1.31708
1.31708
1.31709
1.31714
1.31718
1.31724
1.3173
1.31737
1.31743
1.31751
1.3176
1.31772
1.31785
1.31796
1.31805
1.31808
1.31799
1.31776
1.31742
1.31702
1.31663
1.31634
1.31617
1.31615
1.31621
1.31634
1.31647
1.31661
1.31673
1.31684
1.31691
1.31697
1.31701
1.31704
1.31707
1.31708
1.31711
1.31712
1.31715
1.31718
1.31721
1.31724
1.31726
1.31728
1.3173
1.3173
1.31727
1.31723
1.31718
1.31711
1.31704
1.31698
1.31693
1.31692
1.31691
1.31692
1.31694
1.317
1.31703
1.31707
1.31712
1.31717
1.31721
1.31726
1.3173
1.31733
1.31734
1.31736
1.31737
1.31737
1.31737
1.31736
1.31733
1.31728
1.3172
1.3171
1.31698
1.31686
1.31676
1.31671
1.3167
1.31673
1.31679
1.31687
1.31696
1.31704
1.31712
1.31719
1.31727
1.31731
1.31736
1.31738
1.31741
1.31739
1.31735
1.31728
1.31718
1.31708
1.31698
1.31692
1.31688
1.3169
1.31697
1.3171
1.31729
1.31753
1.31779
1.31802
1.31807
1.31783
1.31729
1.31666
1.31617
1.316
1.31613
1.31642
1.31676
1.31708
1.31732
1.31748
1.31753
1.31748
1.31735
1.31716
1.31695
1.31678
1.31667
1.31662
1.31663
1.31668
1.31674
1.31683
1.31691
1.31699
1.31706
1.31713
1.31718
1.31722
1.31725
1.31727
1.31728
1.31729
1.31731
1.31731
1.31733
1.31736
1.31739
1.31745
1.31751
1.31755
1.31757
1.31755
1.31747
1.31734
1.31715
1.31693
1.31674
1.31658
1.3165
1.31646
1.31648
1.31652
1.31662
1.31673
1.31688
1.31702
1.31713
1.3172
1.31722
1.31717
1.31709
1.31697
1.31685
1.31676
1.31671
1.31671
1.31672
1.31675
1.31681
1.31687
1.31693
1.317
1.31705
1.31709
1.31713
1.31715
1.31716
1.31715
1.31712
1.31708
1.31702
1.31694
1.31689
1.31686
1.31685
1.31686
1.31688
1.31689
1.3169
1.31689
1.31685
1.31682
1.31679
1.31678
1.31678
1.31683
1.31689
1.31696
1.31704
1.31712
1.31717
1.3172
1.3172
1.31719
1.31716
1.31714
1.31711
1.31708
1.31707
1.31707
1.31707
1.31708
1.31711
1.31714
1.31717
1.31719
1.31718
1.31713
1.31708
1.31699
1.31692
1.31686
1.31684
1.31688
1.317
1.31717
1.31738
1.31754
1.31757
1.31739
1.31702
1.31658
1.31626
1.31614
1.31624
1.31644
1.31669
1.31692
1.3171
1.31721
1.31728
1.31729
1.31727
1.31719
1.31709
1.31698
1.31689
1.31683
1.31681
1.31683
1.31689
1.31696
1.31705
1.31715
1.31725
1.31732
1.31738
1.31742
1.31744
1.31743
1.3174
1.31736
1.31731
1.31726
1.31721
1.31716
1.31713
1.31711
1.3171
1.3171
1.3171
1.3171
1.31711
1.31712
1.31713
1.31713
1.31713
1.31714
1.31715
1.31717
1.3172
1.31722
1.31726
1.31731
1.31737
1.31742
1.31747
1.31753
1.31757
1.31762
1.31764
1.31767
1.31767
1.31766
1.31762
1.31755
1.31746
1.31732
1.31717
1.31701
1.31688
1.31679
1.31674
1.31673
1.31676
1.31682
1.31688
1.31696
1.31703
1.3171
1.31716
1.31722
1.31726
1.31729
1.31732
1.31735
1.31737
1.31739
1.31739
1.31739
1.31739
1.31738
1.31738
1.31737
1.31736
1.31736
1.31737
1.31736
1.31734
1.31732
1.31727
1.31721
1.31713
1.31705
1.31697
1.31691
1.31687
1.31684
1.31685
1.31688
1.31691
1.31694
1.31698
1.31702
1.31707
1.3171
1.31714
1.31719
1.31723
1.31727
1.3173
1.31731
1.3173
1.31727
1.31723
1.31719
1.31718
1.31721
1.31728
1.31737
1.31746
1.31751
1.3175
1.3174
1.31724
1.31703
1.31683
1.31667
1.31658
1.31654
1.31656
1.3166
1.31664
1.31669
1.31676
1.31683
1.31692
1.31702
1.31715
1.31729
1.31743
1.31755
1.31765
1.3177
1.31769
1.31761
1.31749
1.31734
1.31716
1.31702
1.31692
1.31685
1.31685
1.31687
1.31691
1.31697
1.31703
1.31709
1.31715
1.3172
1.31723
1.31724
1.31721
1.31716
1.31707
1.31696
1.31688
1.31682
1.31681
1.31682
1.31686
1.31693
1.317
1.31708
1.31715
1.31721
1.31727
1.31732
1.31736
1.3174
1.31744
1.31747
1.31751
1.31756
1.3176
1.31763
1.31766
1.31766
1.31763
1.31757
1.31746
1.31731
1.31715
1.31698
1.31683
1.31673
1.31665
1.31661
1.31662
1.31664
1.31669
1.31674
1.31681
1.31686
1.31693
1.31698
1.31704
1.31708
1.31713
1.31717
1.31722
1.31726
1.3173
1.31732
1.31732
1.3173
1.31725
1.31719
1.31711
1.31703
1.31696
1.31692
1.3169
1.31691
1.31695
1.31701
1.31708
1.31715
1.31725
1.31735
1.31744
1.31752
1.31756
1.31755
1.31747
1.31732
1.31714
1.31696
1.31684
1.31678
1.31676
1.31679
1.31684
1.3169
1.31695
1.31699
1.31702
1.31705
1.31707
1.31708
1.31711
1.31713
1.31716
1.31719
1.31723
1.31728
1.31732
1.31735
1.31737
1.31738
1.31737
1.31735
1.31731
1.31723
1.31717
1.3171
1.31703
1.31699
1.31698
1.31698
1.31699
1.31701
1.31703
1.31707
1.3171
1.31714
1.31718
1.31722
1.31725
1.31728
1.31729
1.31729
1.31728
1.31726
1.31723
1.31719
1.31714
1.31708
1.31703
1.31697
1.31694
1.31692
1.3169
1.31689
1.31688
1.31688
1.31689
1.31691
1.31692
1.31694
1.31696
1.31698
1.317
1.317
1.31701
1.31703
1.31705
1.31706
1.31708
1.31711
1.31714
1.31718
1.31724
1.31732
1.31741
1.31752
1.31764
1.31778
1.31796
1.31815
1.31836
1.31852
1.31849
1.31814
1.31751
1.31673
1.31608
1.31568
1.31554
1.31559
1.31579
1.3161
1.31647
1.31686
1.31725
1.31758
1.31782
1.31791
1.31784
1.31765
1.31745
1.31734
1.31733
1.31741
1.31747
1.31745
1.31732
1.31709
1.31683
1.31663
1.3165
1.31649
1.31656
1.3167
1.31686
1.31702
1.31716
1.31727
1.31735
1.3174
1.31741
1.3174
1.31738
1.31737
1.31734
1.31731
1.31725
1.31721
1.31716
1.3171
1.31707
1.31704
1.31703
1.31702
1.31703
1.31703
1.31704
1.31704
1.31705
1.31705
1.31707
1.31711
1.31715
1.31719
1.31724
1.31729
1.31733
1.31736
1.31736
1.31735
1.31733
1.3173
1.31725
1.31721
1.31717
1.31713
1.3171
1.3171
1.31713
1.3172
1.31731
1.3175
1.31775
1.31806
1.31842
1.31875
1.31894
1.31882
1.31831
1.31751
1.31671
1.31614
1.31587
1.31587
1.316
1.31619
1.31639
1.31656
1.31671
1.31684
1.31694
1.31701
1.31708
1.31715
1.31719
1.31723
1.31725
1.31726
1.31729
1.31728
1.31728
1.31726
1.31724
1.31722
1.31722
1.31722
1.31722
1.31722
1.31722
1.31724
1.31726
1.31727
1.31729
1.3173
1.3173
1.31729
1.31728
1.31726
1.31725
1.31724
1.31725
1.31727
1.3173
1.31734
1.31739
1.31743
1.31743
1.31739
1.31731
1.31717
1.31703
1.31689
1.31679
1.31673
1.31672
1.31674
1.31679
1.31687
1.31697
1.31708
1.31722
1.31733
1.31743
1.3175
1.31753
1.31749
1.3174
1.31725
1.31709
1.31691
1.31676
1.31665
1.31661
1.31661
1.31667
1.31678
1.31692
1.31708
1.31725
1.31742
1.31757
1.31767
1.31767
1.31758
1.3174
1.31719
1.31701
1.31689
1.31685
1.31685
1.31688
1.31691
1.31691
1.31691
1.31689
1.31687
1.31685
1.31685
1.31686
1.31688
1.3169
1.31694
1.31698
1.31703
1.31708
1.31714
1.31719
1.31726
1.31734
1.31743
1.31755
1.31769
1.31786
1.31803
1.31816
1.3182
1.3181
1.31784
1.31741
1.31691
1.31645
1.31615
1.31603
1.31606
1.31621
1.3164
1.31659
1.31675
1.31688
1.31696
1.317
1.317
1.31697
1.31692
1.31686
1.31682
1.31678
1.31676
1.31678
1.31681
1.31685
1.3169
1.31694
1.31699
1.31704
1.31708
1.31713
1.31718
1.31723
1.31728
1.31731
1.31732
1.31732
1.3173
1.31727
1.31722
1.31718
1.31714
1.31713
1.31713
1.31715
1.31717
1.3172
1.31722
1.31722
1.31722
1.3172
1.31718
1.31718
1.31719
1.3172
1.31721
1.31723
1.31725
1.31725
1.31726
1.31727
1.31728
1.31731
1.31735
1.31739
1.31737
1.3173
1.31717
1.31701
1.31688
1.31684
1.31693
1.31713
1.31744
1.31779
1.31813
1.31829
1.31818
1.31777
1.31718
1.31663
1.31628
1.31619
1.31628
1.31646
1.31666
1.31687
1.31708
1.31728
1.31748
1.31767
1.31784
1.31798
1.31806
1.31808
1.31801
1.31787
1.31761
1.31725
1.31687
1.31653
1.31633
1.31628
1.31635
1.31649
1.31666
1.31682
1.31697
1.31709
1.31721
1.31731
1.31739
1.31745
1.3175
1.31754
1.31755
1.31753
1.31748
1.31742
1.31735
1.31729
1.31725
1.31723
1.31722
1.31724
1.31726
1.31729
1.31733
1.31735
1.31739
1.31742
1.31747
1.31753
1.31761
1.31768
1.31776
1.31783
1.3179
1.31796
1.31802
1.31805
1.31803
1.3179
1.31764
1.31728
1.31688
1.31653
1.3163
1.31621
1.31625
1.31638
1.31653
1.3167
1.31685
1.31698
1.31709
1.31718
1.31726
1.31733
1.3174
1.31745
1.31747
1.31747
1.31744
1.31738
1.31732
1.31726
1.3172
1.31718
1.31717
1.31721
1.31727
1.31737
1.31748
1.31759
1.3177
1.31778
1.31784
1.31788
1.31788
1.31787
1.31784
1.31782
1.31777
1.31768
1.31752
1.31729
1.31706
1.3169
1.31686
1.31696
1.31714
1.31735
1.31756
1.3177
1.31777
1.31775
1.31766
1.31751
1.31733
1.31717
1.31706
1.31701
1.31704
1.31714
1.31728
1.31739
1.31744
1.31741
1.31727
1.31708
1.31688
1.31675
1.3167
1.31671
1.31679
1.3169
1.31702
1.31713
1.31721
1.3173
1.31738
1.31746
1.31755
1.31762
1.31769
1.31775
1.31778
1.31778
1.31774
1.31765
1.31752
1.31739
1.31728
1.3172
1.31716
1.31717
1.3172
1.31723
1.31728
1.31731
1.31733
1.31731
1.31727
1.31721
1.31713
1.31707
1.31701
1.31697
1.31698
1.317
1.31703
1.31706
1.31711
1.31717
1.31723
1.3173
1.31737
1.31745
1.31752
1.31759
1.31764
1.31768
1.31769
1.31767
1.31761
1.31755
1.31748
1.31743
1.3174
1.31739
1.31738
1.31736
1.31732
1.31727
1.31719
1.3171
1.31702
1.31693
1.31688
1.31688
1.3169
1.31696
1.31703
1.31714
1.31728
1.31744
1.31764
1.31787
1.31809
1.31824
1.31823
1.31797
1.31747
1.31689
1.31646
1.31628
1.31635
1.31654
1.31677
1.31698
1.31715
1.31726
1.31735
1.31738
1.3174
1.31739
1.31737
1.31734
1.31731
1.31727
1.31724
1.31721
1.31719
1.31718
1.31716
1.31717
1.31718
1.31718
1.31719
1.31719
1.3172
1.3172
1.31721
1.3172
1.31719
1.31718
1.31716
1.31716
1.31715
1.31714
1.31714
1.31713
1.31714
1.31716
1.31717
1.31719
1.31721
1.31722
1.31723
1.31723
1.31723
1.31723
1.31722
1.3172
1.31719
1.31717
1.31716
1.31717
1.31718
1.31721
1.31724
1.31726
1.31728
1.31726
1.3172
1.31713
1.31705
1.31697
1.31692
1.31691
1.31693
1.31698
1.31704
1.31709
1.31713
1.31719
1.31724
1.31728
1.31733
1.31737
1.31739
1.31735
1.31726
1.31712
1.31696
1.3168
1.31668
1.31662
1.31664
1.31668
1.31675
1.31685
1.31693
1.317
1.31706
1.31711
1.31715
1.31718
1.3172
1.31723
1.31726
1.31729
1.31732
1.31736
1.31739
1.31741
1.3174
1.31734
1.31725
1.31714
1.31704
1.31698
1.31695
1.317
1.31709
1.31718
1.31726
1.31728
1.31723
1.31711
1.31696
1.31681
1.3167
1.31666
1.31669
1.31674
1.31681
1.31689
1.31696
1.31702
1.31704
1.31705
1.31705
1.31703
1.31702
1.31699
1.31699
1.31698
1.31698
1.317
1.31702
1.31704
1.31708
1.31711
1.31714
1.31718
1.31721
1.31723
1.31725
1.31725
1.31727
1.31727
1.31726
1.31724
1.31724
1.31722
1.3172
1.31719
1.31718
1.31718
1.31719
1.31721
1.31723
1.31727
1.31731
1.31737
1.31744
1.31751
1.31758
1.31765
1.31771
1.31774
1.31774
1.3177
1.31759
1.31743
1.31724
1.31705
1.31689
1.31677
1.31671
1.31669
1.3167
1.31674
1.31679
1.31685
1.31692
1.31699
1.31707
1.31715
1.31725
1.31736
1.31747
1.31758
1.31769
1.31779
1.31786
1.31788
1.31788
1.3178
1.31767
1.31751
1.31734
1.31717
1.31702
1.3169
1.31683
1.31678
1.31677
1.3168
1.31684
1.3169
1.31695
1.31701
1.31707
1.31712
1.31717
1.31721
1.31724
1.31726
1.31726
1.31726
1.31724
1.31724
1.31722
1.31721
1.3172
1.31719
1.31718
1.31717
1.31715
1.31713
1.31712
1.31711
1.31711
1.3171
1.31713
1.31715
1.31719
1.31723
1.31728
1.31732
1.31736
1.31741
1.31744
1.31745
1.31745
1.31742
1.31739
1.31733
1.31726
1.31717
1.31708
1.31698
1.3169
1.31685
1.31683
1.31685
1.31691
1.317
1.3171
1.31721
1.31728
1.31732
1.31731
1.31724
1.31713
1.31699
1.31685
1.31673
1.31665
1.31662
1.31664
1.31671
1.3168
1.31691
1.31702
1.31713
1.31725
1.31737
1.31748
1.31762
1.31775
1.3179
1.31804
1.31814
1.31817
1.31809
1.31787
1.31751
1.31709
1.31668
1.31638
1.31621
1.31616
1.3162
1.31631
1.31645
1.3166
1.31675
1.31689
1.31701
1.31712
1.31722
1.3173
1.31736
1.31741
1.31744
1.31744
1.31743
1.3174
1.31737
1.31734
1.31729
1.31726
1.31723
1.31723
1.31724
1.31727
1.3173
1.31733
1.31734
1.31733
1.31732
1.31728
1.31722
1.31714
1.31708
1.31701
1.31698
1.31696
1.31697
1.31699
1.31702
1.31703
1.31705
1.31708
1.31709
1.3171
1.31712
1.31713
1.31715
1.31718
1.31721
1.31725
1.31728
1.31731
1.31733
1.31735
1.31737
1.31738
1.31738
1.31739
1.31738
1.31737
1.31736
1.31734
1.31733
1.31732
1.31733
1.31735
1.31739
1.31742
1.31745
1.31748
1.31747
1.31744
1.31737
1.31727
1.31716
1.31706
1.31698
1.31694
1.31694
1.31696
1.31701
1.31707
1.31713
1.31719
1.31724
1.31727
1.3173
1.31731
1.31731
1.31729
1.31726
1.31721
1.31717
1.31711
1.31705
1.31701
1.31697
1.31694
1.31692
1.31691
1.31691
1.3169
1.3169
1.31692
1.31695
1.31699
1.31706
1.31713
1.31724
1.31735
1.31746
1.31757
1.31766
1.31771
1.31771
1.31767
1.3176
1.31752
1.31743
1.31734
1.31725
1.31716
1.31708
1.317
1.31693
1.31686
1.31679
1.31672
1.31665
1.31659
1.31655
1.31653
1.31655
1.31657
1.3166
1.31664
1.31669
1.31675
1.31681
1.31689
1.31696
1.31705
1.31714
1.31724
1.31734
1.31745
1.31753
1.3176
1.31764
1.31764
1.31758
1.31749
1.31735
1.31719
1.31703
1.31689
1.31678
1.31672
1.3167
1.31674
1.31682
1.31692
1.31705
1.31718
1.31732
1.31745
1.31756
1.31766
1.31774
1.3178
1.31785
1.31787
1.31789
1.31786
1.31781
1.31773
1.3176
1.31742
1.31716
1.31685
1.31653
1.31629
1.31614
1.31612
1.31618
1.31626
1.31632
1.31635
1.31639
1.31646
1.3166
1.31678
1.317
1.31723
1.31743
1.3176
1.31772
1.31778
1.31781
1.31778
1.3177
1.31756
1.31739
1.31722
1.31704
1.31691
1.31684
1.31681
1.31684
1.31689
1.31695
1.31702
1.3171
1.31717
1.31721
1.31726
1.31729
1.31731
1.31733
1.31734
1.31734
1.31732
1.31731
1.31728
1.31726
1.31723
1.3172
1.31717
1.31714
1.31713
1.3171
1.31709
1.31707
1.31706
1.31705
1.31703
1.31702
1.31702
1.31702
1.31703
1.31705
1.31708
1.31712
1.31716
1.31722
1.3173
1.31739
1.31749
1.31758
1.31765
1.31769
1.31768
1.31761
1.3175
1.31737
1.31727
1.31721
1.31719
1.31719
1.31717
1.31712
1.31706
1.31696
1.31688
1.31679
1.31674
1.3167
1.31672
1.31675
1.3168
1.31686
1.31692
1.31698
1.31703
1.31708
1.31712
1.31717
1.3172
1.31723
1.31725
1.31727
1.31728
1.31728
1.31727
1.31726
1.31725
1.31723
1.31723
1.31723
1.31724
1.31725
1.31726
1.31726
1.31725
1.31723
1.31719
1.31714
1.31708
1.31702
1.31697
1.31692
1.31689
1.31688
1.3169
1.31695
1.31702
1.31713
1.31729
1.31746
1.31767
1.31787
1.31802
1.31804
1.31788
1.31751
1.31704
1.31657
1.31625
1.31611
1.31616
1.3163
1.3165
1.31669
1.31686
1.317
1.31711
1.31717
1.31722
1.31726
1.31728
1.31729
1.3173
1.3173
1.31729
1.31728
1.31725
1.31719
1.31711
1.31703
1.31696
1.31691
1.3169
1.31696
1.31706
1.31721
1.31738
1.31754
1.31766
1.31773
1.31771
1.31761
1.31742
1.3172
1.31697
1.31678
1.31664
1.31656
1.31653
1.31653
1.31656
1.31661
1.31666
1.31673
1.3168
1.31687
1.31696
1.31703
1.31711
1.31719
1.31726
1.31732
1.31738
1.31742
1.31747
1.3175
1.31754
1.31755
1.31756
1.31754
1.3175
1.31744
1.31734
1.31721
1.31706
1.31692
1.3168
1.31672
1.31669
1.3167
1.31675
1.31684
1.31693
1.31706
1.31719
1.31733
1.3175
1.31768
1.31787
1.31808
1.31825
1.31834
1.31829
1.31805
1.31764
1.31712
1.31664
1.31633
1.3162
1.31624
1.31637
1.31654
1.3167
1.31684
1.31693
1.31698
1.317
1.31698
1.31694
1.31691
1.3169
1.31688
1.31689
1.31691
1.31694
1.31697
1.31699
1.31703
1.31705
1.31708
1.31713
1.31717
1.31725
1.31735
1.31749
1.31767
1.31789
1.31813
1.31832
1.31838
1.3182
1.31774
1.31713
1.31651
1.31611
1.31598
1.31604
1.31623
1.31644
1.31665
1.3168
1.31694
1.31704
1.31711
1.31717
1.3172
1.3172
1.31718
1.31713
1.31705
1.31698
1.31689
1.31682
1.31678
1.31676
1.31677
1.31682
1.31688
1.31697
1.31708
1.31723
1.31741
1.31761
1.3178
1.31794
1.31796
1.31783
1.31755
1.3172
1.31688
1.31668
1.31662
1.31664
1.3167
1.31674
1.31674
1.31671
1.31667
1.31662
1.31659
1.31658
1.31658
1.31661
1.31665
1.3167
1.31678
1.31687
1.31698
1.31711
1.31723
1.31737
1.31747
1.31754
1.31758
1.31755
1.31748
1.31738
1.31727
1.31717
1.31708
1.317
1.31691
1.31683
1.31674
1.31665
1.31658
1.31653
1.31651
1.31652
1.31656
1.31662
1.3167
1.3168
1.31688
1.31696
1.31702
1.31706
1.31708
1.31708
1.31707
1.31704
1.317
1.31695
1.3169
1.31685
1.3168
1.31676
1.31674
1.31673
1.31673
1.31675
1.31676
1.31679
1.31683
1.31685
1.31685
1.31686
1.31686
1.31685
1.31684
1.31684
1.31685
1.3169
1.31697
1.31707
1.31717
1.31729
1.3174
1.31746
1.31749
1.31748
1.3174
1.31728
1.31714
1.31702
1.31693
1.31686
1.31682
1.3168
1.3168
1.3168
1.3168
1.3168
1.31678
1.31676
1.31673
1.31671
1.3167
1.31672
1.31674
1.31679
1.31683
1.31689
1.31695
1.31701
1.31707
1.31711
1.31713
1.31713
1.31711
1.31706
1.317
1.31694
1.31688
1.31684
1.31681
1.31681
1.31682
1.31683
1.31685
1.31686
1.31689
1.31691
1.31692
1.31692
1.31693
1.31694
1.31694
1.31695
1.31698
1.31703
1.31709
1.31718
1.31729
1.31741
1.31753
1.31764
1.31768
1.31763
1.31744
1.31717
1.31687
1.31661
1.31646
1.31645
1.31653
1.31668
1.31685
1.31702
1.31721
1.31739
1.31755
1.31769
1.31777
1.31779
1.31769
1.31751
1.31727
1.31703
1.31684
1.31671
1.31665
1.31663
1.31665
1.31669
1.31673
1.31678
1.31681
1.31683
1.31685
1.31685
1.31687
1.31689
1.31693
1.31699
1.31706
1.31715
1.31725
1.31733
1.31738
1.3174
1.31739
1.31733
1.31723
1.31711
1.317
1.3169
1.31683
1.3168
1.31682
1.31687
1.31694
1.31699
1.31705
1.3171
1.31713
1.31714
1.31712
1.31709
1.31705
1.31699
1.31694
1.31691
1.3169
1.31689
1.3169
1.31693
1.31696
1.31699
1.31703
1.31706
1.31708
1.31709
1.31711
1.31713
1.31714
1.31716
1.31715
1.31714
1.31712
1.31707
1.31702
1.31696
1.31689
1.31681
1.31676
1.31671
1.31669
1.31668
1.3167
1.31673
1.31676
1.31681
1.31684
1.31687
1.31688
1.31689
1.3169
1.3169
1.31688
1.31688
1.31686
1.31685
1.31684
1.31683
1.31684
1.31686
1.31687
1.31689
1.31691
1.31695
1.31699
1.31702
1.31706
1.31709
1.31713
1.31716
1.31719
1.3172
1.3172
1.31718
1.31715
1.3171
1.31705
1.31697
1.31691
1.31685
1.31678
1.31675
1.31673
1.31674
1.31681
1.31691
1.31705
1.31723
1.31742
1.31763
1.31781
1.31794
1.31797
1.31788
1.31766
1.31733
1.31694
1.31659
1.3163
1.3161
1.31599
1.31598
1.31603
1.31612
1.31624
1.31639
1.31653
1.31669
1.31686
1.31704
1.31721
1.31737
1.31751
1.31763
1.3177
1.31773
1.3177
1.31761
1.31751
1.31739
1.31728
1.31721
1.31718
1.31717
1.3172
1.31725
1.3173
1.31735
1.31738
1.31735
1.31729
1.31719
1.31705
1.31694
1.31683
1.31677
1.31675
1.31677
1.31678
1.3168
1.31683
1.31685
1.31686
1.31687
1.31687
1.31688
1.31689
1.31691
1.31694
1.31698
1.31702
1.31706
1.31711
1.31716
1.31722
1.31729
1.31737
1.31746
1.31757
1.31768
1.3178
1.3179
1.31798
1.31799
1.31794
1.31781
1.3176
1.31735
1.31709
1.31683
1.31663
1.31651
1.31644
1.31644
1.31648
1.31655
1.31663
1.31673
1.31681
1.31689
1.31696
1.31701
1.31706
1.3171
1.31713
1.31716
1.31717
1.31718
1.31717
1.31716
1.31714
1.31712
1.31709
1.31706
1.31703
1.31699
1.31696
1.31693
1.31691
1.31689
1.31689
1.3169
1.31691
1.31694
1.31697
1.317
1.31703
1.31707
1.31709
1.3171
1.3171
1.3171
1.31711
1.3171
1.31711
1.31715
1.31721
1.31728
1.31738
1.31747
1.31754
1.31755
1.3175
1.31737
1.31722
1.31706
1.31696
1.31689
1.31685
1.3168
1.31673
1.31663
1.31655
1.31651
1.31652
1.31657
1.31665
1.31674
1.31682
1.31688
1.31693
1.31694
1.31694
1.31693
1.31693
1.31691
1.3169
1.31689
1.3169
1.31691
1.31693
1.31697
1.31701
1.31705
1.31708
1.31711
1.31714
1.31716
1.31716
1.31715
1.31713
1.31711
1.31708
1.31704
1.31701
1.317
1.31699
1.317
1.31701
1.31703
1.31706
1.3171
1.31715
1.31719
1.31722
1.31724
1.31726
1.31728
1.31728
1.31728
1.31727
1.31723
1.31718
1.31713
1.31705
1.31697
1.31688
1.31679
1.31672
1.31667
1.31664
1.31664
1.31667
1.31673
1.31681
1.31691
1.31702
1.31713
1.31726
1.31738
1.3175
1.31762
1.3177
1.31775
1.31775
1.3177
1.31759
1.31746
1.31731
1.31717
1.31706
1.317
1.31696
1.31696
1.31697
1.31698
1.31696
1.31693
1.31687
1.3168
1.31674
1.31669
1.31667
1.31667
1.3167
1.31674
1.31679
1.31684
1.31688
1.31692
1.31695
1.31698
1.31701
1.31703
1.31704
1.31706
1.31707
1.31709
1.31711
1.31712
1.31714
1.31717
1.3172
1.31726
1.31733
1.31744
1.31758
1.31777
1.31799
1.31819
1.31833
1.31833
1.31811
1.3177
1.31725
1.31688
1.31669
1.31667
1.3167
1.31675
1.31676
1.31672
1.31667
1.31665
1.31666
1.3167
1.31674
1.31677
1.31677
1.31672
1.31663
1.31654
1.31646
1.31641
1.31642
1.31647
1.31656
1.31666
1.31676
1.31686
1.31695
1.31703
1.31709
1.31714
1.31716
1.31717
1.31715
1.31712
1.31707
1.31702
1.31698
1.31695
1.31693
1.31694
1.31695
1.31698
1.317
1.31703
1.31707
1.31709
1.3171
1.31711
1.31712
1.31713
1.31713
1.31714
1.31716
1.31719
1.31726
1.31733
1.31743
1.31757
1.31774
1.31789
1.31801
1.31806
1.31796
1.31773
1.3174
1.31702
1.31673
1.31655
1.31651
1.31655
1.31661
1.31665
1.31663
