3.14761
3.1391
3.12357
3.0995
3.06467
3.01594
2.94944
2.86087
2.74627
2.60335
2.43364
2.24469
2.05063
1.86946
1.71817
1.60827
1.54362
1.52042
1.52914
1.55777
1.59497
1.6322
1.66455
1.69076
1.7121
1.73098
1.74944
1.76805
1.78559
1.79977
1.80828
1.8102
1.80649
1.79968
1.793
1.7896
1.79199
1.80124
1.81612
1.83327
1.84837
1.85805
1.86131
1.85989
1.85725
1.85652
1.85895
1.86368
1.8687
1.87233
1.87381
1.87316
1.87049
1.86528
1.85639
1.8428
1.82499
1.80618
1.79169
1.78546
1.78658
1.78988
1.78984
1.78373
1.77227
1.75878
1.74764
1.74269
1.7457
1.75562
1.76891
1.78113
1.78899
1.79161
1.7905
1.78823
1.78703
1.7882
1.79212
1.79834
1.80579
1.8133
1.81999
1.82557
1.83006
1.83324
1.83425
1.83185
1.82532
1.81524
1.80356
1.79288
1.78525
1.78126
1.78035
1.7819
1.78587
1.79262
1.80251
1.816
1.83353
1.8547
1.87765
1.89931
1.91674
1.92811
1.93289
1.93139
1.92431
1.91263
1.89769
1.88107
1.86481
1.85119
1.84213
1.83833
1.8388
1.8411
1.84234
1.84026
1.83363
1.8219
1.80454
1.78053
1.74913
1.71146
1.67169
1.63661
1.6132
1.60612
1.6167
1.64353
1.68357
1.73241
1.78448
1.83432
1.87842
1.91545
1.94475
1.96475
1.97297
1.96706
1.94578
1.90965
1.86153
1.807
1.75365
1.70914
1.67884
1.66449
1.66486
1.67719
1.69825
1.72456
1.75247
1.77838
1.79897
1.81155
1.81421
1.806
1.78726
1.76018
1.72933
1.70122
1.68266
1.67824
1.68861
1.71037
1.73767
1.76445
1.7862
1.80083
1.80865
1.81158
1.81215
1.81239
1.81306
1.8136
1.81249
1.80795
1.79872
1.78478
1.76795
1.75184
1.74066
1.73723
1.74126
1.74929
1.75664
1.75996
1.75861
1.75428
1.7491
1.74424
1.73958
1.73354
1.72383
1.70915
1.68968
1.66614
1.63916
1.60957
1.57908
1.55071
1.52823
1.51516
1.51381
1.52492
1.54771
1.58016
1.61924
1.66136
1.703
1.74107
1.77302
1.79696
1.8123
1.82002
1.8222
1.82067
1.81657
1.81087
1.80464
1.79858
1.79235
1.78454
1.77339
1.75805
1.73936
1.72006
1.70392
1.69427
1.69259
1.69829
1.7094
1.72374
1.73983
1.75696
1.77487
1.79328
1.81173
1.82952
1.84614
1.86171
1.87701
1.89346
1.91243
1.93449
1.95888
1.98341
2.00471
2.01898
2.02301
2.01498
1.99483
1.96419
1.92611
1.88458
1.8439
1.80821
1.78106
1.76531
1.7627
1.77301
1.7933
1.81799
1.84012
1.85331
1.85335
1.83896
1.81193
1.77674
1.7402
1.71014
1.69302
1.69141
1.70336
1.72438
1.74956
1.77446
1.7952
1.80914
1.81556
1.81545
1.81055
1.80232
1.79178
1.77997
1.76883
1.76127
1.76035
1.7677
1.78265
1.80248
1.8234
1.84193
1.8557
1.86409
1.86794
1.86872
1.86744
1.86436
1.85932
1.85303
1.84724
1.84377
1.84256
1.84128
1.83708
1.82847
1.81617
1.80226
1.78856
1.77552
1.76229
1.74781
1.7319
1.71565
1.70066
1.68809
1.67825
1.67111
1.66694
1.66665
1.67147
1.68241
1.69964
1.72203
1.74734
1.773
1.79703
1.81843
1.83706
1.85312
1.86653
1.87691
1.88391
1.88777
1.88941
1.89011
1.89083
1.89202
1.89346
1.89432
1.8934
1.88948
1.88173
1.87013
1.85525
1.83792
1.81877
1.79818
1.77664
1.75507
1.73521
1.71938
1.70953
1.70606
1.70732
1.71011
1.71103
1.70783
1.70016
1.68964
1.6792
1.67178
1.66914
1.67166
1.67895
1.69072
1.70715
1.72837
1.75326
1.77901
1.80195
1.81901
1.8289
1.83208
1.82994
1.82421
1.81666
1.80899
1.8025
1.79797
1.79564
1.79529
1.79654
1.79911
1.80291
1.80785
1.81345
1.8185
1.82114
1.81932
1.81169
1.79826
1.78073
1.76205
1.74525
1.73245
1.72464
1.72228
1.72597
1.73636
1.75359
1.77689
1.80466
1.83488
1.86558
1.89484
1.92076
1.94163
1.95609
1.96325
1.96282
1.95501
1.94038
1.91963
1.89381
1.86443
1.83345
1.80279
1.77413
1.74887
1.72828
1.71352
1.70556
1.70481
1.71068
1.72127
1.73369
1.74465
1.75129
1.75165
1.74527
1.73377
1.72085
1.71108
1.70774
1.7112
1.71901
1.72748
1.73358
1.7363
1.73687
1.73786
1.74199
1.75096
1.76475
1.78132
1.79705
1.80799
1.81114
1.80582
1.79415
1.78046
1.76939
1.76351
1.76195
1.76139
1.75861
1.75335
1.7493
1.75199
1.76413
1.78251
1.79939
1.80683
1.80014
1.77951
1.75029
1.7219
1.70496
1.70663
1.72711
1.76038
1.79829
1.83415
1.86369
1.88466
1.89615
1.89828
1.89193
1.87885
1.8616
1.84325
1.82669
1.81379
1.8047
1.79812
1.79222
1.7856
1.778
1.77053
1.76537
1.76444
1.76796
1.77426
1.78089
1.78579
1.7877
1.78598
1.78054
1.77214
1.76287
1.75632
1.75657
1.76592
1.78303
1.80354
1.82252
1.83648
1.8438
1.84439
1.83954
1.83186
1.8247
1.82083
1.82116
1.82421
1.82673
1.82494
1.81604
1.79932
1.77653
1.75148
1.72883
1.71277
1.706
1.70971
1.72408
1.74831
1.77977
1.81364
1.84409
1.86636
1.87781
1.87783
1.86714
1.8469
1.81835
1.78293
1.74294
1.70197
1.66471
1.63596
1.61929
1.61578
1.62348
1.63801
1.6543
1.66854
1.67982
1.69039
1.70441
1.72552
1.75482
1.79061
1.82968
1.86878
1.90512
1.93621
1.9598
1.97403
1.97781
1.97096
1.95451
1.93098
1.90458
1.88059
1.86336
1.85386
1.84926
1.84473
1.83598
1.82072
1.79905
1.77313
1.74642
1.72282
1.70566
1.69706
1.69779
1.70752
1.72484
1.74754
1.7728
1.79767
1.81971
1.8372
1.84918
1.85537
1.85596
1.85147
1.84272
1.83038
1.81496
1.79665
1.77564
1.75272
1.72982
1.71022
1.69817
1.69737
1.709
1.7306
1.75724
1.78349
1.80466
1.81724
1.81943
1.81211
1.79907
1.78458
1.77018
1.75441
1.73555
1.71357
1.69005
1.66733
1.64771
1.6332
1.62614
1.62967
1.64592
1.67281
1.70345
1.7295
1.74533
1.74976
1.7457
1.73866
1.73481
1.73868
1.75115
1.76938
1.78857
1.80427
1.81393
1.81713
1.81514
1.81016
1.80452
1.79999
1.79758
1.79766
1.80011
1.80432
1.80903
1.8125
1.81285
1.80845
1.79829
1.78245
1.76245
1.74127
1.7227
1.7103
1.70651
1.7123
1.72691
1.74814
1.77276
1.79732
1.81884
1.8354
1.84631
1.85206
1.85407
1.85439
1.85532
1.85893
1.86648
1.87806
1.89248
1.90733
1.91932
1.925
1.92165
1.90808
1.88489
1.85427
1.81952
1.78449
1.75311
1.72871
1.71321
1.70632
1.70564
1.70768
1.70916
1.7082
1.70504
1.7023
1.70403
1.7138
1.73263
1.75845
1.78743
1.81587
1.84114
1.8616
1.87601
1.88326
1.88241
1.87294
1.85533
1.83139
1.80392
1.77599
1.75018
1.72813
1.71053
1.69709
1.6866
1.67726
1.66753
1.65702
1.64702
1.6396
1.63596
1.63522
1.63517
1.63418
1.63254
1.63224
1.63568
1.64419
1.65694
1.67073
1.68156
1.68677
1.68614
1.68155
1.6754
1.6692
1.66322
1.65728
1.65187
1.64869
1.65027
1.65866
1.6741
1.695
1.71933
1.74581
1.77328
1.79959
1.82145
1.83559
1.83989
1.83393
1.81901
1.79775
1.77345
1.74942
1.72863
1.71407
1.70892
1.71575
1.73487
1.76313
1.79445
1.82177
1.83948
1.84487
1.83861
1.82411
1.80591
1.78798
1.77303
1.76295
1.75944
1.76369
1.7752
1.79123
1.80771
1.82118
1.83026
1.83594
1.84064
1.84666
1.85509
1.86525
1.87495
1.88122
1.88137
1.87386
1.85889
1.83827
1.81467
1.79057
1.76788
1.74808
1.73233
1.72105
1.71368
1.70905
1.70585
1.70292
1.69956
1.6961
1.69413
1.6959
1.70295
1.71496
1.72965
1.74373
1.75406
1.75834
1.75498
1.74307
1.72248
1.69479
1.6639
1.63494
1.61139
1.59335
1.57898
1.567
1.5578
1.55303
1.55454
1.56339
1.57948
1.60176
1.62895
1.66015
1.69487
1.73224
1.77014
1.80531
1.83406
1.85305
1.85996
1.85424
1.83774
1.81452
1.78938
1.766
1.74544
1.72619
1.70606
1.68437
1.66348
1.64815
1.64315
1.65067
1.66929
1.69473
1.72161
1.74497
1.76139
1.76943
1.76938
1.76262
1.75121
1.73776
1.72524
1.71667
1.7143
1.71903
1.73007
1.7456
1.76332
1.78088
1.79603
1.80659
1.8107
1.80725
1.79659
1.781
1.76453
1.75176
1.74622
1.74937
1.76063
1.77809
1.79906
1.8206
1.83988
1.85435
1.86205
1.86186
1.85365
1.83835
1.81778
1.79431
1.7707
1.74989
1.73474
1.72727
1.72769
1.73396
1.74266
1.75069
1.75631
1.75872
1.75698
1.75005
1.7381
1.72385
1.71217
1.70807
1.71422
1.72989
1.75172
1.77554
1.79797
1.81689
1.8312
1.84053
1.84518
1.84611
1.84479
1.84285
1.84151
1.8414
1.84246
1.84433
1.84643
1.84822
1.84921
1.84905
1.84785
1.84647
1.84654
1.84982
1.85734
1.8687
1.88209
1.89526
1.90637
1.91349
1.91405
1.90558
1.88728
1.86056
1.82853
1.79522
1.76524
1.74325
1.73294
1.73553
1.74896
1.76832
1.78756
1.80141
1.80668
1.80273
1.7911
1.77476
1.75727
1.74187
1.73077
1.72467
1.72286
1.7236
1.72488
1.72508
1.72353
1.72059
1.71749
1.71605
1.71804
1.72452
1.73534
1.74913
1.76397
1.77816
1.79113
1.8037
1.81702
1.83112
1.84421
1.85375
1.85776
1.85545
1.8469
1.83261
1.81377
1.79288
1.77383
1.76073
1.75619
1.76053
1.77232
1.7896
1.81033
1.83188
1.85065
1.86249
1.8638
1.85259
1.82886
1.79454
1.75318
1.70978
1.67065
1.64262
1.63097
1.63689
1.65702
1.68584
1.71837
1.75134
1.78318
1.8134
1.84208
1.86904
1.8931
1.9122
1.9241
1.92741
1.92192
1.90879
1.88989
1.86716
1.84203
1.81524
1.78735
1.75946
1.73355
1.71228
1.69826
1.69356
1.69867
1.71159
1.728
1.74288
1.75265
1.756
1.75332
1.74561
1.73366
1.71793
1.69906
1.67871
1.65988
1.6453
1.63508
1.62676
1.61799
1.60926
1.60418
1.60783
1.62429
1.6542
1.69388
1.73695
1.77719
1.80998
1.83219
1.84174
1.83737
1.81891
1.78778
1.74738
1.70305
1.66121
1.62755
1.60536
1.59492
1.59399
1.59898
1.60604
1.61175
1.61378
1.61129
1.60528
1.59854
1.59486
1.59759
1.60832
1.62616
1.64831
1.67126
1.69164
1.70679
1.71553
1.71862
1.71872
1.71912
1.72183
1.72651
1.73142
1.73568
1.74065
1.74933
1.76421
1.78509
1.80866
1.82983
1.84353
1.8458
1.83437
1.80887
1.77139
1.72691
1.68306
1.64826
1.62882
1.62664
1.63959
1.66351
1.69433
1.72874
1.76383
1.79675
1.82486
1.84621
1.85979
1.86549
1.86359
1.85452
1.83912
1.81922
1.79773
1.778
1.76256
1.75248
1.74754
1.7467
1.7487
1.75287
1.75961
1.7702
1.78548
1.80458
1.82483
1.84294
1.85635
1.86384
1.86544
1.86197
1.85447
1.84352
1.82911
1.81092
1.7892
1.7657
1.74382
1.72732
1.71852
1.7171
1.72072
1.72691
1.73465
1.74442
1.75728
1.77372
1.79286
1.81213
1.82757
1.8349
1.83066
1.81341
1.78468
1.74936
1.71466
1.68717
1.66955
1.66017
1.6554
1.65186
1.64675
1.63727
1.6207
1.59524
1.56139
1.52394
1.49351
1.48242
1.49412
1.51951
1.54718
1.57242
1.59629
1.62083
1.6463
1.6711
1.69283
1.70936
1.71986
1.72514
1.72732
1.72871
1.73083
1.73418
1.73868
1.74384
1.74825
1.74961
1.74595
1.7372
1.72571
1.71512
1.70809
1.70449
1.70133
1.69464
1.68157
1.6614
1.63532
1.60589
1.57645
1.55032
1.52967
1.51508
1.50643
1.50389
1.50811
1.51962
1.53845
1.56391
1.59458
1.62824
1.66198
1.69241
1.71594
1.72938
1.731
1.72149
1.70396
1.68293
1.66311
1.64859
1.64266
1.64729
1.66195
1.68329
1.70617
1.72556
1.73836
1.74407
1.74426
1.74106
1.736
1.72988
1.72309
1.71603
1.70916
1.70298
1.69797
1.69437
1.69194
1.68998
1.68766
1.68445
1.68022
1.67514
1.66949
1.66386
1.6594
1.65775
1.66051
1.66874
1.6827
1.70208
1.7264
1.75515
1.78767
1.82253
1.85743
1.88952
1.9164
1.93668
1.94981
1.95547
1.95327
1.94272
1.92397
1.89835
1.8686
1.83812
1.80987
1.78548
1.76525
1.74898
1.73676
1.72914
1.72652
1.7283
1.73248
1.73615
1.73684
1.73375
1.72817
1.72289
1.72083
1.72401
1.73323
1.74859
1.76972
1.79549
1.82328
1.84917
1.86901
1.8797
1.87986
1.86972
1.85069
1.82488
1.79488
1.76322
1.73208
1.70303
1.67712
1.65516
1.63792
1.62596
1.61936
1.61762
1.61995
1.62567
1.63445
1.6464
1.66216
1.6826
1.70785
1.7362
1.76397
1.78712
1.80306
1.81132
1.81306
1.80982
1.80259
1.7915
1.77636
1.75774
1.7377
1.71975
1.70768
1.70402
1.70897
1.72052
1.7354
1.75017
1.76198
1.76866
1.76866
1.76118
1.74689
1.72866
1.71154
1.70146
1.70288
1.7167
1.74012
1.76837
1.79668
1.82142
1.84021
1.85154
1.85461
1.8496
1.83837
1.8246
1.81292
1.80679
1.80689
1.81151
1.81854
1.8271
1.83797
1.85251
1.87096
1.89198
1.91351
1.93369
1.95079
1.96267
1.9665
1.95967
1.94199
1.91777
1.89558
1.88343
1.88309
1.88997
1.89774
1.90169
1.89936
1.89027
1.87578
1.85885
1.84279
1.82936
1.81767
1.80545
1.79176
1.77851
1.76949
1.76797
1.77456
1.78688
1.80112
1.81406
1.82432
1.8317
1.8355
1.83342
1.82253
1.80236
1.77743
1.75554
1.74202
1.73606
1.73379
1.7334
1.73644
1.74532
1.76076
1.78129
1.8046
1.8287
1.8521
1.87358
1.89193
1.90557
1.91238
1.91004
1.89724
1.87465
1.84526
1.81351
1.7841
1.76047
1.74395
1.73365
1.72734
1.72268
1.71835
1.71425
1.71112
1.70983
1.71095
1.71491
1.72268
1.73582
1.75584
1.78288
1.81501
1.8485
1.87899
1.90282
1.91788
1.92403
1.92289
1.91707
1.90909
1.90054
1.89161
1.88136
1.86823
1.85053
1.82697
1.79713
1.76216
1.72528
1.69143
1.66587
1.65226
1.65157
1.66212
1.68036
1.70178
1.72203
1.73776
1.74739
1.75125
1.75103
1.74867
1.74531
1.74132
1.73698
1.73291
1.73006
1.72921
1.73076
1.73454
1.74015
1.74708
1.75482
1.76273
1.7698
1.77476
1.77639
1.77416
1.7685
1.76098
1.75364
1.74812
1.74476
1.74217
1.73768
1.72865
1.71397
1.69515
1.67611
1.66129
1.65314
1.65117
1.65312
1.65685
1.66088
1.66415
1.66576
1.66498
1.66168
1.65684
1.65255
1.65133
1.65497
1.66376
1.67662
1.69198
1.70862
1.7261
1.74444
1.76348
1.7823
1.79923
1.81236
1.82019
1.82211
1.81872
1.81208
1.80554
1.80272
1.80529
1.8116
1.81761
1.8194
1.81499
1.80466
1.79031
1.77479
1.76113
1.75176
1.74798
1.74963
1.75531
1.76284
1.76991
1.77464
1.77612
1.77456
1.7709
1.766
1.75984
1.75155
1.74043
1.72717
1.71393
1.70324
1.69613
1.69097
1.68448
1.67454
1.6631
1.65573
1.65652
1.66382
1.67228
1.67788
1.67975
1.67896
1.67698
1.67494
1.67325
1.67114
1.66643
1.65585
1.63597
1.60467
1.56321
1.51856
1.48336
1.47083
1.48598
1.52222
1.56715
1.61036
1.64635
1.67352
1.69219
1.70339
1.70836
1.7085
1.70543
1.7009
1.69663
1.69399
1.69357
1.6952
1.69839
1.70303
1.70925
1.7171
1.72597
1.73456
1.74099
1.74348
1.74109
1.73405
1.72386
1.71264
1.70216
1.69323
1.68568
1.67862
1.67051
1.65937
1.64341
1.62208
1.59686
1.57117
1.5493
1.53467
1.52861
1.53037
1.53826
1.55064
1.56599
1.58234
1.59704
1.60731
1.61142
1.60967
1.60457
1.59981
1.59875
1.60356
1.61552
1.6356
1.66433
1.70057
1.7405
1.77801
1.80668
1.82204
1.82267
1.81034
1.78909
1.76381
1.73894
1.71784
1.703
1.6967
1.70099
1.71616
1.73955
1.7666
1.79323
1.81698
1.83658
1.85112
1.85961
1.86133
1.85621
1.84509
1.82962
1.81195
1.79413
1.77764
1.76304
1.75006
1.73782
1.72525
1.71135
1.69545
1.67774
1.65953
1.64313
1.63088
1.62381
1.6212
1.62153
1.62387
1.6283
1.63565
1.64706
1.66369
1.68593
1.71256
1.74071
1.76705
1.78894
1.80491
1.81455
1.8182
1.81669
1.81121
1.80328
1.79467
1.78713
1.78171
1.77806
1.77411
1.76709
1.75507
1.73806
1.71796
1.69791
1.68138
1.67146
1.6702
1.67779
1.69169
1.70689
1.71739
1.71851
1.70855
1.68922
1.66488
1.6412
1.6237
1.61658
1.62187
1.63886
1.66413
1.69275
1.72009
1.74322
1.76116
1.77431
1.78372
1.79049
1.79529
1.79846
1.80009
1.80001
1.79769
1.79236
1.7834
1.77067
1.7546
1.73624
1.71712
1.69898
1.68325
1.67094
1.66283
1.65971
1.66245
1.67137
1.68577
1.70394
1.72371
1.74309
1.7604
1.77412
1.78282
1.7854
1.78158
1.77216
1.7583
1.74076
1.71989
1.69662
1.67363
1.65533
1.64652
1.65004
1.6653
1.68892
1.71669
1.74529
1.77262
1.79721
1.81729
1.83066
1.83498
1.8286
1.81155
1.78615
1.75704
1.72999
1.70987
1.69898
1.69689
1.70145
1.71
1.71992
1.72907
1.73614
1.74102
1.7447
1.74906
1.75673
1.7701
1.7897
1.81332
1.83701
1.85692
1.87057
1.87712
1.87686
1.8705
1.85893
1.84321
1.82476
1.80496
1.78487
1.76485
1.74458
1.72331
1.70049
1.67637
1.65233
1.63076
1.61455
1.60636
1.60779
1.61888
1.63825
1.66366
1.69274
1.72372
1.75561
1.78799
1.82047
1.85175
1.87932
1.89989
1.91016
1.90762
1.89112
1.86122
1.82062
1.77414
1.72846
1.69085
1.66738
1.66116
1.67151
1.69442
1.72409
1.75488
1.78259
1.8047
1.82007
1.8287
1.83167
1.83079
1.82785
1.82427
1.82112
1.81965
1.8214
1.82773
1.83901
1.85422
1.8711
1.88657
1.89732
1.90066
1.89508
1.88068
1.85931
1.83401
1.80818
1.78446
1.76392
1.74618
1.73015
1.71512
1.70154
1.69078
1.6838
1.67957
1.67513
1.66762
1.65705
1.64767
1.64632
1.65834
1.68382
1.71785
1.75396
1.78719
1.81487
1.83596
1.85038
1.85886
1.86279
1.86383
1.86331
1.86199
1.85994
1.85682
1.85199
1.84457
1.83378
1.81933
1.80182
1.78299
1.76547
1.75199
1.74401
1.74072
1.73936
1.73689
1.73193
1.72521
1.71852
1.71304
1.70874
1.70467
1.69975
1.69342
1.68664
1.68299
1.68839
1.70778
1.74053
1.77931
1.81403
1.8367
1.84397
1.83717
1.82105
1.80183
1.78491
1.7733
1.76747
1.76639
1.76845
1.7721
1.77608
1.77961
1.78222
1.78353
1.78305
1.78034
1.77513
1.76751
1.75801
1.74764
1.73751
1.72848
1.72082
1.71403
1.70692
1.69802
1.68607
1.67042
1.65124
1.62958
1.6072
1.58646
1.57019
1.56136
1.56251
1.5747
1.59685
1.62587
1.65751
1.68772
1.71421
1.73749
1.76051
1.78613
1.81441
1.84215
1.86479
1.87839
1.8807
1.87153
1.85248
1.82648
1.79689
1.76664
1.73764
1.71084
1.68664
1.66523
1.64684
1.63215
1.62226
1.61791
1.61865
1.62312
1.63016
1.63959
1.6518
1.66717
1.68561
1.70674
1.73022
1.75579
1.78289
1.81015
1.83567
1.85798
1.87698
1.89355
1.90818
