-6.36179
-6.35263
-6.33633
-6.30873
-6.26873
-6.21449
-6.14357
-6.04954
-5.93065
-5.7843
-5.61115
-5.42231
-5.23036
-5.05268
-4.90602
-4.80076
-4.74265
-4.72376
-4.73533
-4.76529
-4.80329
-4.83988
-4.87223
-4.89711
-4.91763
-4.93609
-4.95442
-4.97224
-4.99002
-5.00418
-5.01205
-5.01318
-5.00721
-5.00101
-4.99452
-4.99176
-4.99527
-5.00609
-5.02122
-5.03821
-5.05395
-5.06163
-5.06521
-5.06365
-5.06092
-5.05959
-5.06217
-5.06626
-5.07106
-5.07495
-5.0762
-5.07475
-5.0708
-5.06498
-5.05536
-5.04174
-5.02302
-5.00409
-4.99076
-4.986
-4.98823
-4.99232
-4.99143
-4.98394
-4.97105
-4.95865
-4.94737
-4.94363
-4.94712
-4.95757
-4.97005
-4.9812
-4.99018
-4.99173
-4.99129
-4.98753
-4.98652
-4.98766
-4.99139
-4.99945
-5.00726
-5.01517
-5.02176
-5.02752
-5.03265
-5.03461
-5.03564
-5.03269
-5.02621
-5.01556
-5.00371
-4.99417
-4.9866
-4.9822
-4.9814
-4.98258
-4.98651
-4.9931
-5.00212
-5.01584
-5.03423
-5.05584
-5.07851
-5.10033
-5.11766
-5.12913
-5.13417
-5.13298
-5.12463
-5.11181
-5.09647
-5.07964
-5.06459
-5.05151
-5.04311
-5.03981
-5.04105
-5.04291
-5.04436
-5.04248
-5.03414
-5.02173
-5.00345
-4.97782
-4.94495
-4.90621
-4.86643
-4.83176
-4.80907
-4.80391
-4.81575
-4.84437
-4.88521
-4.93524
-4.98822
-5.03882
-5.08149
-5.11839
-5.14715
-5.16549
-5.17239
-5.16437
-5.14139
-5.10284
-5.05393
-4.9987
-4.94575
-4.90293
-4.87435
-4.86278
-4.86267
-4.87572
-4.89898
-4.92547
-4.95349
-4.97931
-5.00011
-5.01238
-5.01473
-5.00528
-4.98511
-4.95786
-4.92682
-4.89983
-4.88358
-4.88039
-4.8921
-4.91425
-4.94116
-4.96684
-4.98809
-5.00245
-5.01012
-5.01376
-5.01377
-5.01419
-5.01474
-5.01595
-5.01473
-5.00931
-5.00019
-4.98584
-4.9689
-4.95339
-4.94335
-4.94014
-4.94446
-4.95278
-4.95925
-4.96193
-4.95988
-4.95432
-4.94868
-4.94387
-4.93947
-4.93271
-4.92314
-4.90796
-4.88759
-4.86353
-4.83625
-4.80631
-4.77513
-4.74762
-4.72639
-4.71456
-4.71324
-4.72512
-4.74898
-4.7818
-4.82105
-4.86116
-4.90182
-4.94045
-4.9706
-4.99384
-5.00865
-5.01617
-5.01715
-5.01532
-5.01116
-5.00642
-5.00034
-4.99414
-4.98753
-4.97856
-4.96807
-4.95353
-4.93432
-4.91546
-4.89984
-4.89095
-4.89052
-4.89566
-4.90748
-4.92296
-4.93903
-4.95609
-4.97451
-4.99371
-5.01333
-5.03132
-5.04767
-5.06332
-5.07911
-5.09561
-5.11383
-5.13617
-5.16146
-5.18539
-5.20509
-5.21922
-5.2224
-5.21223
-5.19108
-5.16059
-5.12062
-5.07943
-5.03817
-5.00393
-4.97689
-4.96225
-4.96114
-4.97324
-4.99441
-5.01932
-5.03991
-5.05193
-5.05099
-5.034
-5.00575
-4.97085
-4.93475
-4.90588
-4.89058
-4.89124
-4.90462
-4.92673
-4.95148
-4.97506
-4.99537
-5.00825
-5.0141
-5.01343
-5.00934
-5.00039
-4.98997
-4.97797
-4.96689
-4.95987
-4.95897
-4.96761
-4.98244
-5.00241
-5.02339
-5.04167
-5.05505
-5.06142
-5.0649
-5.06559
-5.06444
-5.06025
-5.05534
-5.04961
-5.04383
-5.04109
-5.04045
-5.03841
-5.03334
-5.02504
-5.01203
-4.99853
-4.9849
-4.97039
-4.95571
-4.94228
-4.92642
-4.91144
-4.8962
-4.88389
-4.87463
-4.86852
-4.86545
-4.86651
-4.8713
-4.88198
-4.89888
-4.92168
-4.94669
-4.97075
-4.99303
-5.01385
-5.03358
-5.04863
-5.06206
-5.07226
-5.07908
-5.08266
-5.08551
-5.08557
-5.08603
-5.08756
-5.08778
-5.08898
-5.08675
-5.08171
-5.07493
-5.06357
-5.04826
-5.03073
-5.01202
-4.99131
-4.97167
-4.94973
-4.93062
-4.91607
-4.90733
-4.90505
-4.90692
-4.91027
-4.90995
-4.90598
-4.89808
-4.88727
-4.87746
-4.87121
-4.87015
-4.87287
-4.88047
-4.89299
-4.90974
-4.93186
-4.95776
-4.98324
-5.0048
-5.02132
-5.0308
-5.03473
-5.03215
-5.02631
-5.01823
-5.01107
-5.00324
-4.99848
-4.99712
-4.99619
-4.99667
-5.00028
-5.00526
-5.00879
-5.01394
-5.0187
-5.02007
-5.01787
-5.00947
-4.99522
-4.97803
-4.96017
-4.94385
-4.93031
-4.92257
-4.92139
-4.92527
-4.93695
-4.95544
-4.98109
-5.0086
-5.0388
-5.0696
-5.10042
-5.12636
-5.14589
-5.15981
-5.16787
-5.16638
-5.15741
-5.14229
-5.12007
-5.09366
-5.06464
-5.03315
-5.00201
-4.97287
-4.94788
-4.92812
-4.9143
-4.90736
-4.90566
-4.91196
-4.92227
-4.93333
-4.94414
-4.95052
-4.94944
-4.94228
-4.93089
-4.91823
-4.90825
-4.90683
-4.91117
-4.91817
-4.92682
-4.93258
-4.93515
-4.93684
-4.93863
-4.94334
-4.95237
-4.96778
-4.98399
-4.99973
-5.00999
-5.01273
-5.00679
-4.99348
-4.97956
-4.96864
-4.96419
-4.96322
-4.9627
-4.9581
-4.95229
-4.94987
-4.95241
-4.96604
-4.9836
-4.99911
-5.00603
-4.99754
-4.97422
-4.94461
-4.9172
-4.90158
-4.9048
-4.92646
-4.96147
-4.99868
-5.03346
-5.06206
-5.08241
-5.09295
-5.09432
-5.08705
-5.07389
-5.05638
-5.03733
-5.02123
-5.00918
-5.00042
-4.99415
-4.98762
-4.98104
-4.97353
-4.96619
-4.96078
-4.96092
-4.96587
-4.97262
-4.97856
-4.98335
-4.98386
-4.98132
-4.97613
-4.96858
-4.95969
-4.95335
-4.95385
-4.96561
-4.9842
-5.00476
-5.02367
-5.03596
-5.04244
-5.04209
-5.03834
-5.03071
-5.02301
-5.01956
-5.01982
-5.02284
-5.02479
-5.02147
-5.01104
-4.99494
-4.97128
-4.9458
-4.92349
-4.9075
-4.9016
-4.90653
-4.923
-4.94811
-4.98112
-5.01446
-5.04412
-5.06524
-5.07449
-5.0737
-5.06139
-5.04027
-5.0111
-4.97481
-4.93393
-4.8937
-4.85738
-4.83032
-4.81496
-4.81196
-4.81921
-4.83339
-4.84991
-4.86369
-4.87656
-4.88788
-4.90247
-4.9247
-4.95386
-4.98983
-5.0298
-5.06996
-5.10543
-5.13602
-5.15874
-5.17241
-5.17482
-5.16694
-5.15085
-5.12576
-5.0986
-5.07528
-5.0599
-5.05108
-5.04701
-5.04208
-5.03275
-5.01726
-4.99624
-4.96976
-4.94229
-4.91904
-4.90251
-4.89483
-4.89635
-4.90661
-4.92428
-4.94798
-4.97317
-4.99801
-5.01876
-5.03588
-5.04789
-5.05336
-5.05326
-5.04921
-5.03901
-5.0265
-5.01049
-4.99098
-4.96973
-4.94746
-4.92441
-4.90431
-4.89234
-4.89339
-4.90543
-4.92869
-4.95629
-4.98223
-5.00162
-5.01396
-5.01586
-5.00731
-4.9944
-4.97991
-4.96608
-4.95036
-4.93222
-4.91014
-4.88704
-4.86529
-4.84473
-4.83085
-4.8244
-4.829
-4.84664
-4.87383
-4.90452
-4.92944
-4.9435
-4.94599
-4.94089
-4.93359
-4.93005
-4.93496
-4.94865
-4.96706
-4.98592
-5.00125
-5.0104
-5.01299
-5.01135
-5.00546
-5.00031
-4.99596
-4.99349
-4.99427
-4.99663
-5.00036
-5.00548
-5.00917
-5.00836
-5.00417
-4.99251
-4.97646
-4.95649
-4.93525
-4.91548
-4.90475
-4.90221
-4.91091
-4.92555
-4.94697
-4.97219
-4.99641
-5.01675
-5.03291
-5.04357
-5.04977
-5.0512
-5.05178
-5.05396
-5.05792
-5.06634
-5.07768
-5.09287
-5.10744
-5.11956
-5.12459
-5.12145
-5.10626
-5.08311
-5.05177
-5.01695
-4.98167
-4.95069
-4.92773
-4.91224
-4.90581
-4.90541
-4.90708
-4.90702
-4.90623
-4.90402
-4.90077
-4.90393
-4.91431
-4.93368
-4.95864
-4.98742
-5.01504
-5.0405
-5.05965
-5.07355
-5.07897
-5.07697
-5.06648
-5.04859
-5.02371
-4.99514
-4.96643
-4.94123
-4.92052
-4.90291
-4.88908
-4.87924
-4.87053
-4.86101
-4.85092
-4.83987
-4.83296
-4.82968
-4.82897
-4.83039
-4.82974
-4.82933
-4.83006
-4.83442
-4.8445
-4.85752
-4.8715
-4.88094
-4.88539
-4.8835
-4.87819
-4.87184
-4.86688
-4.86257
-4.85589
-4.8503
-4.84612
-4.84875
-4.85742
-4.8732
-4.89468
-4.91973
-4.94561
-4.97157
-4.997
-5.01898
-5.03296
-5.03652
-5.02989
-5.0145
-4.99293
-4.96912
-4.94452
-4.92452
-4.9112
-4.9064
-4.9145
-4.93534
-4.96376
-4.99606
-5.02203
-5.03857
-5.04166
-5.03469
-5.02082
-5.00172
-4.98444
-4.9693
-4.95949
-4.95763
-4.96146
-4.97372
-4.98999
-5.00676
-5.02027
-5.02817
-5.03212
-5.03685
-5.04385
-5.05206
-5.062
-5.07088
-5.07756
-5.07684
-5.06946
-5.05441
-5.03397
-5.01052
-4.98649
-4.96327
-4.94292
-4.92868
-4.91753
-4.91079
-4.90651
-4.90353
-4.90013
-4.89673
-4.89212
-4.88997
-4.89297
-4.89981
-4.91237
-4.92686
-4.94129
-4.95096
-4.95302
-4.94794
-4.93485
-4.91358
-4.88612
-4.85533
-4.82802
-4.80431
-4.78644
-4.77233
-4.76014
-4.75265
-4.74813
-4.7514
-4.76055
-4.77716
-4.80044
-4.82837
-4.85994
-4.89513
-4.93252
-4.96986
-5.00516
-5.03337
-5.05079
-5.05597
-5.04904
-5.03196
-5.00878
-4.98369
-4.9612
-4.94041
-4.92132
-4.90268
-4.88061
-4.86049
-4.84691
-4.84266
-4.85051
-4.87049
-4.89587
-4.9217
-4.94434
-4.96087
-4.96911
-4.96817
-4.96039
-4.94774
-4.93363
-4.92228
-4.91425
-4.91334
-4.91905
-4.93034
-4.94664
-4.96491
-4.98188
-4.99696
-5.00696
-5.00899
-5.00417
-4.99242
-4.97684
-4.96023
-4.9476
-4.94275
-4.94722
-4.95906
-4.97744
-4.99981
-5.02035
-5.0385
-5.05298
-5.05947
-5.05877
-5.04948
-5.03342
-5.01274
-4.98837
-4.9649
-4.94424
-4.92963
-4.92298
-4.92457
-4.9317
-4.94076
-4.94875
-4.95348
-4.95582
-4.95466
-4.94628
-4.93288
-4.91894
-4.90886
-4.90526
-4.91186
-4.92787
-4.95099
-4.9748
-4.99727
-5.01531
-5.02882
-5.03871
-5.04233
-5.04327
-5.04166
-5.03974
-5.03895
-5.03942
-5.0418
-5.04326
-5.04535
-5.04679
-5.04813
-5.04754
-5.04567
-5.0445
-5.04512
-5.04834
-5.05644
-5.06811
-5.08172
-5.09386
-5.10527
-5.11172
-5.11283
-5.10398
-5.08413
-5.05642
-5.02391
-4.99057
-4.96133
-4.94173
-4.93195
-4.93729
-4.95157
-4.9718
-4.99072
-5.0038
-5.00784
-5.00272
-4.99031
-4.974
-4.95582
-4.94093
-4.92956
-4.92304
-4.92263
-4.92458
-4.9252
-4.92494
-4.92246
-4.92064
-4.91732
-4.91525
-4.9169
-4.92309
-4.93473
-4.94933
-4.96432
-4.97823
-4.99172
-5.00447
-5.01804
-5.03199
-5.0456
-5.05466
-5.05775
-5.05511
-5.04611
-5.03053
-5.01135
-4.98954
-4.97091
-4.95858
-4.95451
-4.96088
-4.97315
-4.99164
-5.01303
-5.03479
-5.05245
-5.06354
-5.06319
-5.05024
-5.02579
-4.99073
-4.94862
-4.90458
-4.86611
-4.83847
-4.82861
-4.83601
-4.85772
-4.88681
-4.91905
-4.95166
-4.98409
-5.01355
-5.04178
-5.06837
-5.09173
-5.11066
-5.12009
-5.1228
-5.11663
-5.10268
-5.08225
-5.05863
-5.03316
-5.00593
-4.97857
-4.95138
-4.92627
-4.90605
-4.89214
-4.88798
-4.89325
-4.90584
-4.92261
-4.93696
-4.94642
-4.94928
-4.9465
-4.93789
-4.92478
-4.9093
-4.89139
-4.87165
-4.8533
-4.84102
-4.83128
-4.82268
-4.81339
-4.80451
-4.79902
-4.80274
-4.82028
-4.85201
-4.8931
-4.93508
-4.97385
-5.0057
-5.02704
-5.0363
-5.0314
-5.01173
-4.9801
-4.93842
-4.89359
-4.85279
-4.82078
-4.79966
-4.79106
-4.79059
-4.79612
-4.80257
-4.8074
-4.80959
-4.80652
-4.80059
-4.79307
-4.7908
-4.7943
-4.80597
-4.82408
-4.84693
-4.86826
-4.88868
-4.90276
-4.91086
-4.91214
-4.91274
-4.91286
-4.91522
-4.92
-4.92486
-4.92894
-4.93442
-4.94425
-4.96024
-4.98219
-5.00682
-5.02762
-5.04003
-5.04115
-5.02905
-5.00252
-4.96406
-4.92001
-4.87715
-4.84351
-4.82685
-4.82663
-4.84088
-4.86581
-4.89744
-4.93234
-4.96749
-5.00035
-5.02801
-5.04876
-5.06186
-5.06753
-5.06504
-5.05544
-5.0404
-5.01942
-4.99645
-4.97676
-4.96183
-4.95093
-4.94646
-4.94626
-4.94729
-4.95106
-4.95828
-4.97024
-4.98612
-5.00608
-5.02671
-5.0437
-5.0564
-5.06389
-5.06523
-5.06147
-5.05391
-5.04322
-5.02845
-5.00988
-4.98847
-4.96482
-4.943
-4.9269
-4.9189
-4.91781
-4.92239
-4.9289
-4.9368
-4.94593
-4.95824
-4.97577
-4.99447
-5.01385
-5.02882
-5.03497
-5.02976
-5.01169
-4.98172
-4.94612
-4.91008
-4.88398
-4.86686
-4.85917
-4.85482
-4.8508
-4.84492
-4.8344
-4.817
-4.79123
-4.75655
-4.71893
-4.69008
-4.68135
-4.69482
-4.72043
-4.74719
-4.77159
-4.795
-4.81996
-4.84576
-4.86946
-4.89105
-4.90563
-4.916
-4.91995
-4.92104
-4.92291
-4.9247
-4.92817
-4.93307
-4.93914
-4.94291
-4.94459
-4.94069
-4.93107
-4.92071
-4.91114
-4.9033
-4.89962
-4.89659
-4.89026
-4.87618
-4.85549
-4.82818
-4.79829
-4.76889
-4.74429
-4.72394
-4.71087
-4.70219
-4.70045
-4.70493
-4.71809
-4.73853
-4.76519
-4.79673
-4.83114
-4.86456
-4.89431
-4.91712
-4.93003
-4.93061
-4.91936
-4.90126
-4.8797
-4.86084
-4.84583
-4.84015
-4.84509
-4.86017
-4.88311
-4.90706
-4.92529
-4.93736
-4.94288
-4.94279
-4.93949
-4.93416
-4.92749
-4.9199
-4.91284
-4.90632
-4.90069
-4.89567
-4.89311
-4.89122
-4.88986
-4.88717
-4.88401
-4.87863
-4.87241
-4.86688
-4.861
-4.8569
-4.85411
-4.85572
-4.86528
-4.87995
-4.8997
-4.92554
-4.95516
-4.98754
-5.02298
-5.05863
-5.09
-5.1158
-5.13494
-5.14703
-5.15133
-5.1483
-5.13706
-5.11799
-5.09257
-5.06274
-5.03297
-5.00581
-4.98124
-4.96187
-4.94584
-4.93315
-4.92601
-4.92344
-4.92557
-4.92953
-4.9318
-4.93165
-4.92822
-4.92223
-4.91759
-4.91629
-4.91975
-4.9308
-4.94676
-4.96797
-4.99333
-5.02158
-5.0472
-5.06518
-5.07455
-5.07228
-5.06057
-5.04075
-5.01471
-4.98473
-4.95319
-4.9225
-4.89342
-4.86802
-4.8465
-4.82992
-4.81865
-4.81196
-4.81081
-4.81307
-4.81955
-4.82863
-4.84138
-4.85742
-4.87851
-4.90298
-4.93131
-4.95834
-4.98069
-4.9957
-5.00415
-5.00472
-5.0015
-4.99389
-4.98225
-4.96657
-4.94708
-4.92767
-4.91105
-4.8996
-4.89607
-4.90331
-4.91596
-4.93128
-4.94709
-4.95848
-4.96546
-4.96533
-4.95695
-4.94391
-4.92583
-4.90915
-4.89886
-4.90094
-4.91619
-4.94109
-4.97136
-4.99976
-5.02429
-5.04239
-5.05292
-5.05515
-5.05032
-5.03833
-5.02547
-5.01438
-5.00904
-5.01014
-5.01479
-5.02153
-5.03026
-5.04145
-5.05549
-5.07549
-5.09711
-5.11873
-5.13944
-5.15583
-5.16704
-5.1702
-5.16103
-5.14256
-5.11856
-5.09587
-5.08511
-5.08592
-5.09286
-5.10103
-5.10397
-5.10006
-5.08973
-5.07515
-5.05816
-5.04187
-5.0284
-5.01646
-5.00379
-4.9894
-4.977
-4.96906
-4.96943
-4.97675
-4.98869
-5.00246
-5.01471
-5.02438
-5.03086
-5.03405
-5.03106
-5.01798
-4.99704
-4.9725
-4.94979
-4.93746
-4.9322
-4.93073
-4.93133
-4.93637
-4.94577
-4.96165
-4.98318
-5.00635
-5.02847
-5.05233
-5.07371
-5.09153
-5.10413
-5.10998
-5.10769
-5.09323
-5.07055
-5.04055
-5.00989
-4.98093
-4.95784
-4.94186
-4.93178
-4.92588
-4.91902
-4.91455
-4.91081
-4.90858
-4.90767
-4.90965
-4.91363
-4.92232
-4.93654
-4.95728
-4.98481
-5.01772
-5.0517
-5.08258
-5.10651
-5.1202
-5.12582
-5.1247
-5.11976
-5.11122
-5.10204
-5.09273
-5.08137
-5.06846
-5.05008
-5.02543
-4.9956
-4.96071
-4.92328
-4.88943
-4.86524
-4.85187
-4.85211
-4.86331
-4.88163
-4.90237
-4.92229
-4.93685
-4.9448
-4.94816
-4.9481
-4.94576
-4.94368
-4.93904
-4.93318
-4.92949
-4.9271
-4.92664
-4.92963
-4.93347
-4.93833
-4.94551
-4.95285
-4.96012
-4.9678
-4.97127
-4.97343
-4.97112
-4.96534
-4.95789
-4.95113
-4.94645
-4.9428
-4.94015
-4.93562
-4.92679
-4.91218
-4.89208
-4.87388
-4.85876
-4.85099
-4.84998
-4.8528
-4.85737
-4.86016
-4.86376
-4.86606
-4.86532
-4.8615
-4.85691
-4.85326
-4.85141
-4.85559
-4.8641
-4.87697
-4.8919
-4.90863
-4.92619
-4.94507
-4.96384
-4.98256
-4.9998
-5.01171
-5.01941
-5.02029
-5.01722
-5.01072
-5.00454
-5.00269
-5.00728
-5.01391
-5.0192
-5.02208
-5.01825
-5.0065
-4.9919
-4.97583
-4.96204
-4.9544
-4.95029
-4.95258
-4.95764
-4.96568
-4.97184
-4.97702
-4.97741
-4.97574
-4.97268
-4.96692
-4.96075
-4.95204
-4.94186
-4.92818
-4.91479
-4.9046
-4.8978
-4.89115
-4.88513
-4.87471
-4.864
-4.85659
-4.8579
-4.86663
-4.87433
-4.88
-4.88064
-4.88056
-4.87853
-4.87593
-4.87426
-4.87185
-4.86656
-4.85565
-4.83409
-4.80104
-4.75839
-4.71403
-4.68011
-4.67046
-4.68834
-4.72603
-4.77165
-4.8143
-4.84913
-4.87436
-4.89283
-4.9029
-4.90838
-4.90736
-4.90467
-4.89903
-4.89473
-4.89169
-4.8921
-4.89481
-4.8986
-4.90369
-4.90902
-4.9161
-4.92578
-4.93469
-4.94095
-4.94329
-4.93994
-4.9322
-4.92105
-4.90939
-4.89919
-4.89011
-4.88403
-4.87694
-4.86878
-4.85783
-4.84118
-4.81966
-4.79406
-4.7675
-4.74637
-4.73288
-4.72736
-4.73042
-4.73959
-4.75309
-4.76788
-4.78435
-4.79813
-4.80859
-4.81327
-4.81013
-4.80323
-4.7987
-4.7989
-4.80468
-4.81665
-4.83729
-4.86732
-4.904
-4.94414
-4.98194
-5.00914
-5.02304
-5.02088
-5.00655
-4.98497
-4.95925
-4.93402
-4.91268
-4.89858
-4.89282
-4.89868
-4.91438
-4.93745
-4.96477
-4.9918
-5.01488
-5.03447
-5.0489
-5.05599
-5.05595
-5.04943
-5.03823
-5.02245
-5.00573
-4.98738
-4.97122
-4.95621
-4.94365
-4.93127
-4.91907
-4.90514
-4.88934
-4.87225
-4.85592
-4.84014
-4.82794
-4.82153
-4.81988
-4.81939
-4.82131
-4.82629
-4.83383
-4.84602
-4.86337
-4.88598
-4.91336
-4.94178
-4.96779
-4.98973
-5.00567
-5.01439
-5.01778
-5.01627
-5.00911
-5.00134
-4.99245
-4.98524
-4.9805
-4.97648
-4.97099
-4.96368
-4.95128
-4.93324
-4.913
-4.89299
-4.87639
-4.8665
-4.86601
-4.87424
-4.88869
-4.90505
-4.91539
-4.91572
-4.90484
-4.88523
-4.861
-4.8374
-4.82092
-4.81499
-4.82093
-4.83909
-4.86478
-4.89316
-4.91957
-4.94356
-4.96008
-4.97295
-4.98266
-4.99011
-4.99474
-4.99685
-4.99802
-4.99805
-4.99713
-4.9913
-4.98211
-4.96826
-4.95085
-4.93218
-4.91339
-4.89558
-4.87925
-4.86718
-4.85952
-4.85696
-4.86092
-4.87104
-4.88621
-4.90494
-4.92506
-4.94249
-4.95951
-4.97219
-4.98062
-4.9824
-4.97858
-4.96685
-4.95244
-4.93456
-4.91354
-4.89059
-4.86815
-4.85059
-4.84249
-4.84757
-4.8643
-4.88912
-4.91726
-4.94596
-4.97324
-4.99806
-5.01774
-5.03015
-5.03451
-5.02749
-5.01006
-4.98419
-4.95533
-4.92772
-4.90832
-4.89852
-4.8966
-4.9029
-4.91049
-4.91906
-4.92744
-4.93442
-4.93852
-4.94337
-4.94885
-4.9573
-4.97086
-4.9916
-5.01557
-5.03935
-5.05826
-5.07107
-5.07631
-5.07541
-5.06894
-5.0572
-5.04008
-5.02158
-5.00187
-4.98103
-4.9604
-4.94143
-4.92063
-4.8978
-4.87285
-4.84773
-4.82686
-4.81073
-4.80437
-4.80738
-4.81893
-4.83841
-4.86369
-4.89349
-4.92474
-4.95699
-4.98926
-5.02275
-5.0544
-5.08218
-5.10126
-5.10929
-5.10508
-5.08612
-5.05394
-5.01309
-4.96713
-4.92177
-4.88564
-4.86291
-4.85828
-4.86967
-4.89353
-4.9231
-4.95344
-4.98098
-5.00124
-5.01607
-5.02498
-5.02641
-5.02585
-5.02385
-5.01875
-5.01541
-5.01555
-5.0174
-5.02408
-5.03597
-5.05102
-5.06866
-5.0835
-5.09332
-5.09611
-5.08871
-5.07336
-5.05204
-5.02623
-5.00067
-4.97725
-4.95717
-4.93965
-4.92405
-4.90912
-4.89605
-4.88535
-4.87933
-4.87494
-4.8712
-4.86362
-4.85397
-4.84491
-4.84397
-4.85712
-4.88405
-4.91872
-4.95473
-4.9878
-5.0153
-5.03556
-5.04918
-5.0582
-5.06237
-5.06259
-5.06107
-5.06013
-5.05754
-5.05489
-5.05044
-5.04211
-5.03021
-5.01555
-4.99812
-4.97868
-4.9613
-4.94924
-4.94257
-4.93871
-4.93721
-4.93558
-4.93053
-4.92373
-4.91803
-4.91314
-4.90983
-4.90556
-4.89961
-4.89286
-4.88648
-4.88254
-4.88917
-4.9105
-4.94397
-4.98341
-5.01858
-5.03933
-5.04566
-5.03752
-5.01945
-4.99964
-4.98165
-4.97108
-4.96639
-4.96494
-4.96617
-4.97141
-4.97447
-4.97793
-4.98074
-4.98174
-4.98211
-4.97871
-4.97248
-4.96404
-4.95486
-4.94401
-4.93411
-4.92506
-4.91844
-4.91228
-4.9049
-4.89575
-4.8833
-4.86787
-4.84718
-4.8249
-4.80287
-4.78305
-4.76647
-4.76021
-4.76199
-4.77512
-4.79933
-4.82927
-4.86169
-4.89054
-4.91678
-4.94062
-4.96396
-4.99051
-5.01771
-5.04516
-5.06689
-5.07973
-5.08103
-5.06941
-5.04966
-5.02375
-4.99398
-4.96303
-4.93437
-4.90782
-4.88223
-4.8611
-4.84335
-4.82909
-4.81958
-4.81579
-4.81652
-4.82143
-4.829
-4.83884
-4.85121
-4.86659
-4.88456
-4.907
-4.93161
-4.95616
-4.98426
-5.01068
-5.03562
-5.05728
-5.07659
-5.09221
-5.10617
