-3.21418
-3.21353
-3.21276
-3.20923
-3.20407
-3.19855
-3.19413
-3.18867
-3.18439
-3.18095
-3.17751
-3.17762
-3.17973
-3.18321
-3.18785
-3.19249
-3.19904
-3.20334
-3.20619
-3.20753
-3.20832
-3.20769
-3.20768
-3.20635
-3.20553
-3.20511
-3.20498
-3.2042
-3.20443
-3.20441
-3.20376
-3.20298
-3.20072
-3.20133
-3.20152
-3.20216
-3.20328
-3.20485
-3.2051
-3.20494
-3.20558
-3.20358
-3.2039
-3.20375
-3.20367
-3.20307
-3.20321
-3.20258
-3.20236
-3.20261
-3.20239
-3.20159
-3.20031
-3.1997
-3.19897
-3.19893
-3.19803
-3.19791
-3.19907
-3.20054
-3.20164
-3.20244
-3.20159
-3.20022
-3.19877
-3.19986
-3.19973
-3.20094
-3.20142
-3.20195
-3.20114
-3.20006
-3.20119
-3.20012
-3.20079
-3.1993
-3.19949
-3.19946
-3.19927
-3.20111
-3.20147
-3.20187
-3.20176
-3.20196
-3.2026
-3.20137
-3.20139
-3.20085
-3.20089
-3.20032
-3.20015
-3.20129
-3.20135
-3.20094
-3.20105
-3.20068
-3.20064
-3.20048
-3.19961
-3.19985
-3.20071
-3.20115
-3.20086
-3.20101
-3.20092
-3.20102
-3.20128
-3.20159
-3.20032
-3.19918
-3.19878
-3.19856
-3.19978
-3.20031
-3.20098
-3.20149
-3.20225
-3.20182
-3.20203
-3.20222
-3.20052
-3.19983
-3.19892
-3.19729
-3.19581
-3.19475
-3.19474
-3.19515
-3.19587
-3.19778
-3.19905
-3.20084
-3.20164
-3.20283
-3.20375
-3.2045
-3.20307
-3.20294
-3.2024
-3.20074
-3.19942
-3.19731
-3.19561
-3.19319
-3.1924
-3.1917
-3.1921
-3.19379
-3.19552
-3.19829
-3.19781
-3.19853
-3.20073
-3.20091
-3.20102
-3.20093
-3.20114
-3.20083
-3.20052
-3.19928
-3.19786
-3.19768
-3.19749
-3.1986
-3.20092
-3.20214
-3.20349
-3.20388
-3.20349
-3.2024
-3.20189
-3.20161
-3.20147
-3.20218
-3.20161
-3.2018
-3.20168
-3.20235
-3.20224
-3.20136
-3.20146
-3.20106
-3.20094
-3.20155
-3.20269
-3.20291
-3.2032
-3.2035
-3.2026
-3.20197
-3.20126
-3.20003
-3.19958
-3.19963
-3.19989
-3.19917
-3.19931
-3.1988
-3.19791
-3.19739
-3.19708
-3.19674
-3.19604
-3.19691
-3.19815
-3.1994
-3.19943
-3.2002
-3.20128
-3.20164
-3.20181
-3.1998
-3.19882
-3.19937
-3.19758
-3.19688
-3.19635
-3.19615
-3.19495
-3.19465
-3.19459
-3.19555
-3.1957
-3.19557
-3.19518
-3.19402
-3.19467
-3.19547
-3.19496
-3.1954
-3.19592
-3.19668
-3.19793
-3.19737
-3.19809
-3.19922
-3.19919
-3.19913
-3.19965
-3.20043
-3.20161
-3.20181
-3.20153
-3.20161
-3.20211
-3.20215
-3.2014
-3.20169
-3.20258
-3.20197
-3.20038
-3.20024
-3.1994
-3.19725
-3.19625
-3.19641
-3.19451
-3.19485
-3.19426
-3.19572
-3.19584
-3.19695
-3.19844
-3.20022
-3.20111
-3.20133
-3.19979
-3.19862
-3.19764
-3.19504
-3.19383
-3.1941
-3.19455
-3.19575
-3.19756
-3.19983
-3.20126
-3.20235
-3.20191
-3.2006
-3.20016
-3.19911
-3.19854
-3.19798
-3.1988
-3.19807
-3.19819
-3.198
-3.19806
-3.1986
-3.19862
-3.19991
-3.19979
-3.19993
-3.19998
-3.19974
-3.19935
-3.19733
-3.19696
-3.19687
-3.19699
-3.19589
-3.19602
-3.19658
-3.19659
-3.19732
-3.1979
-3.19712
-3.19626
-3.19658
-3.19586
-3.19627
-3.19634
-3.19487
-3.19342
-3.19447
-3.19452
-3.19579
-3.19554
-3.19581
-3.19638
-3.19741
-3.1985
-3.19986
-3.19983
-3.19957
-3.19925
-3.19965
-3.19935
-3.19775
-3.196
-3.19542
-3.19652
-3.19551
-3.19553
-3.19535
-3.19516
-3.19489
-3.1961
-3.19546
-3.1952
-3.19554
-3.19432
-3.19466
-3.19335
-3.19224
-3.1932
-3.19344
-3.19301
-3.19281
-3.19325
-3.19313
-3.19504
-3.19466
-3.19541
-3.19669
-3.1978
-3.19898
-3.1996
-3.20016
-3.19892
-3.19815
-3.19791
-3.19762
-3.19826
-3.19944
-3.20101
-3.20121
-3.20151
-3.20226
-3.2026
-3.2035
-3.20449
-3.20423
-3.20285
-3.20231
-3.2019
-3.20265
-3.20221
-3.2021
-3.20157
-3.20208
-3.20074
-3.20051
-3.20148
-3.2009
-3.20013
-3.20116
-3.20234
-3.20093
-3.20049
-3.20019
-3.19893
-3.19854
-3.19778
-3.19697
-3.19731
-3.19812
-3.1986
-3.19786
-3.19793
-3.19911
-3.1993
-3.20059
-3.20186
-3.2042
-3.20394
-3.20392
-3.20402
-3.20558
-3.2056
-3.20426
-3.20371
-3.20462
-3.20357
-3.2024
-3.2019
-3.20044
-3.19985
-3.2002
-3.1997
-3.19922
-3.19875
-3.19901
-3.19984
-3.20078
-3.2018
-3.20085
-3.20128
-3.201
-3.19964
-3.19948
-3.19923
-3.19779
-3.19701
-3.19713
-3.19739
-3.19716
-3.19909
-3.19997
-3.19915
-3.19933
-3.199
-3.19885
-3.19997
-3.20077
-3.20135
-3.20142
-3.20303
-3.20267
-3.20267
-3.202
-3.20159
-3.20097
-3.19934
-3.1991
-3.19925
-3.20069
-3.20126
-3.20131
-3.1995
-3.19894
-3.20057
-3.20043
-3.2019
-3.20109
-3.19972
-3.1992
-3.19741
-3.19471
-3.19432
-3.1953
-3.19663
-3.19817
-3.19934
-3.20108
-3.20039
-3.19931
-3.19837
-3.19775
-3.19679
-3.19604
-3.19513
-3.19503
-3.19478
-3.19408
-3.19454
-3.19539
-3.19572
-3.19603
-3.1954
-3.19544
-3.19553
-3.19565
-3.1954
-3.19648
-3.19792
-3.19836
-3.19767
-3.19756
-3.19617
-3.19533
-3.19559
-3.19644
-3.19683
-3.19703
-3.19728
-3.19969
-3.20117
-3.20123
-3.20116
-3.19948
-3.19864
-3.19771
-3.1988
-3.19885
-3.19832
-3.19873
-3.19866
-3.19862
-3.19805
-3.19654
-3.19499
-3.19562
-3.19475
-3.19432
-3.19466
-3.19474
-3.1956
-3.19682
-3.19892
-3.1998
-3.20135
-3.20082
-3.20003
-3.19889
-3.19668
-3.19587
-3.19425
-3.19337
-3.19276
-3.19187
-3.19098
-3.19173
-3.19268
-3.19436
-3.19567
-3.19618
-3.19573
-3.19538
-3.19561
-3.19515
-3.19674
-3.19749
-3.19806
-3.19918
-3.19904
-3.19922
-3.20012
-3.20118
-3.20031
-3.19981
-3.19894
-3.19839
-3.19701
-3.19599
-3.19634
-3.19478
-3.19402
-3.19469
-3.19655
-3.19722
-3.19776
-3.19735
-3.19677
-3.19654
-3.19719
-3.19664
-3.19587
-3.19622
-3.19685
-3.19777
-3.19855
-3.19909
-3.19944
-3.20044
-3.20038
-3.20035
-3.19905
-3.19868
-3.19871
-3.19798
-3.1973
-3.19774
-3.19629
-3.19612
-3.19552
-3.19433
-3.19409
-3.19474
-3.19459
-3.19409
-3.19417
-3.19602
-3.19643
-3.19809
-3.19905
-3.19873
-3.19696
-3.19672
-3.19643
-3.1952
-3.19533
-3.19533
-3.1959
-3.19595
-3.19666
-3.19657
-3.19699
-3.19796
-3.19702
-3.19765
-3.19825
-3.19932
-3.20072
-3.20102
-3.20107
-3.19994
-3.19817
-3.19623
-3.19519
-3.19494
-3.19525
-3.19629
-3.1975
-3.19767
-3.19735
-3.19698
-3.19647
-3.19587
-3.19622
-3.19529
-3.19579
-3.19597
-3.19591
-3.19661
-3.19652
-3.19603
-3.19645
-3.19667
-3.19551
-3.19572
-3.19422
-3.19401
-3.19404
-3.19397
-3.19278
-3.19446
-3.1957
-3.19861
-3.19863
-3.19883
-3.19943
-3.1991
-3.19791
-3.19751
-3.19726
-3.19771
-3.19714
-3.1974
-3.19864
-3.19899
-3.19986
-3.19962
-3.20039
-3.20012
-3.20024
-3.19959
-3.1998
-3.19818
-3.19822
-3.1975
-3.19744
-3.19717
-3.19758
-3.19902
-3.19903
-3.19949
-3.19977
-3.1994
-3.19785
-3.19803
-3.19898
-3.19848
-3.1999
-3.20051
-3.20105
-3.20019
-3.19999
-3.19917
-3.19936
-3.19805
-3.19753
-3.19571
-3.19455
-3.19355
-3.19326
-3.19232
-3.19123
-3.19043
-3.19105
-3.19239
-3.19238
-3.19199
-3.19264
-3.19327
-3.19348
-3.1939
-3.19286
-3.19336
-3.19373
-3.19375
-3.19522
-3.19556
-3.19679
-3.19781
-3.19874
-3.20031
-3.20059
-3.20077
-3.19939
-3.19862
-3.19736
-3.19665
-3.19644
-3.19768
-3.19935
-3.19861
-3.19843
-3.19743
-3.19849
-3.19877
-3.1991
-3.19968
-3.20039
-3.1998
-3.19829
-3.19741
-3.19753
-3.19737
-3.19664
-3.19595
-3.19549
-3.19518
-3.19566
-3.1951
-3.19589
-3.19714
-3.19748
-3.19875
-3.20047
-3.20064
-3.20161
-3.20026
-3.19909
-3.19679
-3.19608
-3.1967
-3.19581
-3.19646
-3.19626
-3.19654
-3.19819
-3.19776
-3.19853
-3.19877
-3.19905
-3.19908
-3.19791
-3.19618
-3.19622
-3.19719
-3.19697
-3.19674
-3.19594
-3.19634
-3.19547
-3.19559
-3.19553
-3.19571
-3.19586
-3.19592
-3.19539
-3.19484
-3.19635
-3.19647
-3.19711
-3.19746
-3.19769
-3.19721
-3.19716
-3.19601
-3.19583
-3.19707
-3.19686
-3.19741
-3.19721
-3.19757
-3.1969
-3.19469
-3.19296
-3.19177
-3.19111
-3.19133
-3.19144
-3.19308
-3.19293
-3.19308
-3.19336
-3.19314
-3.19485
-3.1951
-3.19686
-3.19716
-3.19768
-3.19868
-3.19942
-3.19979
-3.20026
-3.20028
-3.19972
-3.19985
-3.19931
-3.19774
-3.19601
-3.1948
-3.19422
-3.19426
-3.19431
-3.1952
-3.19498
-3.19513
-3.19662
-3.19624
-3.19701
-3.19876
-3.19952
-3.19984
-3.20121
-3.20115
-3.20009
-3.19937
-3.19947
-3.19969
-3.19879
-3.19777
-3.19653
-3.19588
-3.19705
-3.19758
-3.19903
-3.20003
-3.20027
-3.20105
-3.20159
-3.201
-3.20094
-3.20037
-3.19829
-3.19691
-3.19583
-3.19584
-3.1957
-3.19584
-3.19653
-3.19785
-3.19842
-3.19935
-3.20076
-3.19975
-3.19862
-3.19863
-3.19742
-3.19691
-3.19584
-3.19506
-3.19496
-3.19406
-3.1942
-3.19434
-3.19489
-3.19571
-3.19687
-3.19774
-3.19809
-3.19806
-3.19716
-3.1971
-3.19768
-3.19623
-3.19477
-3.19509
-3.19669
-3.1972
-3.19764
-3.19798
-3.19927
-3.19927
-3.19929
-3.19842
-3.19762
-3.19818
-3.19716
-3.19716
-3.19687
-3.19689
-3.19745
-3.19803
-3.19934
-3.19893
-3.19893
-3.19857
-3.19892
-3.19849
-3.19782
-3.19803
-3.19858
-3.19852
-3.19911
-3.19941
-3.19964
-3.1986
-3.1989
-3.19822
-3.19878
-3.1984
-3.19685
-3.19586
-3.19538
-3.19535
-3.19609
-3.19848
-3.19901
-3.20175
-3.20261
-3.20348
-3.20315
-3.2024
-3.20116
-3.19999
-3.19921
-3.19924
-3.19855
-3.19906
-3.19879
-3.19837
-3.19978
-3.20098
-3.20032
-3.19986
-3.19893
-3.20006
-3.19983
-3.1992
-3.19886
-3.19857
-3.1994
-3.2002
-3.20035
-3.20007
-3.20058
-3.20076
-3.20102
-3.20088
-3.20139
-3.20091
-3.19999
-3.19966
-3.1992
-3.19793
-3.19758
-3.19666
-3.19708
-3.19785
-3.19831
-3.20035
-3.20084
-3.20203
-3.2027
-3.20291
-3.2018
-3.20104
-3.1994
-3.19766
-3.19694
-3.1962
-3.19544
-3.1948
-3.19546
-3.19585
-3.19763
-3.19912
-3.2007
-3.20097
-3.20068
-3.20031
-3.20091
-3.20015
-3.19969
-3.19933
-3.19863
-3.19846
-3.19598
-3.19539
-3.19471
-3.19389
-3.19236
-3.19147
-3.19112
-3.19068
-3.19123
-3.19192
-3.19271
-3.19378
-3.19388
-3.19442
-3.19458
-3.19425
-3.19462
-3.19408
-3.19377
-3.19328
-3.19318
-3.19228
-3.19112
-3.19138
-3.19234
-3.19294
-3.19342
-3.19572
-3.1962
-3.19593
-3.1954
-3.19525
-3.19483
-3.19491
-3.196
-3.19781
-3.19921
-3.19813
-3.19666
-3.19573
-3.19485
-3.19455
-3.19404
-3.19282
-3.19231
-3.19104
-3.19054
-3.19158
-3.19324
-3.1943
-3.19614
-3.1966
-3.19713
-3.19654
-3.19565
-3.19581
-3.19523
-3.19531
-3.19453
-3.19594
-3.19671
-3.19765
-3.19793
-3.19863
-3.197
-3.19704
-3.19597
-3.19533
-3.19353
-3.19402
-3.19374
-3.19339
-3.19349
-3.19344
-3.19325
-3.19378
-3.19492
-3.19604
-3.1971
-3.19817
-3.19779
-3.1965
-3.19535
-3.19468
-3.19365
-3.19267
-3.19311
-3.19409
-3.19525
-3.19803
-3.19999
-3.20129
-3.2023
-3.2031
-3.2036
-3.20367
-3.2036
-3.20315
-3.20255
-3.20206
-3.20204
-3.20145
-3.20092
-3.20127
-3.20021
-3.19873
-3.19876
-3.19927
-3.19845
-3.19892
-3.19956
-3.19859
-3.1982
-3.19867
-3.20003
-3.20064
-3.2015
-3.20189
-3.20076
-3.20005
-3.20004
-3.19979
-3.1995
-3.19944
-3.19971
-3.19935
-3.19896
-3.19928
-3.19911
-3.19919
-3.19959
-3.20038
-3.20071
-3.20167
-3.20199
-3.20216
-3.20151
-3.20096
-3.20205
-3.20161
-3.20172
-3.20125
-3.20008
-3.1991
-3.19828
-3.19704
-3.19676
-3.19541
-3.19681
-3.19731
-3.199
-3.19942
-3.19893
-3.19817
-3.19713
-3.1963
-3.19599
-3.19517
-3.19499
-3.19657
-3.19892
-3.2007
-3.20093
-3.20001
-3.19917
-3.19871
-3.19913
-3.19946
-3.19836
-3.19822
-3.19627
-3.19614
-3.19481
-3.19373
-3.1942
-3.19386
-3.19399
-3.19439
-3.1953
-3.19466
-3.19498
-3.19474
-3.19387
-3.195
-3.19602
-3.19522
-3.19513
-3.19526
-3.19562
-3.19461
-3.19409
-3.19286
-3.1924
-3.19244
-3.19397
-3.19427
-3.19578
-3.19577
-3.19656
-3.19682
-3.19847
-3.20008
-3.20128
-3.20215
-3.2029
-3.20258
-3.2019
-3.20118
-3.20064
-3.19961
-3.19787
-3.1973
-3.19677
-3.19772
-3.19724
-3.19748
-3.1978
-3.19821
-3.19982
-3.20089
-3.19973
-3.199
-3.19881
-3.19853
-3.19843
-3.19815
-3.19762
-3.19682
-3.19681
-3.19716
-3.19771
-3.1977
-3.19874
-3.19927
-3.19988
-3.19951
-3.19956
-3.1984
-3.19727
-3.19739
-3.19714
-3.1975
-3.19636
-3.19521
-3.19654
-3.19725
-3.19762
-3.19914
-3.20001
-3.19987
-3.20045
-3.2012
-3.20047
-3.1994
-3.19826
-3.19722
-3.19585
-3.19503
-3.19434
-3.19402
-3.19422
-3.19414
-3.19485
-3.19595
-3.19576
-3.19662
-3.19686
-3.19638
-3.19688
-3.19691
-3.19727
-3.19705
-3.19564
-3.19481
-3.19447
-3.19406
-3.19471
-3.19546
-3.19574
-3.19757
-3.19817
-3.19825
-3.19785
-3.1983
-3.19803
-3.19617
-3.19485
-3.19243
-3.19085
-3.19007
-3.18983
-3.18986
-3.18997
-3.19042
-3.19039
-3.1909
-3.19134
-3.192
-3.19269
-3.1926
-3.1932
-3.19311
-3.19388
-3.19418
-3.19498
-3.19526
-3.19591
-3.19513
-3.19511
-3.19436
-3.19358
-3.19264
-3.19283
-3.19166
-3.19168
-3.1913
-3.19075
-3.19021
-3.18934
-3.18997
-3.19131
-3.19191
-3.19205
-3.19434
-3.19544
-3.19588
-3.19692
-3.19649
-3.19679
-3.19667
-3.19577
-3.19702
-3.19717
-3.19761
-3.1974
-3.19806
-3.1995
-3.20097
-3.20299
-3.20308
-3.20288
-3.20219
-3.20139
-3.20055
-3.20072
-3.19996
-3.20087
-3.20146
-3.20225
-3.20326
-3.20328
-3.20299
-3.20317
-3.20348
-3.20298
-3.20453
-3.20513
-3.20522
-3.20575
-3.20503
-3.20437
-3.2037
-3.20136
-3.20057
-3.2008
-3.2003
-3.20168
-3.20283
-3.20289
-3.20329
-3.20229
-3.2007
-3.19946
-3.19937
-3.19931
-3.19908
-3.19904
-3.19878
-3.19834
-3.19764
-3.19848
-3.19957
-3.20146
-3.20219
-3.2018
-3.20134
-3.20065
-3.20006
-3.19916
-3.19855
-3.19764
-3.19545
-3.19468
-3.19507
-3.19425
-3.19544
-3.19614
-3.19695
-3.19794
-3.19993
-3.20045
-3.2009
-3.20189
-3.20174
-3.19977
-3.20024
-3.20013
-3.19959
-3.19856
-3.1976
-3.19764
-3.19599
-3.1959
-3.19529
-3.19638
-3.19683
-3.19737
-3.19791
-3.19812
-3.19854
-3.19634
-3.1962
-3.19656
-3.19746
-3.19783
-3.1987
-3.19872
-3.19963
-3.20072
-3.20144
-3.20192
-3.2027
-3.20321
-3.20359
-3.20369
-3.20232
-3.20179
-3.2018
-3.20269
-3.20213
-3.2015
-3.20112
-3.20001
-3.20023
-3.19954
-3.19846
-3.19847
-3.19855
-3.198
-3.198
-3.19937
-3.19961
-3.20054
-3.2012
-3.20127
-3.20059
-3.20026
-3.19909
-3.19741
-3.19691
-3.19707
-3.19708
-3.19837
-3.19771
-3.1962
-3.19657
-3.19705
-3.19743
-3.19888
-3.19893
-3.19818
-3.19843
-3.19803
-3.1974
-3.198
-3.19651
-3.19704
-3.19696
-3.19684
-3.19691
-3.19749
-3.19832
-3.19804
-3.19798
-3.19794
-3.19814
-3.19822
-3.19693
-3.19777
-3.19747
-3.19785
-3.19881
-3.19968
-3.20052
-3.19928
-3.19961
-3.2003
-3.20034
-3.19982
-3.20007
-3.20072
-3.20009
-3.20061
-3.20033
-3.20035
-3.19992
-3.20001
-3.20009
-3.20063
-3.20037
-3.20026
-3.20057
-3.19934
-3.19921
-3.19818
-3.19849
-3.19863
-3.19901
-3.19997
-3.20199
-3.20231
-3.20159
-3.20269
-3.20326
-3.20184
-3.20158
-3.20103
-3.20091
-3.20264
-3.20231
-3.20294
-3.20233
-3.20284
-3.20192
-3.20238
-3.20129
-3.20118
-3.20178
-3.20092
-3.20091
-3.20049
-3.20143
-3.20101
-3.20086
-3.20136
-3.20167
-3.20019
-3.20064
-3.20017
-3.2009
-3.20086
-3.20138
-3.20281
-3.20205
-3.20212
-3.20089
-3.20161
-3.20156
-3.20099
-3.201
-3.20071
-3.20014
-3.19981
-3.19812
-3.19637
-3.19517
-3.19547
-3.19675
-3.19964
-3.20236
-3.20382
-3.2045
-3.20394
-3.20278
-3.20084
-3.20065
-3.19951
-3.20002
-3.19886
-3.19924
-3.19814
-3.1981
-3.1977
-3.19853
-3.19961
-3.20021
-3.20066
-3.19977
-3.19901
-3.1998
-3.20013
-3.19996
-3.1998
-3.19885
-3.19815
-3.19719
-3.19674
-3.19703
-3.19689
-3.19835
-3.19832
-3.19827
-3.19846
-3.19777
-3.19758
-3.1972
-3.19633
-3.19707
-3.19821
-3.19875
-3.20005
-3.20132
-3.20245
-3.2019
-3.20201
-3.20108
-3.20127
-3.20185
-3.20046
-3.19866
-3.19889
-3.20015
-3.20112
-3.20114
-3.20169
-3.20299
-3.20343
-3.20364
-3.20394
-3.20246
-3.201
-3.19822
-3.19621
-3.19588
-3.19543
-3.19507
-3.19484
-3.19558
-3.19611
-3.19768
-3.19822
-3.1979
-3.19817
-3.19857
-3.1979
-3.19789
-3.19778
-3.19637
-3.19462
-3.19321
-3.19315
-3.19283
-3.19378
-3.19325
-3.19359
-3.19317
-3.19359
-3.19345
-3.19382
-3.19379
-3.19389
-3.19451
-3.19639
-3.19701
-3.19706
-3.19772
-3.19868
-3.19785
-3.19744
-3.19799
-3.19819
-3.19896
-3.19968
-3.20005
-3.20081
-3.20107
-3.20073
-3.20079
-3.20077
-3.19984
-3.19958
-3.19958
-3.1979
-3.19805
-3.19778
-3.19811
-3.19879
-3.19843
-3.19688
-3.1966
-3.19621
-3.19518
-3.19504
-3.19508
-3.19501
-3.19505
-3.19581
-3.19645
-3.197
-3.19816
-3.198
-3.19721
-3.19629
-3.19601
-3.19612
-3.19619
-3.19722
-3.19841
-3.19906
-3.20023
-3.20065
-3.20041
-3.19948
-3.20034
-3.19892
-3.19864
-3.19894
-3.19962
-3.19945
-3.19839
-3.19793
-3.19804
-3.19943
-3.19894
-3.19871
-3.19759
-3.19625
-3.19595
-3.19627
-3.1966
-3.196
-3.19623
-3.19669
-3.19724
-3.19847
-3.19967
-3.20044
-3.201
-3.20135
-3.1994
-3.19911
-3.19807
-3.1978
-3.197
-3.19699
-3.19469
-3.19415
-3.1938
-3.19365
-3.19397
-3.19452
-3.19526
-3.19596
-3.19753
-3.199
-3.20021
-3.20057
-3.20067
-3.20062
-3.20086
-3.20044
-3.19949
-3.19953
-3.19888
-3.19851
-3.19804
-3.19829
-3.19773
-3.19845
-3.19954
-3.19971
-3.20145
-3.20049
-3.19914
-3.19837
-3.19829
-3.1975
-3.19868
-3.19979
-3.20057
-3.20075
-3.2019
-3.20226
-3.20234
-3.20135
-3.2005
-3.19919
-3.19854
-3.19843
-3.19827
-3.19687
-3.19683
-3.19691
-3.19616
-3.19555
-3.19685
-3.19732
-3.19731
-3.19648
-3.19539
-3.1961
-3.19618
-3.198
-3.1996
-3.20006
-3.20017
-3.20003
-3.20074
-3.20102
-3.20138
-3.20127
-3.20228
-3.20265
-3.20286
-3.20137
-3.19913
-3.19746
-3.195
-3.19271
-3.19247
-3.19298
-3.19331
-3.19479
-3.19552
-3.19712
-3.19815
-3.19911
-3.19901
-3.19856
-3.19839
-3.19654
-3.196
-3.19627
-3.19474
-3.19506
-3.196
-3.19449
-3.19429
-3.1959
-3.196
-3.19635
-3.19696
-3.1968
-3.19756
-3.19693
-3.196
-3.19545
-3.19363
-3.19267
-3.19273
-3.19222
-3.19249
-3.19278
-3.19325
-3.19348
-3.1939
-3.194
-3.19451
-3.19457
-3.19554
-3.19537
-3.19607
-3.196
-3.19692
-3.19724
-3.19765
-3.19879
-3.20023
-3.20087
-3.20077
-3.2006
-3.20043
-3.1996
-3.1988
-3.19934
-3.19958
-3.19876
-3.19776
-3.19814
-3.1976
-3.19807
-3.19846
-3.19755
-3.19643
-3.19622
-3.1963
-3.19569
-3.19583
-3.19726
-3.19856
-3.19799
-3.19785
-3.19869
-3.1986
-3.19852
-3.19951
-3.20011
-3.20109
-3.2009
-3.19986
-3.19943
-3.19984
-3.19954
-3.20078
-3.20272
-3.20344
-3.2041
-3.20455
-3.20262
-3.20169
-3.20035
-3.19839
-3.1978
-3.19674
-3.19778
-3.19892
-3.19856
-3.19773
-3.19932
-3.19839
-3.19832
-3.19851
-3.1982
-3.19906
-3.19836
-3.19735
-3.19653
-3.19685
-3.19637
-3.1966
-3.19658
-3.19761
-3.19825
-3.19798
-3.19773
-3.19722
-3.19745
-3.19593
-3.19532
-3.19567
-3.19658
-3.19629
-3.19885
-3.19948
-3.20042
-3.20248
-3.2034
-3.20418
-3.20281
-3.20257
-3.20314
-3.20345
-3.20438
-3.2033
-3.203
-3.2021
-3.20135
-3.20033
-3.19787
-3.19718
-3.19727
-3.19709
-3.19639
-3.19673
-3.19698
-3.19559
-3.19588
-3.19651
-3.19694
-3.19732
-3.19787
-3.19786
-3.19831
-3.19884
-3.19925
-3.1994
-3.19942
-3.19895
-3.20026
-3.20138
-3.20037
-3.20137
-3.20052
-3.19995
-3.1993
-3.19961
-3.19866
-3.19799
