2.0984
2.09273
2.08238
2.06634
2.04311
2.01063
1.96629
1.90725
1.83084
1.73556
1.62242
1.49646
1.36708
1.24631
1.14545
1.07218
1.02908
1.01361
1.01943
1.03851
1.06332
1.08813
1.1097
1.12717
1.1414
1.15398
1.16629
1.1787
1.19039
1.19985
1.20552
1.2068
1.20433
1.19979
1.19533
1.19307
1.19466
1.20083
1.21075
1.22218
1.23225
1.2387
1.24087
1.23993
1.23816
1.23768
1.2393
1.24245
1.2458
1.24822
1.2492
1.24878
1.24699
1.24352
1.23759
1.22853
1.21666
1.20412
1.19446
1.19031
1.19106
1.19326
1.19322
1.18915
1.18151
1.17252
1.1651
1.16179
1.1638
1.17041
1.17928
1.18742
1.19266
1.1944
1.19367
1.19215
1.19135
1.19214
1.19475
1.19889
1.20386
1.20887
1.21333
1.21705
1.22004
1.22216
1.22283
1.22123
1.21688
1.21016
1.20237
1.19526
1.19017
1.18751
1.1869
1.18793
1.19058
1.19508
1.20167
1.21066
1.22235
1.23646
1.25177
1.26621
1.27782
1.2854
1.28859
1.28759
1.28287
1.27509
1.26513
1.25405
1.24321
1.23413
1.22809
1.22555
1.22587
1.2274
1.22823
1.22684
1.22242
1.2146
1.20302
1.18702
1.16609
1.14097
1.11446
1.09107
1.07547
1.07075
1.0778
1.09569
1.12238
1.15494
1.18965
1.22288
1.25228
1.27697
1.2965
1.30983
1.31531
1.31137
1.29718
1.2731
1.24102
1.20467
1.1691
1.13943
1.11922
1.10966
1.10991
1.11813
1.13217
1.14971
1.16831
1.18559
1.19931
1.2077
1.20947
1.204
1.1915
1.17345
1.15289
1.13415
1.12177
1.11883
1.12574
1.14024
1.15845
1.1763
1.1908
1.20056
1.20577
1.20772
1.2081
1.20826
1.20871
1.20907
1.20833
1.2053
1.19915
1.18986
1.17864
1.16789
1.16044
1.15816
1.16084
1.16619
1.1711
1.17331
1.17241
1.16952
1.16606
1.16282
1.15972
1.15569
1.14922
1.13944
1.12645
1.11076
1.09278
1.07304
1.05272
1.03381
1.01882
1.01011
1.00921
1.01661
1.0318
1.05344
1.07949
1.10757
1.13533
1.16071
1.18201
1.19797
1.2082
1.21335
1.2148
1.21378
1.21105
1.20725
1.20309
1.19905
1.1949
1.18969
1.18226
1.17204
1.15958
1.14671
1.13595
1.12951
1.12839
1.13219
1.1396
1.14916
1.15989
1.17131
1.18324
1.19552
1.20782
1.21968
1.23076
1.24114
1.25134
1.2623
1.27496
1.28966
1.30592
1.32228
1.33647
1.34598
1.34867
1.34332
1.32989
1.30946
1.28407
1.25639
1.22927
1.20547
1.18737
1.17687
1.17514
1.18201
1.19554
1.21199
1.22675
1.23554
1.23557
1.22597
1.20795
1.1845
1.16013
1.14009
1.12868
1.12761
1.13558
1.14959
1.16638
1.18297
1.1968
1.2061
1.21037
1.2103
1.20703
1.20155
1.19452
1.18665
1.17922
1.17418
1.17357
1.17847
1.18843
1.20165
1.2156
1.22795
1.23713
1.24273
1.2453
1.24581
1.24496
1.2429
1.23955
1.23535
1.23149
1.22918
1.22837
1.22752
1.22472
1.21898
1.21078
1.20151
1.19237
1.18368
1.17486
1.1652
1.1546
1.14377
1.13378
1.12539
1.11883
1.11407
1.1113
1.1111
1.11431
1.12161
1.13309
1.14802
1.16489
1.182
1.19802
1.21228
1.22471
1.23541
1.24435
1.25127
1.25594
1.25851
1.25961
1.26007
1.26056
1.26135
1.2623
1.26288
1.26227
1.25965
1.25449
1.24675
1.23683
1.22528
1.21251
1.19879
1.18442
1.17005
1.15681
1.14626
1.13969
1.13738
1.13822
1.14007
1.14068
1.13855
1.13344
1.12643
1.11947
1.11452
1.11276
1.11444
1.1193
1.12715
1.1381
1.15224
1.16884
1.18601
1.2013
1.21267
1.21927
1.22138
1.21996
1.21614
1.21111
1.20599
1.20167
1.19865
1.1971
1.19686
1.19769
1.19941
1.20194
1.20524
1.20896
1.21234
1.21409
1.21288
1.20779
1.19884
1.18715
1.1747
1.1635
1.15497
1.14976
1.14819
1.15065
1.15757
1.16906
1.18459
1.20311
1.22325
1.24372
1.26323
1.2805
1.29442
1.30406
1.30884
1.30855
1.30334
1.29359
1.27976
1.26254
1.24296
1.2223
1.20186
1.18275
1.16591
1.15219
1.14234
1.13704
1.13654
1.14046
1.14752
1.15579
1.1631
1.16753
1.16777
1.16351
1.15585
1.14723
1.14072
1.1385
1.1408
1.14601
1.15166
1.15572
1.15754
1.15791
1.15857
1.16133
1.16731
1.1765
1.18754
1.19804
1.20532
1.20743
1.20388
1.1961
1.18697
1.17959
1.17567
1.17464
1.17426
1.1724
1.1689
1.1662
1.16799
1.17609
1.18834
1.1996
1.20455
1.20009
1.18634
1.16686
1.14794
1.13664
1.13775
1.15141
1.17359
1.19886
1.22277
1.24246
1.25644
1.2641
1.26552
1.26128
1.25257
1.24107
1.22883
1.2178
1.20919
1.20313
1.19875
1.19481
1.1904
1.18533
1.18036
1.17692
1.17629
1.17864
1.18284
1.18726
1.19053
1.1918
1.19066
1.18703
1.18143
1.17524
1.17088
1.17105
1.17728
1.18868
1.20236
1.21501
1.22432
1.2292
1.22959
1.22636
1.22124
1.21647
1.21388
1.21411
1.21614
1.21782
1.21662
1.2107
1.19955
1.18436
1.16765
1.15255
1.14184
1.13733
1.13981
1.14939
1.16554
1.18652
1.20909
1.22939
1.24424
1.25187
1.25189
1.24476
1.23127
1.21223
1.18862
1.16196
1.13465
1.1098
1.09064
1.07953
1.07719
1.08232
1.09201
1.10287
1.11236
1.11988
1.12693
1.13627
1.15035
1.16988
1.19374
1.21978
1.24585
1.27008
1.29081
1.30653
1.31602
1.31854
1.31397
1.303
1.28732
1.26972
1.25373
1.24224
1.23591
1.23284
1.22982
1.22399
1.21381
1.19936
1.18208
1.16428
1.14855
1.13711
1.13137
1.13186
1.13834
1.1499
1.16503
1.18186
1.19845
1.21314
1.2248
1.23279
1.23691
1.23731
1.23432
1.22848
1.22025
1.20998
1.19777
1.18376
1.16848
1.15321
1.14015
1.13211
1.13158
1.13933
1.15373
1.17149
1.189
1.20311
1.2115
1.21295
1.20808
1.19938
1.18972
1.18012
1.16961
1.15703
1.14238
1.1267
1.11155
1.09848
1.0888
1.0841
1.08645
1.09728
1.11521
1.13563
1.153
1.16355
1.16651
1.1638
1.1591
1.15654
1.15912
1.16743
1.17959
1.19238
1.20285
1.20929
1.21142
1.21009
1.20678
1.20302
1.19999
1.19839
1.19844
1.20007
1.20288
1.20602
1.20833
1.20857
1.20563
1.19886
1.1883
1.17497
1.16085
1.14847
1.1402
1.13768
1.14153
1.15128
1.16543
1.18184
1.19821
1.21256
1.2236
1.23087
1.23471
1.23604
1.23626
1.23688
1.23929
1.24432
1.25204
1.26165
1.27155
1.27955
1.28333
1.2811
1.27205
1.25659
1.23618
1.21301
1.18966
1.16874
1.15247
1.14214
1.13755
1.13709
1.13845
1.13944
1.1388
1.13669
1.13486
1.13602
1.14253
1.15509
1.1723
1.19162
1.21058
1.22743
1.24107
1.25067
1.25551
1.25494
1.24863
1.23689
1.22093
1.20261
1.184
1.16679
1.15209
1.14035
1.13139
1.1244
1.11818
1.11168
1.10468
1.09801
1.09307
1.09064
1.09015
1.09012
1.08946
1.08836
1.08816
1.09045
1.09613
1.10462
1.11382
1.12104
1.12451
1.1241
1.12103
1.11693
1.1128
1.10882
1.10486
1.10125
1.09913
1.10018
1.10577
1.11607
1.13
1.14622
1.16388
1.18219
1.19973
1.2143
1.22373
1.22659
1.22262
1.21267
1.1985
1.1823
1.16628
1.15242
1.14271
1.13928
1.14383
1.15658
1.17542
1.1963
1.21451
1.22632
1.22991
1.22574
1.21608
1.20394
1.19199
1.18202
1.1753
1.17296
1.17579
1.18347
1.19415
1.20514
1.21412
1.22018
1.22396
1.22709
1.2311
1.23672
1.2435
1.24996
1.25415
1.25425
1.24924
1.23926
1.22551
1.20978
1.19371
1.17859
1.16539
1.15489
1.14737
1.14246
1.13937
1.13723
1.13528
1.13304
1.13073
1.12942
1.1306
1.1353
1.14331
1.1531
1.16249
1.16937
1.17222
1.16999
1.16205
1.14832
1.12986
1.10926
1.08996
1.07426
1.06223
1.05265
1.04467
1.03853
1.03535
1.03636
1.04226
1.05299
1.06784
1.08597
1.10677
1.12991
1.15483
1.1801
1.20354
1.22271
1.23537
1.23997
1.23616
1.22516
1.20968
1.19292
1.17734
1.16363
1.1508
1.13737
1.12292
1.10899
1.09877
1.09543
1.10045
1.11286
1.12982
1.14774
1.16331
1.17426
1.17962
1.17959
1.17508
1.16748
1.1585
1.15016
1.14445
1.14287
1.14602
1.15338
1.16373
1.17555
1.18726
1.19735
1.20439
1.20713
1.20484
1.19772
1.18733
1.17635
1.16784
1.16415
1.16625
1.17376
1.18539
1.19937
1.21373
1.22658
1.23624
1.24137
1.24124
1.23577
1.22557
1.21185
1.19621
1.18047
1.16659
1.15649
1.15151
1.15179
1.15597
1.16178
1.16713
1.17088
1.17248
1.17132
1.1667
1.15874
1.14923
1.14144
1.13871
1.14281
1.15326
1.16782
1.18369
1.19865
1.21126
1.2208
1.22702
1.23012
1.23074
1.22986
1.22857
1.22767
1.2276
1.22831
1.22955
1.23095
1.23215
1.23281
1.2327
1.2319
1.23098
1.23103
1.23321
1.23823
1.2458
1.25472
1.26351
1.27091
1.27566
1.27603
1.27039
1.25819
1.24037
1.21902
1.19681
1.17683
1.16217
1.15529
1.15702
1.16598
1.17888
1.19171
1.20094
1.20445
1.20182
1.19407
1.18317
1.17151
1.16125
1.15384
1.14978
1.14857
1.14907
1.14992
1.15005
1.14902
1.14706
1.14499
1.14403
1.14536
1.14968
1.15689
1.16609
1.17598
1.18544
1.19409
1.20247
1.21135
1.22074
1.22947
1.23583
1.2385
1.23697
1.23127
1.22174
1.20918
1.19525
1.18255
1.17382
1.1708
1.17369
1.18155
1.19307
1.20688
1.22126
1.23377
1.24166
1.24253
1.23506
1.21924
1.19636
1.16879
1.13985
1.11377
1.09508
1.08732
1.09126
1.10468
1.12389
1.14558
1.16756
1.18878
1.20894
1.22806
1.24603
1.26207
1.2748
1.28274
1.28494
1.28128
1.27253
1.25993
1.24477
1.22802
1.21016
1.19157
1.17297
1.1557
1.14152
1.13218
1.12904
1.13244
1.14106
1.152
1.16192
1.16844
1.17067
1.16888
1.16374
1.15577
1.14528
1.1327
1.11914
1.10659
1.09686
1.09005
1.0845
1.07866
1.07284
1.06946
1.07189
1.08286
1.1028
1.12926
1.15797
1.18479
1.20665
1.22146
1.22783
1.22491
1.21261
1.19185
1.16492
1.13536
1.10747
1.08503
1.07024
1.06328
1.06266
1.06599
1.07069
1.0745
1.07585
1.07419
1.07019
1.0657
1.06324
1.06506
1.07221
1.0841
1.09887
1.11417
1.12776
1.13786
1.14369
1.14574
1.14581
1.14608
1.14789
1.15101
1.15428
1.15712
1.16043
1.16622
1.17614
1.19006
1.20577
1.21989
1.22902
1.23053
1.22291
1.20592
1.18093
1.15127
1.12204
1.09884
1.08588
1.08443
1.09306
1.109
1.12956
1.15249
1.17588
1.19783
1.21658
1.2308
1.23986
1.24366
1.24239
1.23635
1.22608
1.21281
1.19848
1.18533
1.17504
1.16832
1.16503
1.16446
1.1658
1.16858
1.17307
1.18014
1.19032
1.20305
1.21655
1.22863
1.23757
1.24256
1.24363
1.24131
1.23631
1.22901
1.2194
1.20728
1.1928
1.17714
1.16255
1.15155
1.14568
1.14473
1.14715
1.15127
1.15643
1.16295
1.17152
1.18248
1.19524
1.20809
1.21838
1.22326
1.22044
1.20894
1.18978
1.16624
1.14311
1.12478
1.11303
1.10678
1.1036
1.10124
1.09783
1.09152
1.08047
1.06349
1.04092
1.01596
0.995675
0.988283
0.996081
1.013
1.03145
1.04828
1.06419
1.08055
1.09753
1.11407
1.12855
1.13958
1.14657
1.1501
1.15154
1.15247
1.15389
1.15612
1.15912
1.16256
1.1655
1.16641
1.16397
1.15813
1.15048
1.14341
1.13872
1.13633
1.13422
1.12976
1.12105
1.1076
1.09021
1.07059
1.05097
1.03354
1.01978
1.01006
1.00428
1.00259
1.0054
1.01308
1.02563
1.0426
1.06305
1.08549
1.10799
1.12827
1.14396
1.15292
1.154
1.14766
1.13597
1.12196
1.10874
1.09906
1.09511
1.0982
1.10797
1.12219
1.13745
1.15038
1.15891
1.16272
1.16284
1.1607
1.15734
1.15325
1.14873
1.14402
1.13944
1.13532
1.13198
1.12958
1.12796
1.12665
1.12511
1.12297
1.12015
1.11676
1.11299
1.10924
1.10627
1.10517
1.10701
1.11249
1.1218
1.13472
1.15093
1.1701
1.19178
1.21502
1.23829
1.25968
1.2776
1.29112
1.29987
1.30365
1.30218
1.29515
1.28264
1.26557
1.24573
1.22541
1.20658
1.19032
1.17683
1.16598
1.15784
1.15276
1.15101
1.1522
1.15499
1.15744
1.15789
1.15583
1.15212
1.14859
1.14722
1.14934
1.15549
1.16573
1.17982
1.19699
1.21552
1.23278
1.24601
1.25314
1.25324
1.24648
1.23379
1.21659
1.19659
1.17548
1.15472
1.13535
1.11808
1.10344
1.09195
1.08397
1.07957
1.07841
1.07997
1.08378
1.08963
1.0976
1.10811
1.12173
1.13857
1.15747
1.17598
1.19141
1.20204
1.20755
1.20871
1.20654
1.20172
1.19433
1.18424
1.17182
1.15846
1.1465
1.13846
1.13601
1.13931
1.14701
1.15693
1.16678
1.17466
1.17911
1.17911
1.17412
1.16459
1.15244
1.14102
1.13431
1.13526
1.14446
1.16008
1.17891
1.19779
1.21428
1.22681
1.23436
1.2364
1.23307
1.22558
1.2164
1.20862
1.20453
1.20459
1.20767
1.21236
1.21806
1.22531
1.23501
1.24731
1.26132
1.27567
1.28913
1.30053
1.30845
1.311
1.30645
1.29466
1.27851
1.26372
1.25562
1.25539
1.25998
1.26516
1.26779
1.26624
1.26018
1.25052
1.23923
1.22853
1.21958
1.21178
1.20364
1.19451
1.18568
1.17966
1.17865
1.18304
1.19126
1.20075
1.20937
1.21621
1.22113
1.22367
1.22228
1.21502
1.20157
1.18495
1.17036
1.16135
1.15737
1.15586
1.1556
1.15763
1.16355
1.17384
1.18753
1.20307
1.21913
1.23473
1.24905
1.26129
1.27038
1.27492
1.27336
1.26483
1.24977
1.23017
1.20901
1.1894
1.17365
1.16263
1.15577
1.15156
1.14845
1.14556
1.14283
1.14075
1.13989
1.14063
1.14327
1.14846
1.15721
1.17056
1.18859
1.21001
1.23233
1.25266
1.26855
1.27859
1.28269
1.28193
1.27805
1.27273
1.26703
1.26107
1.25424
1.24548
1.23369
1.21798
1.19809
1.17477
1.15018
1.12762
1.11058
1.10151
1.10104
1.10808
1.12024
1.13452
1.14802
1.15851
1.16493
1.1675
1.16735
1.16578
1.16354
1.16088
1.15799
1.15528
1.15337
1.15281
1.15384
1.15636
1.1601
1.16472
1.16988
1.17515
1.17987
1.18317
1.18426
1.18277
1.179
1.17399
1.16909
1.16542
1.16317
1.16144
1.15845
1.15243
1.14264
1.1301
1.11741
1.10753
1.10209
1.10078
1.10208
1.10457
1.10725
1.10943
1.11051
1.10998
1.10779
1.10456
1.1017
1.10089
1.10332
1.10918
1.11775
1.12798
1.13908
1.15073
1.16296
1.17565
1.1882
1.19949
1.20824
1.21346
1.21474
1.21248
1.20806
1.20369
1.20181
1.20353
1.20773
1.21174
1.21293
1.20999
1.2031
1.19354
1.1832
1.17409
1.16784
1.16532
1.16642
1.1702
1.17523
1.17994
1.18309
1.18408
1.18304
1.1806
1.17733
1.17323
1.1677
1.16029
1.15145
1.14262
1.13549
1.13075
1.12731
1.12299
1.11636
1.10873
1.10382
1.10435
1.10921
1.11485
1.11859
1.11983
1.1193
1.11798
1.11663
1.1155
1.11409
1.11095
1.1039
1.09065
1.06978
1.04214
1.01237
0.988905
0.98055
0.990653
1.01481
1.04477
1.07357
1.09757
1.11568
1.12812
1.13559
1.13891
1.139
1.13695
1.13393
1.13109
1.12933
1.12905
1.13013
1.13226
1.13535
1.1395
1.14473
1.15065
1.15637
1.16066
1.16232
1.16073
1.15603
1.14924
1.14176
1.13477
1.12882
1.12378
1.11908
1.11367
1.10625
1.09561
1.08139
1.06457
1.04745
1.03287
1.02311
1.01907
1.02025
1.02551
1.03376
1.04399
1.05489
1.06469
1.07154
1.07428
1.07312
1.06971
1.06654
1.06583
1.06904
1.07701
1.0904
1.10955
1.13372
1.16034
1.18534
1.20445
1.21469
1.21511
1.2069
1.19273
1.17588
1.1593
1.14523
1.13533
1.13114
1.134
1.14411
1.1597
1.17773
1.19549
1.21132
1.22439
1.23408
1.23974
1.24088
1.23747
1.23006
1.21975
1.20797
1.19609
1.18509
1.17536
1.1667
1.15854
1.15017
1.1409
1.1303
1.1185
1.10635
1.09542
1.08726
1.08254
1.0808
1.08102
1.08258
1.08553
1.09043
1.09804
1.10913
1.12396
1.14171
1.16047
1.17804
1.19263
1.20327
1.2097
1.21213
1.21113
1.20748
1.20219
1.19645
1.19142
1.18781
1.18537
1.18274
1.17806
1.17005
1.1587
1.14531
1.13194
1.12092
1.11431
1.11347
1.11852
1.1278
1.13793
1.14493
1.14567
1.13903
1.12614
1.10992
1.09414
1.08246
1.07772
1.08125
1.09257
1.10942
1.1285
1.14673
1.16215
1.17411
1.18287
1.18915
1.19366
1.19686
1.19897
1.20006
1.20001
1.19846
1.19491
1.18893
1.18045
1.16973
1.15749
1.14475
1.13265
1.12217
1.11396
1.10855
1.10648
1.1083
1.11425
1.12385
1.13596
1.14914
1.16206
1.1736
1.18274
1.18855
1.19027
1.18772
1.18144
1.1722
1.16051
1.14659
1.13108
1.11575
1.10356
1.09768
1.10003
1.1102
1.12594
1.14446
1.16352
1.18175
1.19814
1.21153
1.22044
1.22332
1.21907
1.2077
1.19076
1.17136
1.15333
1.13991
1.13265
1.13126
1.1343
1.14
1.14662
1.15271
1.15742
1.16068
1.16313
1.16604
1.17115
1.18007
1.19313
1.20888
1.22467
1.23794
1.24705
1.25142
1.25124
1.247
1.23929
1.22881
1.2165
1.20331
1.18991
1.17657
1.16305
1.14887
1.13366
1.11758
1.10155
1.08717
1.07637
1.07091
1.07186
1.07925
1.09216
1.1091
1.1285
1.14915
1.17041
1.192
1.21365
1.2345
1.25288
1.26659
1.27344
1.27175
1.26074
1.24082
1.21375
1.18276
1.15231
1.12723
1.11159
1.10744
1.11434
1.12961
1.1494
1.16992
1.18839
1.20313
1.21338
1.21914
1.22111
1.22053
1.21857
1.21618
1.21408
1.2131
1.21427
1.21849
1.226
1.23615
1.2474
1.25771
1.26488
1.26711
1.26339
1.25379
1.23954
1.22267
1.20545
1.18964
1.17594
1.16412
1.15344
1.14342
1.13436
1.12719
1.12253
1.11971
1.11675
1.11174
1.1047
1.09845
1.09755
1.10556
1.12255
1.14523
1.16931
1.19146
1.20991
1.22397
1.23359
1.23924
1.24186
1.24255
1.24221
1.24133
1.23996
1.23788
1.23466
1.22971
1.22252
1.21289
1.20121
1.18866
1.17698
1.16799
1.16267
1.16048
1.15957
1.15792
1.15462
1.15014
1.14568
1.14203
1.13916
1.13644
1.13316
1.12895
1.12443
1.122
1.12559
1.13852
1.16035
1.18621
1.20936
1.22447
1.22931
1.22478
1.21403
1.20122
1.18994
1.1822
1.17831
1.17759
1.17896
1.1814
1.18405
1.1864
1.18815
1.18902
1.1887
1.1869
1.18342
1.17834
1.17201
1.1651
1.15834
1.15232
1.14722
1.14269
1.13795
1.13201
1.12405
1.11361
1.10083
1.08639
1.07146
1.05764
1.04679
1.04091
1.04167
1.0498
1.06457
1.08391
1.10501
1.12515
1.14281
1.15832
1.17367
1.19075
1.2096
1.2281
1.24319
1.25226
1.2538
1.24769
1.23499
1.21765
1.19793
1.17776
1.15843
1.14056
1.12443
1.11015
1.09789
1.0881
1.08151
1.07861
1.0791
1.08208
1.08677
1.09306
1.1012
1.11145
1.12374
1.13783
1.15348
1.17053
1.18859
1.20677
1.22378
1.23865
1.25132
1.26237
1.27212
