-6.18548
-6.11408
-5.99151
-5.80813
-5.55789
-5.23239
-4.82155
-4.30906
-3.68796
-2.95496
-2.12121
-1.22757
-0.330098
0.501015
1.20065
1.72668
2.06149
2.22621
2.25573
2.1959
2.08889
1.96993
1.85622
1.75819
1.67073
1.5875
1.50326
1.41904
1.33759
1.26991
1.22492
1.20508
1.20873
1.21959
1.23114
1.23065
1.20928
1.16384
1.10213
1.03516
0.976295
0.942574
0.929024
0.933254
0.941975
0.945018
0.936142
0.921076
0.905013
0.893892
0.892024
0.899748
0.91699
0.944076
0.986357
1.04581
1.12239
1.20117
1.26239
1.29447
1.30268
1.30548
1.32413
1.36571
1.42603
1.48845
1.54281
1.57115
1.57061
1.54413
1.50679
1.47275
1.44963
1.44715
1.45338
1.46532
1.4688
1.46214
1.4439
1.41229
1.37672
1.339
1.30302
1.26857
1.23551
1.20882
1.1872
1.17835
1.18315
1.20159
1.22522
1.24352
1.25344
1.25216
1.24013
1.22104
1.19366
1.15754
1.11241
1.0539
0.981702
0.899499
0.815038
0.737671
0.678974
0.644501
0.63593
0.651979
0.692162
0.749553
0.817808
0.891354
0.960361
1.01972
1.06123
1.08311
1.08869
1.08934
1.09261
1.10782
1.1427
1.19482
1.26844
1.3677
1.49306
1.63872
1.78724
1.91443
1.99515
2.01143
1.96176
1.84972
1.68943
1.49564
1.29056
1.09441
0.923863
0.779284
0.667251
0.595713
0.571781
0.605602
0.699017
0.850704
1.04479
1.26188
1.47168
1.6456
1.76599
1.82481
1.83322
1.79402
1.71892
1.6269
1.52905
1.4397
1.37095
1.33455
1.33683
1.38254
1.46846
1.58298
1.71009
1.82278
1.89597
1.91651
1.88039
1.80188
1.70204
1.60294
1.51919
1.45929
1.42284
1.40224
1.39232
1.38321
1.37429
1.3662
1.36697
1.38277
1.41481
1.46467
1.5236
1.57733
1.61101
1.6176
1.59766
1.56452
1.53734
1.52613
1.5338
1.55539
1.58153
1.60851
1.63731
1.6754
1.72744
1.79997
1.89167
1.99842
2.1177
2.24605
2.37659
2.49434
2.58675
2.64128
2.65143
2.61163
2.52579
2.40353
2.25588
2.09984
1.94391
1.79928
1.68216
1.59444
1.54001
1.51517
1.51482
1.52939
1.55557
1.58822
1.62599
1.66526
1.7069
1.75635
1.81481
1.88682
1.97024
2.0503
2.11389
2.14827
2.14733
2.11667
2.05833
1.98151
1.89442
1.79847
1.69445
1.58475
1.47184
1.36107
1.2541
1.14988
1.04594
0.939368
0.826759
0.704344
0.57679
0.456608
0.356113
0.285638
0.260279
0.287148
0.361785
0.47702
0.62546
0.784254
0.941223
1.0753
1.1779
1.23455
1.2404
1.19767
1.12061
1.03067
0.95585
0.916413
0.92776
0.99665
1.11073
1.25219
1.39736
1.51642
1.58656
1.59959
1.56522
1.49938
1.42212
1.34906
1.29163
1.26149
1.25888
1.2803
1.31661
1.36623
1.42066
1.47673
1.52562
1.55592
1.55842
1.52505
1.46337
1.38152
1.29451
1.21606
1.15495
1.11636
1.09258
1.0811
1.07878
1.0874
1.10339
1.12535
1.14836
1.16425
1.17488
1.19024
1.21798
1.26045
1.31806
1.37977
1.44146
1.50358
1.5666
1.63015
1.70006
1.76881
1.83493
1.89085
1.93527
1.96734
1.9858
1.98645
1.96717
1.92252
1.85206
1.75926
1.65522
1.55082
1.45211
1.36118
1.27834
1.20953
1.15033
1.10419
1.07192
1.05263
1.04043
1.03636
1.0337
1.03099
1.03289
1.0377
1.05499
1.08614
1.13062
1.19249
1.26897
1.35504
1.44707
1.5448
1.64164
1.74022
1.82831
1.89838
1.94485
1.96642
1.97071
1.96867
1.97523
1.99457
2.02743
2.06847
2.1054
2.12828
2.13104
2.11523
2.07994
2.02584
1.95407
1.86346
1.75976
1.65607
1.56575
1.49666
1.45449
1.43596
1.43963
1.45655
1.48114
1.50466
1.52669
1.53944
1.54174
1.53857
1.52902
1.51102
1.48775
1.46429
1.43723
1.41271
1.39961
1.4023
1.42747
1.47397
1.53315
1.59503
1.64956
1.69003
1.70907
1.70396
1.67562
1.61849
1.53438
1.42504
1.30302
1.1719
1.04008
0.913407
0.804439
0.719855
0.661696
0.632343
0.638315
0.675691
0.740875
0.833163
0.944907
1.06948
1.20175
1.3323
1.45415
1.56028
1.64576
1.70665
1.73936
1.74584
1.72334
1.68255
1.63506
1.58951
1.55876
1.55186
1.56763
1.59988
1.63665
1.6631
1.66411
1.64414
1.61328
1.58031
1.55794
1.54806
1.54406
1.53886
1.52248
1.48952
1.43723
1.37908
1.32465
1.28993
1.28378
1.3088
1.35797
1.41159
1.45486
1.47778
1.48729
1.49478
1.51311
1.53733
1.55233
1.54539
1.5028
1.44358
1.39286
1.37623
1.4126
1.49893
1.60905
1.70913
1.76235
1.74407
1.65605
1.51982
1.37042
1.22982
1.11383
1.03153
0.987899
0.982015
1.01098
1.06635
1.13976
1.21983
1.29292
1.35324
1.40141
1.44096
1.47942
1.51864
1.56004
1.59913
1.62865
1.63927
1.63204
1.61527
1.59796
1.58463
1.58278
1.59178
1.61107
1.63853
1.66808
1.68639
1.67906
1.63548
1.56616
1.48789
1.41624
1.36603
1.33922
1.3376
1.35303
1.381
1.40907
1.42541
1.42973
1.42705
1.43018
1.45305
1.50346
1.57955
1.67975
1.7863
1.88101
1.94999
1.98153
1.9719
1.91989
1.83268
1.71818
1.59962
1.49599
1.42534
1.39877
1.41486
1.47449
1.57044
1.69797
1.85114
2.01947
2.18557
2.33346
2.44406
2.50603
2.51647
2.48319
2.42075
2.34702
2.27778
2.21206
2.14669
2.06636
1.95794
1.82143
1.66111
1.48833
1.31621
1.15883
1.02222
0.916284
0.846985
0.820151
0.834193
0.883046
0.961958
1.05059
1.12865
1.18128
1.20942
1.2221
1.23786
1.27055
1.32699
1.40529
1.50038
1.59755
1.68022
1.73752
1.76174
1.7509
1.70682
1.63491
1.54257
1.44334
1.34661
1.26379
1.19797
1.15377
1.1343
1.13772
1.16033
1.20398
1.2608
1.33126
1.41416
1.50517
1.60014
1.69332
1.7709
1.81548
1.81214
1.76302
1.67413
1.56782
1.46592
1.38692
1.33958
1.33334
1.36646
1.42193
1.48728
1.55615
1.63473
1.726
1.83102
1.94079
2.04586
2.14102
2.21271
2.2543
2.25381
2.20493
2.1189
2.01998
1.93943
1.89604
1.89259
1.91628
1.94696
1.96265
1.94726
1.89916
1.83117
1.76018
1.70184
1.66594
1.65436
1.66117
1.68219
1.70497
1.72593
1.74125
1.74786
1.74857
1.74499
1.73958
1.74026
1.7555
1.78634
1.84068
1.91258
1.9972
2.08333
2.15816
2.20187
2.21051
2.17732
2.11238
2.01922
1.90963
1.79896
1.69844
1.61302
1.54667
1.49719
1.46255
1.43268
1.39938
1.35864
1.3042
1.23885
1.16418
1.0928
1.03473
1.00456
1.00939
1.05753
1.14075
1.25436
1.38349
1.51481
1.63222
1.72279
1.78355
1.81266
1.8197
1.8178
1.81912
1.82516
1.83574
1.84444
1.83115
1.78797
1.71087
1.61021
1.4971
1.38758
1.28927
1.21295
1.16014
1.13867
1.14895
1.19333
1.26847
1.36929
1.48404
1.6002
1.70613
1.79645
1.87165
1.93105
1.97663
2.01632
2.05593
2.09532
2.13242
2.15522
2.16278
2.15909
2.14957
2.14428
2.13925
2.12972
2.10769
2.06798
2.01738
1.96561
1.92908
1.91321
1.91989
1.94042
1.96607
1.98967
2.01124
2.03506
2.05356
2.06204
2.04649
2.00422
1.93345
1.84002
1.73179
1.61663
1.49949
1.38716
1.29196
1.22839
1.20479
1.22148
1.27314
1.34972
1.43749
1.52657
1.60133
1.6515
1.66728
1.63681
1.56072
1.45475
1.33806
1.24153
1.1816
1.16989
1.19928
1.25757
1.33263
1.40486
1.46781
1.51188
1.52908
1.52074
1.48393
1.43164
1.37765
1.33471
1.30908
1.29612
1.28368
1.26518
1.2407
1.21149
1.18697
1.17528
1.19023
1.23363
1.30637
1.40079
1.50733
1.61656
1.7217
1.81568
1.89042
1.94946
1.99143
2.02153
2.044
2.06382
2.08153
2.09827
2.10509
2.09377
2.06434
2.01561
1.95929
1.90599
1.87011
1.86126
1.88192
1.935
2.02016
2.12984
2.25044
2.36026
2.45187
2.52097
2.57351
2.61403
2.63663
2.64065
2.61481
2.56034
2.47538
2.36384
2.23213
2.08461
1.92373
1.75528
1.58871
1.43521
1.31122
1.22988
1.19811
1.21622
1.27643
1.36333
1.45991
1.55129
1.63642
1.71741
1.79942
1.8884
1.96979
2.02606
2.04328
2.01327
1.93959
1.84222
1.74057
1.65097
1.58549
1.55079
1.54799
1.57045
1.61054
1.65701
1.69646
1.72154
1.72149
1.69556
1.64732
1.58186
1.50922
1.43991
1.37998
1.33916
1.32572
1.33965
1.37961
1.43509
1.49279
1.53524
1.54938
1.53005
1.48186
1.41056
1.32633
1.24517
1.17445
1.12191
1.09876
1.10612
1.14622
1.21385
1.30122
1.40122
1.50007
1.58789
1.65315
1.68874
1.69413
1.67817
1.65374
1.63195
1.61995
1.61825
1.63056
1.66434
1.7146
1.76754
1.80565
1.81461
1.78347
1.71545
1.62149
1.52059
1.42337
1.33973
1.27277
1.22227
1.19209
1.17459
1.16653
1.16109
1.15334
1.14186
1.12572
1.11041
1.0948
1.08226
1.07316
1.07126
1.07527
1.08016
1.08089
1.07264
1.04989
1.01585
0.976917
0.943183
0.917707
0.91176
0.931424
0.988637
1.08575
1.21363
1.35963
1.50768
1.63912
1.73465
1.7863
1.78367
1.74169
1.67594
1.61095
1.56506
1.55018
1.56797
1.61246
1.6722
1.73672
1.7913
1.8313
1.85338
1.85713
1.85211
1.84815
1.84751
1.85326
1.85966
1.86722
1.86765
1.85344
1.8215
1.77121
1.70977
1.64562
1.58478
1.52762
1.47353
1.41849
1.36399
1.31503
1.28333
1.2746
1.28946
1.32812
1.38888
1.46328
1.54325
1.61065
1.65178
1.65835
1.62671
1.56753
1.48523
1.39063
1.2948
1.21379
1.16117
1.1526
1.19414
1.28371
1.41524
1.57466
1.74205
1.89106
1.99832
2.04175
2.01987
1.94416
1.83681
1.7148
1.58983
1.46694
1.3526
1.24507
1.14646
1.0624
0.999245
0.969244
0.970276
1.00527
1.06945
1.15633
1.25619
1.3635
1.47597
1.58914
1.69961
1.79969
1.87939
1.9313
1.94635
1.92509
1.87613
1.81413
1.76012
1.72549
1.71592
1.72931
1.76414
1.81652
1.88166
1.95754
2.03891
2.11403
2.16988
2.21159
2.24538
2.27731
2.30327
2.31069
2.28046
2.19833
2.06426
1.89515
1.71857
1.55478
1.42014
1.32777
1.28518
1.29839
1.3683
1.48655
1.64183
1.81098
1.96867
2.09532
2.18079
2.22201
2.23061
2.21733
2.19804
2.18352
2.17974
2.19194
2.21349
2.23621
2.2414
2.22173
2.171
2.09459
2.0016
1.90984
1.82588
1.76416
1.7267
1.71326
1.70871
1.70628
1.69782
1.68349
1.66969
1.6585
1.64298
1.61246
1.55982
1.48685
1.40634
1.3395
1.30414
1.31275
1.37249
1.48479
1.63969
1.81488
1.98242
2.1114
2.17655
2.17498
2.11457
2.01022
1.87753
1.73017
1.58059
1.44027
1.32055
1.22912
1.16982
1.14298
1.14918
1.18539
1.24635
1.32805
1.41723
1.49793
1.56203
1.60794
1.63176
1.63849
1.63502
1.61998
1.5912
1.54437
1.47986
1.40021
1.31713
1.24482
1.19011
1.15751
1.14888
1.16123
1.19064
1.23476
1.29483
1.37035
1.45821
1.55284
1.64012
1.70586
1.74156
1.74962
1.73631
1.7119
1.67894
1.63686
1.58113
1.50865
1.42903
1.34964
1.28758
1.25918
1.27557
1.34163
1.45191
1.5858
1.72035
1.82632
1.90047
1.9455
1.97818
2.01015
2.05081
2.11034
2.1973
2.31652
2.46586
2.62366
2.7483
2.79779
2.76398
2.68122
2.58818
2.49916
2.41081
2.3166
2.21846
2.12504
2.04159
1.98023
1.93803
1.91657
1.90586
1.89556
1.88429
1.8685
1.84904
1.82781
1.81362
1.81069
1.82815
1.86571
1.91041
1.95271
1.9864
2.00862
2.03119
2.06808
2.13147
2.22023
2.33111
2.45158
2.56905
2.66921
2.7479
2.79836
2.82465
2.82182
2.78968
2.72369
2.62695
2.50371
2.36049
2.20656
2.05551
1.91984
1.813
1.74654
1.72766
1.75367
1.80969
1.88049
1.94606
1.99552
2.01288
1.99203
1.93507
1.85262
1.76623
1.69672
1.65114
1.63127
1.6329
1.64823
1.67231
1.70211
1.73562
1.76909
1.80099
1.82924
1.85308
1.86899
1.88044
1.88906
1.89943
1.91119
1.92729
1.94509
1.96127
1.97583
1.98259
1.97858
1.95536
1.90504
1.83164
1.73609
1.6183
1.4838
1.33691
1.18145
1.02809
0.890831
0.777485
0.693459
0.641156
0.622762
0.638466
0.690155
0.776056
0.889804
1.02151
1.15592
1.28189
1.39514
1.48969
1.56784
1.62873
1.6676
1.68568
1.68463
1.67382
1.66511
1.66463
1.67514
1.69262
1.70523
1.70402
1.68288
1.63587
1.5675
1.47871
1.37481
1.26433
1.16511
1.09426
1.05996
1.06992
1.12001
1.20484
1.31643
1.44518
1.58126
1.71556
1.84292
1.95707
2.05532
2.13392
2.19076
2.22659
2.24061
2.23764
2.21759
2.18371
2.13418
2.06877
1.98376
1.88271
1.76974
1.6615
1.57213
1.51148
1.47952
1.47634
1.49239
1.52639
1.5768
1.6429
1.72173
1.80144
1.86966
1.91463
1.92712
1.90269
1.8545
1.79412
1.73249
1.68375
1.65264
1.64667
1.66882
1.7112
1.76768
1.81714
1.83957
1.817
1.74701
1.64131
1.51659
1.39425
1.28516
1.19869
1.14011
1.11236
1.11283
1.1375
1.1686
1.19266
1.19675
1.1786
1.1459
1.10469
1.05645
0.998923
0.929402
0.84328
0.750952
0.659829
0.575958
0.509169
0.465996
0.456925
0.493339
0.569522
0.669404
0.764484
0.822594
0.841516
0.838765
0.833947
0.845972
0.881846
0.941342
1.01776
1.10186
1.1821
1.25189
1.31503
1.37898
1.44628
1.50656
1.54803
1.55822
1.53847
1.49739
1.44708
1.39938
1.35928
1.32919
1.31181
1.3171
1.35681
1.42728
1.51193
1.58687
1.62883
1.64477
1.64637
1.63867
1.61433
1.56905
1.49861
1.40779
1.30806
1.20845
1.10847
1.01827
0.943035
0.88947
0.864917
0.87611
0.931502
1.02244
1.1405
1.26515
1.38256
1.47873
1.54883
1.59636
1.62823
1.6569
1.67939
1.69825
1.7106
1.71491
1.70729
1.68788
1.65022
1.5899
1.50301
1.38991
1.2579
1.12239
0.999588
0.903644
0.844391
0.818865
0.821878
0.843682
0.878979
0.920046
0.965724
1.02101
1.08814
1.17641
1.28917
1.42469
1.57928
1.74117
1.88953
2.00346
2.07343
2.09291
2.0694
2.01631
1.95031
1.88557
1.83611
1.80719
1.79514
1.79511
1.8019
1.80943
1.82145
1.83515
1.84375
1.84679
1.84179
1.8258
1.80347
1.77565
1.74161
1.70631
1.67196
1.64031
1.62169
1.61406
1.62365
1.64773
1.68022
1.71329
1.74154
1.76614
1.78987
1.82225
1.87165
1.94159
2.02746
2.10902
2.17558
2.21574
2.23163
2.23215
2.22474
2.21792
2.20965
2.20506
2.20817
2.21885
2.23105
2.23758
2.23197
2.20413
2.15648
2.09132
2.01566
1.93253
1.84492
1.7528
1.65971
1.56833
1.48499
1.42017
1.37531
1.35573
1.3554
1.36901
1.3836
1.38582
1.36947
1.34515
1.32599
1.32083
1.33973
1.38334
1.43902
1.49814
1.54813
1.57755
1.58797
1.57526
1.54841
1.51196
1.47894
1.45229
1.44055
1.43964
1.44722
1.46435
1.48784
1.52271
1.568
1.62483
1.6822
1.73016
1.76625
1.79841
1.83148
1.87613
1.92074
1.94871
1.94466
1.91528
1.88477
1.86266
1.8559
1.85615
1.86303
1.8724
1.88132
1.89418
1.91875
1.96556
2.04869
2.17225
2.3285
2.48878
2.60744
2.63712
2.56485
2.41733
2.23809
2.06499
1.91715
1.80154
1.71392
1.65563
1.61853
1.60304
1.5983
1.60278
1.60613
1.60569
1.59674
1.58135
1.56215
1.53908
1.51383
1.48453
1.45167
1.42387
1.40815
1.40993
1.43357
1.47589
1.53162
1.59148
1.64849
1.70143
1.74761
1.7953
1.84785
1.91192
1.99521
2.09658
2.21067
2.32461
2.41883
2.4825
2.5122
2.50831
2.47811
2.428
2.36665
2.29835
2.23632
2.18771
2.16016
2.15639
2.16501
2.16905
2.15833
2.12731
2.07264
1.98866
1.87383
1.73575
1.58802
1.45242
1.35464
1.30733
1.31674
1.37217
1.45668
1.55454
1.6485
1.72553
1.77447
1.78852
1.75866
1.68821
1.58772
1.47234
1.35852
1.25824
1.17452
1.11281
1.07887
1.07377
1.09619
1.14089
1.20366
1.27373
1.34759
1.41588
1.47891
1.53507
1.58953
1.64422
1.70386
1.76936
1.8386
1.90481
1.96298
2.00341
2.02071
2.0182
2.00473
1.98038
1.94424
1.89599
1.83059
1.74577
1.6417
1.52288
1.40198
1.29201
1.20144
1.13662
1.10044
1.08904
1.09957
1.13003
1.16846
1.21122
1.24979
1.28049
1.30682
1.33625
1.37448
1.43002
1.50317
1.58413
1.66242
1.72591
1.7633
1.76679
1.73814
1.68749
1.6326
1.59824
1.59964
1.64124
1.71467
1.80364
1.88761
1.94469
1.96091
1.93047
1.85494
1.7494
1.6321
1.5201
1.4204
1.34344
1.28285
1.23627
1.20061
1.17575
1.1609
1.15359
1.15468
1.16501
1.19233
1.23517
1.29548
1.37009
1.45259
1.5374
1.61859
1.69177
1.7498
1.79027
1.80998
1.80489
1.77529
1.72503
1.66078
1.59133
1.5283
1.47254
1.43423
1.4167
1.42611
1.461
1.5229
1.6003
1.69183
1.7947
1.90314
2.00604
2.08612
2.12599
2.1142
2.05489
1.96111
1.84954
1.73214
1.61754
1.51185
1.42416
1.36331
1.33567
1.34962
1.40284
1.4865
1.58172
1.66965
1.72942
1.75438
1.74834
1.71514
1.67131
1.62273
1.57567
1.5345
1.50176
1.46974
1.43507
1.38935
1.32545
1.24038
1.14601
1.05636
0.986859
0.944518
0.933371
0.95049
0.993077
1.0583
1.14336
1.23835
1.33941
1.44369
1.54759
1.64872
1.7532
1.86143
1.97189
2.07767
2.16607
2.22992
2.2557
2.24087
2.18704
2.09857
1.98413
1.85145
1.71025
1.56474
1.41904
1.27406
1.13915
1.02408
0.944211
0.910312
0.929071
1.00585
1.13538
1.30284
1.49034
1.67315
1.82133
1.91524
1.94107
1.9041
1.81894
1.70894
1.59423
1.48993
1.40916
1.3519
1.31925
1.31156
1.31647
1.32933
1.34975
1.36751
1.37708
1.37817
1.3634
1.33183
1.28925
1.2415
1.20364
1.18576
1.19624
1.24266
1.32047
1.42208
1.53824
1.65403
1.76076
1.85392
1.93511
2.00704
2.07256
2.12852
2.17128
2.19555
2.2086
2.21777
2.23522
2.2572
2.27067
2.25058
2.17834
2.05586
1.90346
1.74474
1.59688
1.47012
1.36997
1.29612
1.24418
1.21186
1.19453
1.186
1.18099
1.18265
1.18887
1.20347
1.23108
1.27215
1.32517
1.38805
1.45519
1.51427
1.55457
1.57348
1.5772
1.57232
1.56878
1.57454
1.58579
1.59518
1.60149
1.60404
1.60878
1.61878
1.63297
1.64644
1.64773
1.61208
1.52455
1.39266
1.24243
1.111
1.03052
1.00737
1.03864
1.10713
1.18695
1.26134
1.31503
1.34905
1.36915
1.37909
1.37972
1.38339
1.38771
1.39554
1.40983
1.42985
1.4616
1.50403
1.55573
1.61283
1.67443
1.73379
1.78909
1.83726
1.88247
1.92979
1.98299
2.0468
2.12163
2.21027
2.30401
2.39556
2.4762
2.53796
2.56327
2.55088
2.49409
2.39646
2.27382
2.14066
2.01523
1.90087
1.79655
1.69431
1.58404
1.47151
1.36507
1.28414
1.24203
1.24741
1.30251
1.39561
1.51659
1.65373
1.79566
1.93173
2.05901
2.17736
2.2798
2.36659
2.43545
2.48179
2.50255
2.5005
2.47886
2.44226
2.39201
2.3274
2.24776
2.15485
2.04731
1.93039
1.80904
1.67963
1.55395
1.43593
1.33156
1.23983
1.16169
1.09368
