1           1     0.00114     0.00114           0
1           2    0.038976    0.020058    0.013377
1           3   -0.033536  0.00219333   0.0170967
1           4    0.015716    0.005574   0.0131525
1           5    0.031928   0.0108448   0.0115298
1           6    0.040572   0.0157993   0.0106195
1           7    0.016004   0.0158286  0.00910247
1           8   -0.000236   0.0138205  0.00818316
1           9   -0.005632   0.0116591  0.00755397
1          10    -0.02332   0.0081612  0.00756521
1          11   -0.003668  0.00708582  0.00695348
1          12    0.008332  0.00718967   0.0063748
1          13   -0.003732  0.00634954  0.00593953
1          14    0.019068    0.007258  0.00558432
1          15    0.021792  0.00822693  0.00529542
1          16    0.002804    0.007888   0.0049753
1          17   -0.011464  0.00674965   0.0048111
1          18   -0.000784  0.00633111  0.00456198
1          19    0.028364  0.00749074  0.00446683
1          20   -0.027388   0.0057468  0.00457126
