1           1    0.430089    0.430089           0
1           2    0.404177    0.417133  0.00916119
1           3    0.420813     0.41836  0.00618903
1           4    0.413356    0.417109  0.00476651
1           5    0.403077    0.414302  0.00456519
1           6     0.42255    0.415677  0.00400595
1           7    0.414625    0.415527  0.00343649
1           8     0.43198    0.417583   0.0035697
1           9    0.422092    0.418084  0.00320802
1          10    0.442061    0.420482  0.00367557
1          11    0.414426    0.419931  0.00338241
1          12    0.425492    0.420395  0.00313213
1          13    0.404738     0.41919  0.00311414
1          14    0.419397    0.419205  0.00289174
1          15    0.400927    0.417987  0.00294452
1          16    0.409883     0.41748  0.00280371
1          17    0.436594    0.418605  0.00285535
1          18    0.420755    0.418724  0.00269921
1          19     0.43851    0.419765   0.0027507
1          20    0.417792    0.419667  0.00261493
