1           1     7.48543     7.48543           0
1           2      7.3639     7.42467   0.0429666
1           3     7.66549     7.50494   0.0715288
1           4     7.35108     7.46648   0.0631478
1           5     7.75904     7.52499   0.0727399
1           6      7.3029     7.48797   0.0693979
1           7     6.78567     7.38765    0.110301
1           8     8.31401     7.50344    0.145077
1           9     7.10624     7.45931    0.135504
1          10     7.52059     7.46544    0.122092
1          11     7.39348     7.45889    0.111168
1          12     8.03522     7.50692    0.111798
1          13     7.06767     7.47313    0.108184
1          14     7.39535     7.46758    0.100599
1          15     6.92954     7.43171    0.100083
1          16      7.5511     7.43917   0.0941055
1          17     7.61309      7.4494   0.0891242
1          18     7.20382     7.43576   0.0852107
1          19     8.10385     7.47092   0.0876814
1          20     7.14385     7.45457   0.0848086
