1           1    -0.75868    -0.75868           0
1           2   -0.761256   -0.759968 0.000910754
1           3    -0.76284   -0.760925  0.00098977
1           4   -0.762728   -0.761376 0.000838675
1           5   -0.765648    -0.76223  0.00101694
1           6   -0.762008   -0.762193 0.000848122
1           7   -0.759216   -0.761768 0.000826764
1           8    -0.76628   -0.762332 0.000895359
1           9   -0.758976   -0.761959 0.000870065
1          10   -0.764568    -0.76222 0.000821241
1          11    -0.75836   -0.761869 0.000818125
1          12   -0.766368   -0.762244 0.000831424
1          13    -0.76348   -0.762339 0.000772886
1          14   -0.758912   -0.762094 0.000755451
1          15   -0.761392   -0.762047 0.000706537
1          16   -0.762672   -0.762087 0.000663456
1          17   -0.761864   -0.762073 0.000624558
1          18   -0.760944   -0.762011 0.000593004
1          19   -0.760608   -0.761937  0.00056637
1          20   -0.759936   -0.761837 0.000546815
