2.84784
2.84017
2.82626
2.80487
2.77423
2.73186
2.67468
2.59924
2.50228
2.38162
2.23768
2.0751
1.9038
1.73771
1.5915
1.47688
1.4
1.36079
1.35372
1.3698
1.39919
1.43329
1.46596
1.49399
1.51685
1.53576
1.55259
1.56879
1.58465
1.59913
1.61045
1.61701
1.61832
1.61531
1.61012
1.60525
1.60306
1.6054
1.61307
1.62525
1.63953
1.65272
1.66204
1.66624
1.66613
1.66404
1.66258
1.66334
1.66633
1.67046
1.67433
1.67706
1.67824
1.67766
1.67489
1.66922
1.65987
1.64679
1.63145
1.61728
1.60821
1.60603
1.60858
1.61118
1.60969
1.60251
1.59082
1.57783
1.56768
1.56386
1.56789
1.57873
1.59322
1.60753
1.61878
1.62587
1.62937
1.63047
1.63021
1.6292
1.62796
1.62698
1.6264
1.62603
1.62548
1.62439
1.6227
1.62034
1.61699
1.61205
1.60512
1.59661
1.58782
1.58054
1.57618
1.57521
1.57723
1.58163
1.58787
1.59546
1.60404
1.61372
1.62516
1.63909
1.65567
1.67426
1.69356
1.71176
1.72683
1.7368
1.74021
1.73638
1.72562
1.70909
1.68859
1.66637
1.64489
1.62651
1.61305
1.60524
1.60227
1.60207
1.60191
1.59925
1.59232
1.58028
1.5632
1.5419
1.51797
1.49387
1.4731
1.45986
1.45801
1.46963
1.49408
1.52815
1.56711
1.60601
1.64096
1.66973
1.69168
1.70669
1.71435
1.71416
1.70614
1.69122
1.67077
1.6461
1.6183
1.58845
1.5581
1.52959
1.50593
1.48993
1.48325
1.4856
1.49489
1.50794
1.52159
1.5333
1.54134
1.54454
1.54215
1.53391
1.52041
1.50319
1.48457
1.4667
1.45085
1.43739
1.42633
1.41788
1.41246
1.41043
1.41188
1.41662
1.42456
1.43607
1.45195
1.47306
1.49972
1.53119
1.56534
1.59886
1.62776
1.64827
1.65795
1.65632
1.64504
1.62768
1.60888
1.59325
1.58401
1.58204
1.58574
1.59193
1.59727
1.59918
1.59611
1.58741
1.57317
1.55419
1.53212
1.50942
1.48916
1.47452
1.46827
1.47214
1.48624
1.50844
1.53453
1.55936
1.5785
1.58918
1.59034
1.58206
1.56525
1.54165
1.51428
1.48764
1.46695
1.45679
1.45962
1.47488
1.49913
1.52752
1.55542
1.57937
1.59725
1.60807
1.6118
1.60932
1.60235
1.59319
1.58425
1.5775
1.57391
1.57315
1.57357
1.57295
1.56945
1.56255
1.55338
1.54449
1.53897
1.53913
1.54529
1.5555
1.56633
1.57435
1.57731
1.57435
1.56593
1.55342
1.5386
1.52331
1.50921
1.49767
1.48973
1.48597
1.48637
1.49024
1.49664
1.50479
1.51429
1.5248
1.53575
1.54631
1.55566
1.56324
1.56898
1.57321
1.57682
1.58109
1.58744
1.5967
1.60863
1.62203
1.63525
1.64677
1.6555
1.66089
1.6629
1.66204
1.65917
1.65514
1.65052
1.64544
1.63967
1.63287
1.62485
1.61598
1.60744
1.60112
1.5992
1.60305
1.61206
1.62366
1.63487
1.64374
1.64932
1.6507
1.64677
1.63663
1.62033
1.59928
1.5762
1.55471
1.53818
1.52851
1.52544
1.52732
1.53248
1.53997
1.54925
1.55976
1.57093
1.58229
1.59317
1.60238
1.60824
1.60906
1.6038
1.59253
1.57649
1.55799
1.54003
1.52571
1.51753
1.51663
1.52262
1.53365
1.54706
1.56008
1.57039
1.5764
1.57744
1.57362
1.56575
1.55509
1.54311
1.53118
1.52058
1.51255
1.50843
1.50945
1.51625
1.52834
1.54409
1.56133
1.5779
1.59223
1.6033
1.61064
1.6145
1.61612
1.61732
1.61936
1.62202
1.62379
1.62287
1.61814
1.60953
1.59806
1.58558
1.57435
1.56624
1.56202
1.56091
1.56083
1.55911
1.55331
1.54201
1.52541
1.50539
1.48512
1.46824
1.45824
1.45809
1.46978
1.49385
1.52843
1.56904
1.60967
1.64477
1.67074
1.68633
1.69203
1.68927
1.67979
1.66539
1.64789
1.62914
1.61085
1.59471
1.58286
1.5781
1.58275
1.59622
1.61401
1.63016
1.64047
1.644
1.64233
1.6381
1.63374
1.63063
1.62905
1.62839
1.62788
1.62715
1.62656
1.62718
1.6303
1.63671
1.64603
1.65642
1.66521
1.66979
1.6687
1.66204
1.65122
1.63816
1.62458
1.61186
1.60151
1.59554
1.59603
1.60375
1.61709
1.63268
1.64684
1.65687
1.66111
1.65861
1.64886
1.63169
1.60753
1.57762
1.54438
1.51148
1.48313
1.46284
1.45215
1.45048
1.45589
1.46623
1.4797
1.49473
1.50953
1.52207
1.53079
1.53549
1.53771
1.5402
1.5455
1.55466
1.56667
1.57912
1.58951
1.59659
1.60097
1.60439
1.60833
1.61291
1.61688
1.61844
1.61601
1.6086
1.59615
1.57965
1.56117
1.54341
1.52904
1.51974
1.51555
1.51491
1.51537
1.51468
1.5116
1.50622
1.49989
1.49467
1.49252
1.49473
1.50162
1.51272
1.52734
1.54482
1.56457
1.58572
1.60687
1.62621
1.6419
1.65251
1.65751
1.65737
1.65353
1.64797
1.64288
1.64007
1.64048
1.64395
1.64944
1.65528
1.65962
1.66059
1.65647
1.64563
1.62654
1.5982
1.56126
1.51992
1.48316
1.46188
1.46145
1.47778
1.50217
1.52764
1.55069
1.56985
1.58437
1.59375
1.59743
1.59495
1.58623
1.57197
1.55415
1.53605
1.52156
1.51393
1.51451
1.5222
1.53396
1.54592
1.55464
1.55773
1.55413
1.54426
1.53019
1.51533
1.50361
1.49802
1.49933
1.50572
1.51375
1.51985
1.52183
1.51953
1.51458
1.50961
1.5071
1.50855
1.51399
1.5222
1.53145
1.54022
1.54799
1.55522
1.56292
1.5719
1.58246
1.59463
1.6086
1.62466
1.64262
1.66162
1.6803
1.69723
1.71105
1.72061
1.72538
1.72583
1.72337
1.72
1.7175
1.71675
1.71736
1.71766
1.71544
1.70883
1.69731
1.68227
1.66705
1.65566
1.65064
1.65177
1.65619
1.65992
1.6595
1.6531
1.64106
1.62592
1.61162
1.60187
1.59866
1.60178
1.60929
1.6188
1.62846
1.63725
1.64483
1.65124
1.65665
1.66116
1.66477
1.66762
1.6702
1.67342
1.67807
1.6846
1.69315
1.70374
1.71621
1.72997
1.74371
1.7554
1.7627
1.76372
1.75771
1.74549
1.72938
1.71255
1.69779
1.68642
1.67775
1.66979
1.66048
1.64903
1.63619
1.62352
1.6121
1.60199
1.59277
1.58431
1.57709
1.57184
1.56906
1.56884
1.57118
1.57608
1.58349
1.59297
1.60338
1.61299
1.62002
1.62348
1.62337
1.62031
1.61461
1.60605
1.59452
1.58075
1.5663
1.55286
1.54163
1.53282
1.52543
1.51759
1.50833
1.5007
1.50199
1.51659
1.53979
1.5621
1.57727
1.58435
1.58556
1.58397
1.58219
1.58142
1.58112
1.57944
1.57403
1.56298
1.54559
1.52303
1.49833
1.4757
1.45931
1.452
1.45482
1.46691
1.48595
1.50873
1.53174
1.55186
1.567
1.57661
1.58185
1.58515
1.5891
1.59525
1.60352
1.61244
1.62006
1.62478
1.62571
1.62263
1.61576
1.60545
1.59214
1.57638
1.55876
1.53963
1.51896
1.49655
1.47247
1.44738
1.42258
1.39981
1.38095
1.36756
1.36067
1.36074
1.36784
1.38174
1.40196
1.42739
1.45604
1.48498
1.51075
1.53016
1.54104
1.54265
1.53614
1.52465
1.51278
1.50512
1.50447
1.51087
1.52212
1.53507
1.54691
1.55584
1.56112
1.56297
1.56209
1.55926
1.55474
1.54818
1.53894
1.52663
1.51164
1.49519
1.4788
1.46363
1.45026
1.43899
1.43014
1.42424
1.42174
1.42275
1.42727
1.4354
1.44738
1.46337
1.48309
1.50565
1.52942
1.55229
1.57205
1.58675
1.5952
1.59713
1.59328
1.58532
1.57542
1.56573
1.55779
1.55227
1.54923
1.54853
1.55027
1.55468
1.56173
1.57072
1.57997
1.5873
1.59083
1.59016
1.58705
1.5853
1.58894
1.60004
1.61723
1.63623
1.65192
1.66036
1.66001
1.65178
1.63829
1.6228
1.60821
1.59653
1.58861
1.58406
1.58133
1.5783
1.573
1.56441
1.5527
1.53882
1.52396
1.5091
1.49507
1.48251
1.47207
1.46471
1.46181
1.46493
1.47487
1.49083
1.51046
1.53084
1.5495
1.56483
1.57584
1.58187
1.58253
1.57785
1.56873
1.55737
1.54724
1.54225
1.54501
1.55573
1.57217
1.59078
1.60807
1.62174
1.63139
1.63869
1.64675
1.65803
1.67218
1.68586
1.69509
1.69747
1.6928
1.68244
1.66821
1.65192
1.63506
1.61901
1.60509
1.59463
1.58885
1.58823
1.59165
1.59604
1.59754
1.59318
1.58199
1.56493
1.54408
1.52194
1.50063
1.48156
1.46539
1.4524
1.44316
1.43877
1.44057
1.44923
1.46421
1.48395
1.5064
1.52976
1.55269
1.57416
1.59327
1.60913
1.62112
1.62928
1.6343
1.63733
1.6397
1.64296
1.64877
1.65834
1.67174
1.68772
1.70435
1.7198
1.7327
1.74208
1.74733
1.74824
1.74505
1.73838
1.72905
1.71784
1.70552
1.69284
1.68045
1.66894
1.65873
1.65009
1.64319
1.63813
1.63509
1.63417
1.63505
1.63689
1.63818
1.63674
1.62992
1.61501
1.59039
1.5573
1.52181
1.49405
1.48251
1.48781
1.50349
1.52228
1.54016
1.55622
1.57101
1.5853
1.59957
1.61398
1.62831
1.64186
1.65325
1.66037
1.66097
1.6536
1.63845
1.61761
1.59469
1.57376
1.55783
1.54788
1.54293
1.54108
1.54069
1.54056
1.53958
1.53635
1.52955
1.51907
1.50686
1.49665
1.49226
1.49571
1.50669
1.52356
1.54464
1.56841
1.59286
1.61494
1.63114
1.63884
1.63726
1.62771
1.6128
1.59558
1.5789
1.5651
1.55577
1.55158
1.55223
1.55678
1.56383
1.57163
1.57822
1.58198
1.58216
1.57924
1.57485
1.57151
1.57208
1.57842
1.59
1.60366
1.61515
1.62099
1.61956
1.61127
1.5984
1.58456
1.57369
1.5687
1.57059
1.57845
1.59011
1.60277
1.61338
1.61908
1.618
1.61053
1.6003
1.59358
1.59605
1.60914
1.62957
1.65191
1.6712
1.68443
1.69071
1.69056
1.68494
1.67456
1.65964
1.64027
1.61687
1.59055
1.56303
1.5365
1.51336
1.49603
1.48646
1.48563
1.49318
1.50723
1.52484
1.54283
1.55894
1.57243
1.58396
1.59458
1.60449
1.61257
1.617
1.61618
1.60953
1.59789
1.58358
1.56995
1.5603
1.55671
1.55922
1.56582
1.57351
1.57951
1.58238
1.58245
1.58133
1.58085
1.58199
1.58464
1.58806
1.59155
1.5943
1.59486
1.59137
1.58275
1.56966
1.55463
1.54116
1.5322
1.52899
1.53064
1.53491
1.53926
1.54191
1.54231
1.54133
1.5408
1.54256
1.54758
1.55569
1.56567
1.57562
1.58331
1.58681
1.58498
1.57738
1.56398
1.5448
1.52017
1.49142
1.46152
1.43491
1.41642
1.40975
1.41654
1.43589
1.46469
1.49841
1.53226
1.56226
1.58588
1.60226
1.61194
1.61645
1.61757
1.61672
1.61454
1.61074
1.60446
1.59471
1.5808
1.56281
1.54171
1.51964
1.49956
1.48465
1.47748
1.47947
1.49071
1.51015
1.53579
1.56494
1.59451
1.62146
1.64304
1.65709
1.66237
1.65882
1.64772
1.63144
1.61276
1.59424
1.57773
1.56403
1.55303
1.54375
1.53469
1.52432
1.51161
1.49639
1.47987
1.4647
1.45455
1.45271
1.46024
1.47481
1.49161
1.50563
1.5138
1.51601
1.51491
1.51454
1.51817
1.52671
1.53855
1.55074
1.56037
1.56537
1.56501
1.56022
1.55339
1.54758
1.5453
1.54752
1.55384
1.56338
1.57517
1.58811
1.60065
1.61082
1.61661
1.61658
1.61035
1.59884
1.58416
1.56906
1.55593
1.54575
1.53765
1.52931
1.51814
1.50257
1.48289
1.46158
1.44273
1.43081
1.42873
1.43644
1.45126
1.46909
1.48566
1.4974
1.50205
1.49893
1.48888
1.47374
1.45588
1.4378
1.42211
1.41157
1.4089
1.41606
1.43324
1.45821
1.48694
1.51495
1.53882
1.55709
1.57025
1.58015
1.58913
1.59912
1.611
1.62433
1.63757
1.64855
1.65533
1.65696
1.65392
1.64811
1.64219
1.63841
1.63763
1.63896
1.64028
1.63911
1.63367
1.62364
1.61047
1.59691
1.58562
1.5775
1.57137
1.56504
1.55648
1.54452
1.52896
1.51075
1.49201
1.47569
1.46461
1.46006
1.46092
1.46411
1.46633
1.46635
1.46603
1.46881
1.47648
1.48766
1.4995
1.5098
1.51778
1.52364
1.52841
1.53392
1.54237
1.55518
1.57172
1.5892
1.6038
1.61214
1.61208
1.60276
1.58449
1.55892
1.52951
1.50178
1.48272
1.47866
1.49261
1.52299
1.5642
1.60867
1.64894
1.67943
1.69747
1.70358
1.70072
1.69296
1.68396
1.67592
1.6695
1.66431
1.65983
1.65594
1.65314
1.65209
1.65304
1.65557
1.65891
1.66226
1.66496
1.66639
1.66591
1.66307
1.65787
1.65079
1.64263
1.63432
1.62678
1.62067
1.61613
1.61239
1.60781
1.60019
1.58782
1.57047
1.5499
1.52984
1.5149
1.50904
1.51387
1.52804
1.54804
1.56979
1.58989
1.60604
1.61699
1.62216
1.62157
1.61555
1.60484
1.59076
1.57539
1.5615
1.55161
1.54685
1.54657
1.54901
1.55238
1.55528
1.55681
1.55643
1.5538
1.54901
1.54258
1.5354
1.52834
1.52195
1.51639
1.51158
1.50735
1.50352
1.49971
1.49525
1.48954
1.48265
1.47536
1.46863
1.46342
1.46085
1.4622
1.46834
1.4794
1.4949
1.51425
1.53697
1.5623
1.58885
1.61452
1.63704
1.65444
1.66543
1.66938
1.66597
1.65517
1.63737
1.61388
1.58708
1.55997
1.53508
1.51353
1.49498
1.47849
1.46361
1.45081
1.44103
1.43517
1.43378
1.43693
1.44421
1.45467
1.46714
1.48081
1.49558
1.51213
1.53142
1.55412
1.58
1.60772
1.63489
1.65861
1.67628
1.68628
1.68828
1.68298
1.67174
1.65604
1.63694
1.61472
1.58896
1.55933
1.52649
1.49279
1.46214
1.439
1.42708
1.42827
1.44204
1.46558
1.49475
1.52545
1.55446
1.57946
1.59869
1.61082
1.61555
1.61419
1.6094
1.60348
1.59628
1.58506
1.5669
1.54173
1.51351
1.48874
1.47274
1.4664
1.46651
1.46867
1.46993
1.46946
1.46814
1.46823
1.47269
1.48346
1.49989
1.51939
1.53941
1.55827
1.57491
1.58848
1.59846
1.60498
1.60852
1.60949
1.60826
1.60614
1.60604
1.61109
1.62201
1.63606
1.64838
1.65455
1.65222
1.64123
1.62292
1.59943
1.57327
1.54708
1.52362
1.50568
1.49601
1.49711
1.5103
1.53443
1.56515
1.59579
1.61986
1.63329
1.63591
1.6319
1.62814
1.63019
1.63853
1.64956
1.65961
1.66752
1.67439
1.6818
1.69026
1.69863
1.7043
1.70429
1.69645
1.68028
1.6573
1.63066
1.6042
1.58138
1.56437
1.55376
1.54866
1.54737
1.54816
1.55029
1.55438
1.56175
1.57287
1.58621
1.59884
1.60789
1.61124
1.60768
1.59676
1.57903
1.5564
1.53227
1.51071
1.49489
1.48583
1.48226
1.48185
1.48285
1.48496
1.48899
1.49553
1.50387
1.51201
1.51768
1.51921
1.51612
1.50928
1.50082
1.49408
1.49281
1.49959
1.51445
1.53484
1.5569
1.57715
1.59336
1.60476
1.61156
1.61434
1.61376
1.61035
1.60446
1.59635
1.58626
1.57466
1.56237
1.55064
1.54072
1.53367
1.53002
1.52988
1.53314
1.53979
1.54984
1.56302
1.5786
1.5956
1.61312
1.63022
1.64549
1.65705
1.66297
1.66204
1.65438
1.64166
1.62686
1.61358
1.60486
1.60211
1.60456
1.61008
1.61632
1.62156
1.62456
1.62447
1.62112
1.61574
1.61086
1.60922
1.61257
1.62088
1.63266
1.64571
1.6578
1.667
1.67165
1.6702
1.6616
1.64597
1.62509
1.60243
1.58225
1.56822
1.56222
1.56387
1.57071
1.57913
1.58565
1.58774
1.58434
1.57579
1.56375
1.55077
1.53936
1.53091
1.52517
1.52083
1.51679
1.51348
1.51338
1.5201
1.53621
1.56127
1.59166
1.62225
1.64837
1.6667
1.6754
1.6739
1.66266
1.64309
1.61759
1.58944
1.5625
1.54054
1.52626
1.52034
1.52122
1.52572
1.53054
1.53359
1.53457
1.53482
1.5362
1.53991
1.54599
1.55356
1.56143
1.56895
1.57643
1.58513
1.5965
1.61119
1.62847
1.64651
1.66312
1.67629
1.68454
1.68698
1.68309
1.67285
1.65671
1.6357
1.61144
1.58586
1.56076
1.5372
1.51521
1.49418
1.47398
1.45592
1.44278
1.43701
1.4389
1.44655
1.45754
1.47053
1.48554
1.50348
1.52522
1.55066
1.57808
1.6042
1.62506
1.63727
1.63903
1.63059
1.61428
1.59408
1.57463
1.56016
1.55348
1.55544
1.56509
1.58018
1.59788
1.61531
1.62998
1.64003
1.64451
1.64345
1.63773
1.62873
1.6181
1.60747
1.59833
1.592
1.58952
1.59162
1.5981
1.60752
1.61729
1.62449
1.62671
1.6228
1.61295
1.59859
1.58198
1.56558
1.55133
1.54031
1.53293
1.52958
1.53108
1.53848
1.552
1.57002
1.58894
1.60431
1.61234
1.61065
1.5983
1.57585
1.54603
1.5147
1.48991
1.47829
1.48176
1.49791
1.52249
1.55119
1.58014
1.60612
1.62698
1.64182
1.65108
1.65641
1.6604
1.66576
1.67435
1.68613
1.69902
1.70973
1.71501
1.71305
1.70437
1.69169
1.67886
1.66889
1.66254
1.65834
1.65371
1.64647
1.63573
1.62219
1.60777
1.59482
1.58536
1.58041
1.57963
1.58152
1.58386
1.58473
1.58328
1.58009
1.57696
1.57593
1.57823
1.58359
1.59035
1.59621
1.59908
1.59761
1.59138
1.5804
1.56463
1.54375
1.51762
1.48737
1.45623
1.42947
1.41276
1.40945
1.41872
1.43624
1.45675
1.47612
1.49207
1.50418
1.51337
1.52134
1.52967
1.53914
1.54939
1.55906
1.56637
1.5698
1.56854
1.5626
1.55252
1.53898
1.52295
1.5062
1.49176
1.48343
1.48444
1.49589
1.51632
1.54254
1.57087
1.59799
1.62137
1.63935
1.65129
1.65739
1.65835
1.65486
1.64759
1.63743
1.62571
1.61405
1.60388
1.59587
1.58978
1.58468
1.57912
1.57152
1.56059
1.54598
1.52883
1.51187
1.49878
1.49306
1.49712
1.51158
1.53525
1.56533
1.59812
1.62948
1.6555
1.67301
1.68007
1.67636
1.66335
1.64395
1.62153
1.59869
1.57672
1.55573
1.53552
1.51637
1.4994
1.48622
1.47827
1.4761
1.47925
1.48683
1.49804
1.51225
1.52865
1.5457
1.5611
1.57234
1.5776
1.57608
1.56821
1.55532
1.53929
1.52214
1.50585
1.49235
1.48397
1.48382
1.495
1.51832
1.55049
1.5851
1.6157
1.63804
1.65067
1.6542
1.65063
1.64267
1.63296
1.62357
1.61552
1.60884
1.60286
1.59661
1.5893
1.58047
1.57017
1.55897
1.54784
1.53785
1.52994
1.5246
1.52192
1.52178
1.52399
1.52833
1.53448
1.54208
1.55103
1.56158
1.57414
1.58877
1.60455
1.61931
1.63005
1.6339
1.62939
1.61726
1.60041
1.58281
1.5678
1.55661
1.54813
1.53998
1.52967
1.51523
1.49574
1.47199
1.44713
1.42659
1.41595
1.41796
1.43119
1.45145
1.47413
1.49562
1.51362
1.52701
1.53564
1.53986
1.54017
1.53677
1.52962
1.51887
1.50596
1.49488
1.49147
1.49941
1.51602
1.53348
1.5441
1.5436
1.53127
1.5091
1.48125
1.45359
1.43269
1.42382
1.42897
1.44584
1.46871
1.4904
1.5045
1.50689
1.49671
1.47672
1.45272
1.43137
1.41739
1.41203
1.41374
1.42005
1.42909
1.43997
1.45253
1.46688
1.48306
1.50082
1.51937
1.53695
1.55091
1.5584
1.55765
1.54864
1.53298
1.51292
1.49023
1.46564
1.43933
1.41226
1.38718
1.36866
1.36143
1.36803
1.38733
1.41517
1.44628
1.47623
1.50233
1.52351
1.53943
1.54986
1.55489
1.55556
1.55411
1.55347
1.55578
1.56153
1.56954
1.57796
1.58514
1.59021
1.59321
1.59517
1.59778
1.60274
1.61057
1.61998
1.62825
1.63249
1.63064
1.62162
1.60539
1.58343
1.55895
1.53616
1.51868
1.50803
1.50339
1.50243
1.50266
1.50251
1.50172
1.50106
1.5019
1.50557
1.51291
1.52401
1.53825
1.55443
1.57088
1.58557
1.59627
1.60101
1.59857
1.58878
1.5726
1.55195
1.52926
1.50693
1.48692
1.47053
1.45842
1.45098
1.44858
1.45169
1.4608
1.47599
1.49666
1.52134
1.54807
1.57472
1.59934
1.62019
1.63571
1.64454
1.64578
1.63932
1.6262
1.60872
1.5902
1.57433
1.56398
1.56011
1.56132
1.56442
1.56607
1.56416
1.55804
1.54792
1.53462
1.52038
1.50878
1.50248
1.50097
1.50128
1.50062
1.49802
1.49406
1.48963
1.48494
1.47926
1.47134
1.46004
1.44483
1.42587
1.40397
1.3808
1.35913
1.34294
1.33639
1.3422
1.36004
1.38689
1.41876
1.45224
1.48503
1.51561
1.54284
1.56588
1.58435
1.59832
1.60822
1.61469
1.61844
1.62002
1.61968
1.61742
1.61321
1.6071
1.5991
1.58926
1.57766
1.56444
1.54957
1.5329
1.51489
1.49771
1.48549
1.48255
1.49038
1.50628
1.52505
1.54194
1.55425
1.56108
1.56266
1.56004
1.55563
1.55343
1.55776
1.57047
1.58921
1.60865
1.62385
1.63239
1.63417
1.62997
1.62017
1.60471
1.58413
1.56033
1.5364
1.51601
1.50226
1.49702
1.50077
1.51265
1.5305
1.55118
1.57131
1.58817
1.60029
1.60734
1.60971
1.60792
1.60243
1.59356
1.58174
1.56776
1.55307
1.53989
1.53093
1.52863
1.53408
1.54643
1.56304
1.58044
1.59537
1.6056
1.61022
1.60953
1.60466
1.59715
1.58859
1.58035
1.57345
1.56857
1.56598
1.56573
1.56772
1.57178
1.57753
1.58441
1.59177
1.59897
1.60542
1.61054
1.61351
1.61353
1.61016
1.60373
1.59536
1.58666
1.57931
1.57459
1.57295
1.57398
1.57698
1.58167
1.58858
1.59859
1.61184
1.62681
1.64067
1.65039
1.65409
1.65169
1.64491
1.63651
1.62908
1.62391
1.6206
1.6178
1.6146
1.61098
1.60695
1.60117
1.5908
1.57304
1.54703
1.51459
1.47981
1.44769
1.42296
1.40902
1.40748
1.41799
1.43836
1.46515
1.49448
1.52275
1.54716
1.56589
1.57794
1.58291
1.58096
1.57293
1.56025
1.54471
1.52809
1.51186
1.49751
1.48653
1.48014
1.47869
1.48135
1.48647
1.49237
1.49842
1.50551
1.51552
1.52996
1.54896
1.57141
1.59596
1.62191
1.64917
1.67737
1.70489
1.72886
1.74602
1.75343
1.74909
1.73236
1.70448
1.66885
1.63063
1.59556
1.56855
1.55268
1.54893
1.55658
1.57358
1.59661
1.62148
1.64407
1.6614
1.67213
1.67632
1.67477
1.66865
1.65933
1.64828
1.63694
1.6267
1.61871
1.61356
1.61142
1.61236
1.61686
1.62555
1.63805
1.65216
1.66434
1.6713
1.67108
1.66315
1.64794
1.62653
1.6008
1.57348
1.54805
1.52795
1.51564
1.51204
1.51649
1.52746
1.54314
1.56177
1.58185
1.60214
1.62163
1.63956
1.65507
1.66674
1.67236
1.66956
1.65669
1.63336
1.60046
1.55986
1.51396
1.46547
1.41773
1.37523
1.34349
1.32704
1.32632
1.33716
1.35373
1.37165
1.38893
1.40563
1.42324
1.44369
1.46858
1.49857
1.53305
1.57012
1.60653
1.63829
1.66137
1.67269
1.671
1.6575
1.63571
1.61073
1.58775
1.5709
1.56274
1.56417
1.57407
1.58901
1.60421
1.61542
1.61997
1.61657
1.60463
1.58404
1.55577
1.52294
1.49126
1.46827
1.46042
1.46962
1.49228
1.52157
1.55121
1.57734
1.59835
1.61383
1.62382
1.62844
1.62767
1.62154
1.61034
1.59484
1.57635
1.55655
1.53739
1.52105
1.51
1.50634
1.51051
1.52009
1.53063
1.53797
1.54013
1.53762
1.53253
1.52744
1.52494
1.52695
1.53425
1.54632
1.56154
1.57783
1.59333
1.60669
1.61717
1.6244
1.62809
1.62785
1.6233
1.61457
1.6032
1.59247
1.58658
1.58814
1.5964
1.60824
1.62038
1.6308
1.63878
1.64431
1.64784
1.65006
1.65175
1.65344
1.65515
1.65599
1.65427
1.64818
1.6368
1.62102
1.60373
1.58873
1.57881
1.57413
1.57203
1.56819
1.55852
1.54073
1.5151
1.48456
1.45409
1.42985
1.4177
1.42117
1.43965
1.4681
1.49919
1.5262
1.54539
1.55652
1.56192
1.56466
1.56668
1.56802
1.5673
1.56294
1.554
1.5405
1.52352
1.50503
1.48757
1.47371
1.46541
1.46328
1.46652
1.47332
1.4819
1.49126
1.50126
1.51232
1.52467
1.53804
1.55155
1.56381
1.57315
1.57779
1.57636
1.56844
1.55497
1.53837
1.52208
1.5095
1.50275
1.50195
1.50557
1.51147
1.51792
1.52374
1.52789
1.52895
1.52534
1.51635
1.50352
1.49123
1.48525
1.48932
1.50212
1.5181
1.53109
1.5374
1.53645
1.53015
1.52175
1.51455
1.51079
1.51083
1.51302
1.51449
1.51235
1.50493
1.49266
1.47839
1.46706
1.46419
1.47327
1.49346
1.5197
1.5456
1.56622
1.57885
1.58268
1.57846
1.56823
1.55512
1.54258
1.5333
1.52817
1.52611
1.52518
1.52405
1.52291
1.52325
1.52681
1.53431
1.54473
1.55582
1.56529
1.57167
1.57467
1.57489
1.57339
1.5711
1.56839
1.56511
1.56087
1.55575
1.5508
1.54786
1.5487
1.55423
1.56407
1.57674
1.59023
1.60268
1.61287
1.62063
1.62666
1.63227
1.63883
1.64718
1.65735
1.66837
1.67838
1.68516
1.68666
1.68181
1.67068
1.65412
1.63316
1.60889
1.583
1.55797
1.53626
1.5194
1.50789
1.50197
1.50209
1.50846
1.52028
1.53525
1.5503
1.56273
1.57131
1.5764
1.57901
1.57963
1.57775
1.57235
1.5627
1.54889
1.53217
1.51486
1.50001
1.49064
1.48857
1.49377
1.50448
1.51823
1.53293
1.54757
1.56231
1.57791
1.59459
1.61105
1.62439
1.63134
1.62983
1.62002
1.60426
1.5863
1.56946
1.55541
1.54388
1.53359
1.52327
1.51212
1.49977
1.486
1.4706
1.45359
1.43565
1.41837
1.40435
1.39682
1.39892
1.41296
1.43951
1.47705
1.52201
1.56967
1.61511
1.6542
1.68417
1.70386
1.7136
1.71506
1.71073
1.70317
1.69429
1.68499
1.67528
1.66473
1.65298
1.64012
1.62704
1.6155
1.60762
1.60482
1.60668
1.61063
1.61297
1.61039
1.60133
1.5864
1.56837
1.55127
1.53898
1.53382
1.53579
1.54284
1.55186
1.55967
1.56345
1.56094
1.55066
1.53218
1.50679
1.47811
1.45211
1.43562
1.43338
1.44565
1.46859
1.4969
1.52633
1.55458
1.58028
1.60155
1.61548
1.61929
1.61182
1.59404
1.56889
1.54071
1.51454
1.49519
1.48574
1.48651
1.49517
1.50808
1.52159
1.53261
1.53878
1.53857
1.53149
1.51817
1.50029
1.48032
1.46099
1.44483
1.43375
1.4288
1.43016
1.43732
1.44939
1.46541
1.48438
1.50516
1.52643
1.54664
1.56406
1.57653
1.58163
1.57722
1.56239
1.53864
1.51029
1.48372
1.46488
1.45669
1.45857
1.4684
1.48451
1.50628
1.53329
1.56447
1.59759
1.62951
1.65667
1.67602
1.68608
1.68785
1.68495
1.68202
1.68252
1.68745
1.6958
1.70582
1.7159
1.72504
1.73266
1.73822
1.74095
1.73992
1.7344
1.72426
1.71019
1.69356
1.67608
1.65925
1.6439
1.62999
1.61681
1.60359
1.59006
1.57652
1.56369
1.5524
1.54341
1.53728
1.53408
1.53342
1.53458
1.53668
1.53869
1.5394
1.53745
1.53191
1.52302
1.51273
1.50437
1.50131
1.50511
1.51462
1.52671
1.53787
1.54565
1.54913
1.54884
1.54614
1.54253
1.53903
1.53593
1.53285
1.52909
1.52424
1.51846
1.51237
1.50686
1.50266
1.50008
1.49901
1.49913
1.50035
1.50315
1.50836
1.5165
1.52697
1.53777
1.54622
1.54988
1.54738
1.53889
1.52605
1.51159
1.49865
1.4901
1.4877
1.49136
1.49867
1.50544
1.50724
1.50124
1.48745
1.46889
1.45073
1.43866
1.43662
1.44478
1.45961
1.47603
1.48978
1.49871
1.50273
1.50356
1.50421
1.50823
1.51847
1.53596
1.5596
1.58694
1.61531
1.64243
1.6666
1.68658
1.70153
1.71088
1.71413
1.71082
1.70086
1.68496
1.66483
1.643
1.62195
1.60345
1.5882
1.57605
1.56643
1.55855
1.55161
1.54473
1.53693
1.52715
1.51453
1.49904
1.4819
1.4654
1.45214
1.4444
1.44383
1.45104
1.46489
1.48258
1.50073
1.51667
1.52891
1.53699
1.54123
1.54247
1.54185
1.54052
1.53929
1.53841
1.53768
1.53704
1.53703
1.53886
1.54383
1.55271
1.56532
1.58059
1.5972
1.61398
1.63015
1.6451
1.65833
1.66935
1.67778
1.68366
1.68732
1.68915
1.68902
1.68628
1.68019
1.67059
1.65811
1.6441
1.6301
1.61747
1.60706
1.59903
1.59309
1.58844
1.58362
1.57648
1.56466
1.54678
1.52378
1.49927
1.47836
1.46493
1.45969
1.46055
1.46476
1.4707
1.47818
1.48794
1.50079
1.51696
1.53567
1.55538
1.57437
1.59125
1.60558
1.61775
1.62855
1.63834
1.64653
1.65165
1.65202
1.64642
1.63462
1.61747
1.59657
1.5738
1.55066
1.52789
1.50552
1.48331
1.46129
1.44015
1.42145
1.40741
1.4005
1.40253
1.41357
1.43125
1.45154
1.47044
1.48516
1.49435
1.49776
1.49571
1.48893
1.47831
1.46498
1.45024
1.43585
1.42398
1.41697
1.41701
1.42592
1.44485
1.47358
1.50975
1.54854
1.58359
1.60908
1.62169
1.62132
1.61044
1.5929
1.57269
1.55324
1.53708
1.52561
1.51928
1.51793
1.52096
1.52739
1.53588
1.54515
1.55438
1.56355
1.57325
1.58431
1.59719
1.61152
1.62619
1.63964
1.6503
1.65707
1.65937
1.657
1.64984
1.63779
1.62081
1.59924
1.57429
1.54846
1.52562
1.50995
1.50399
1.50728
1.51671
1.52786
1.53635
1.53866
1.53262
1.51786
1.49634
1.47269
1.45331
1.44406
1.44738
1.46137
1.48149
1.50284
1.52192
1.53717
1.54856
1.55663
1.56179
1.56405
1.56346
1.56048
1.55625
1.5523
1.5501
1.5505
1.55352
1.55831
1.56371
1.56876
1.57325
1.57799
1.58441
1.59322
1.60327
1.61163
1.61511
1.61211
1.60331
1.59115
1.57819
1.56598
1.55518
1.54633
1.54015
1.53704
1.53665
1.53813
1.54101
1.54577
1.55351
1.56471
1.57801
1.59002
1.59627
1.59278
1.57725
1.54976
1.51303
1.47209
1.43338
1.40281
1.38397
1.37729
1.38065
1.39076
1.40432
1.41867
1.43185
1.44247
1.44962
1.45302
1.45336
1.45246
1.45323
1.4588
1.47116
1.48975
1.51139
1.53181
1.5476
1.55727
1.56132
1.56164
1.56076
1.56102
1.56384
1.56929
1.57634
1.5837
1.59043
1.59601
1.59983
1.60105
1.59898
1.59359
1.58578
1.577
1.56887
1.5627
1.5595
1.56018
1.56567
1.57679
1.59359
1.6147
1.63704
1.65656
1.66954
1.67388
1.66979
1.65958
1.6466
1.63398
1.62403
1.61827
1.6174
1.62103
1.6277
1.63543
1.64238
1.64739
1.65019
1.65139
1.65192
1.65253
1.65354
1.65503
1.65732
1.66093
1.66606
1.67192
1.67692
1.6796
1.67973
1.67832
1.67676
1.67561
1.6743
1.67134
1.66524
1.65509
1.64098
1.62403
1.60617
1.58976
1.57705
1.56976
1.56894
1.57522
1.58888
1.60954
1.63564
1.6642
1.69142
1.71376
1.72878
1.73552
1.73433
1.72631
1.71267
1.69435
1.6721
1.64673
1.61963
1.59281
1.56872
1.54934
1.53559
1.52714
1.52296
1.52233
1.5253
1.53238
1.54391
1.55947
1.57769
1.59642
1.61327
1.62623
1.63412
1.63683
1.63508
1.6301
1.62313
1.61509
1.60667
1.59837
1.59066
1.58406
1.57916
1.57647
1.57631
1.57875
1.58358
1.59045
1.59877
1.60771
1.61641
1.62451
1.63222
1.64013
1.64847
1.65641
1.66192
1.66236
1.6555
1.64044
1.61801
1.59047
1.56077
1.53189
1.50645
1.48691
1.47589
1.47595
1.48824
1.51121
1.54097
1.57294
1.60331
1.62951
1.65006
1.66419
1.67135
1.67089
1.66206
1.64431
1.61764
1.58295
1.54221
1.4985
1.45569
1.41791
1.38872
1.37036
1.36346
1.36716
1.37945
1.39773
1.41941
1.44241
1.4653
1.48714
1.50681
1.52291
1.53422
1.54044
1.5424
1.54162
1.53951
1.53683
1.53358
1.52947
1.52446
1.51915
1.51474
1.51247
1.51284
1.5153
1.51854
1.52141
1.52365
1.52609
1.53013
1.53682
1.54608
1.55663
1.56657
1.57414
1.57812
1.57808
1.57455
1.56914
1.56436
1.56292
1.5666
1.57529
1.58708
1.59928
1.60949
1.61619
1.61874
1.61727
1.61243
1.60504
1.59594
1.58574
1.57479
1.56326
1.55126
1.53888
1.52649
1.51501
1.50623
1.50233
1.50489
1.51388
1.52768
1.54377
1.55943
1.57232
1.58075
1.58387
1.58179
1.57522
1.56512
1.55244
1.53816
1.52355
1.51028
1.49998
1.49349
1.49054
1.49012
1.49117
1.49293
1.49509
1.49777
1.50142
1.50681
1.51468
1.5253
1.53825
1.55236
1.56597
1.57728
1.58482
1.58785
1.58651
1.58159
1.57423
1.56559
1.55677
1.54918
1.54474
1.54565
1.55363
1.56897
1.59001
1.61361
1.63594
1.65357
1.66411
1.66648
1.66095
1.64877
1.63196
1.6131
1.5952
1.58127
1.57374
1.57342
1.57878
1.58589
1.58969
1.58602
1.57322
1.55289
1.52921
1.50731
1.49103
1.4813
1.47635
1.47348
1.47137
1.47123
1.476
1.48841
1.50915
1.53663
1.56797
1.60014
1.63052
1.65696
1.67776
1.69162
1.69769
1.69571
1.68611
1.67013
1.64951
1.62621
1.60212
1.57921
1.56018
1.54846
1.54685
1.55544
1.57136
1.59066
1.61016
1.62794
1.64259
1.65272
1.65703
1.65476
1.64637
1.63371
1.61971
1.60762
1.60006
1.5985
1.60318
1.61354
1.62861
1.6471
1.66725
1.68694
1.70405
1.71673
1.72353
1.72318
1.71451
1.69672
1.6703
1.63802
1.60549
1.57971
1.5655
1.56269
1.56717
1.57457
1.58283
1.59201
1.60276
1.61485
1.62684
1.63638
1.64093
1.63829
1.62734
1.60899
1.58714
1.56781
1.55575
1.55104
1.54973
1.54746
1.54197
1.53322
1.52236
1.51099
1.50103
1.4946
1.49374
1.49999
1.51374
1.53396
1.55837
1.58399
1.60799
1.62832
1.644
1.65496
1.66163
1.66454
1.66413
1.66055
1.65391
1.6448
1.63478
1.62649
1.62269
1.62496
1.63277
1.64373
1.65465
1.66272
1.66619
1.66455
1.65825
1.64826
1.63546
1.62039
1.6037
1.58674
1.5717
1.5608
1.55504
1.55354
1.55386
1.55295
1.54825
1.5384
1.52347
1.5052
1.48727
1.47538
1.47586
1.49261
1.52429
1.56464
1.60564
1.64077
1.66636
1.68146
1.68728
1.68666
1.68344
1.68159
1.68412
1.69239
1.70594
1.72288
1.74048
1.75585
1.76634
1.76981
1.76478
1.75085
1.72925
1.70285
1.67524
1.64905
1.62547
1.60532
1.59009
1.58146
1.57979
1.58356
1.58986
1.59573
1.5992
1.59975
1.59811
1.59546
1.59265
1.5899
1.58718
1.58435
1.58088
1.57595
1.56899
1.56038
1.55141
1.54362
1.53792
1.53427
1.53199
1.53041
1.52927
1.52887
1.52972
1.53219
1.53613
1.54083
1.54525
1.5483
1.5492
1.54773
1.5444
1.5404
1.53728
1.53637
1.53807
1.54153
1.54487
1.54608
1.54415
1.53975
1.5352
1.53396
1.53954
1.55404
1.57694
1.60474
1.63201
1.65334
1.66531
1.6674
1.6615
1.65034
1.63622
1.62056
1.60427
1.58837
1.57416
1.56294
1.55577
1.55332
1.55596
1.56401
1.57792
1.59771
1.62207
1.64812
1.67203
1.68992
1.6986
1.69618
1.68291
1.66173
1.63792
1.61687
1.6015
1.59118
1.58332
1.57555
1.56684
1.55731
1.54762
1.53839
1.53
1.52264
1.51646
1.51175
1.50919
1.51002
1.5158
1.52763
1.54534
1.56719
1.59021
1.61112
1.62707
1.63615
1.63764
1.6319
1.62018
1.60424
1.58581
1.56637
1.54734
1.53012
1.51591
1.5055
1.49944
1.49829
1.50269
1.51307
1.52932
1.55048
1.57455
1.59862
1.61935
1.63376
1.64005
1.63802
1.62919
1.61625
1.60203
1.58836
1.57532
1.56167
1.546
1.52826
1.51058
1.49708
1.49197
1.49685
1.50964
1.52616
1.5427
1.55738
1.56991
1.58061
1.58947
1.59577
1.59861
1.59742
1.59213
1.58298
1.57039
1.5553
1.53954
1.52581
1.51679
1.51366
1.51547
1.51987
1.52442
1.52761
1.52899
1.52903
1.52861
1.52863
1.52963
1.53166
1.53426
1.53672
1.53823
1.53811
1.53613
1.5328
1.52935
1.52708
1.52644
1.52668
1.52639
1.52447
1.52113
1.51791
1.51709
1.5209
1.53075
1.5468
1.5682
1.59338
1.62059
1.64836
1.67558
1.7015
1.72547
1.74669
1.76417
1.7768
1.78346
1.78321
1.77539
1.75972
1.73635
1.70613
1.67077
1.63295
1.59593
1.56295
1.53637
1.51725
1.50541
1.49984
1.49928
1.50252
1.5086
1.51671
1.52604
1.53563
1.54463
1.55262
1.55997
1.5678
1.5777
1.59079
1.60671
1.62318
1.63683
1.6446
1.64476
1.63708
1.62263
1.60332
1.58153
1.5598
1.5405
1.52552
1.51588
1.5115
1.51146
1.51462
1.52017
1.52781
1.53761
1.54987
1.56501
1.5833
1.60452
1.62761
1.65039
1.66974
1.68224
1.68489
1.67558
1.65406
1.62276
1.5876
1.55672
1.53604
1.52501
1.51838
1.51206
1.50663
1.506
1.51313
1.52717
1.5443
1.5604
1.57245
1.57869
1.5783
1.57112
1.5575
1.53798
1.51322
1.48413
1.45237
1.42088
1.39416
1.37754
1.37603
1.39223
1.4247
1.46793
1.51425
1.55627
1.58863
1.60849
1.6152
1.60983
1.59443
1.57147
1.54349
1.51272
1.48112
1.45061
1.42355
1.40293
1.39162
1.39098
1.40051
1.41878
1.44456
1.47659
1.51253
1.54847
1.5796
1.60164
1.61225
1.61178
1.60286
1.5892
1.57365
1.55704
1.53881
1.51909
1.49994
1.48464
1.47587
1.47436
1.47899
1.48809
1.50103
1.51866
1.54154
1.56778
1.59332
1.61409
1.62736
1.63172
1.62665
1.61273
1.59183
1.56672
1.54042
1.51514
1.49188
1.47083
1.45217
1.43665
1.42568
1.42123
1.42603
1.44304
1.47289
1.51089
1.54818
1.57646
1.59167
1.59405
1.58666
1.57359
1.55871
1.54498
1.53436
1.52814
1.52713
1.53151
1.54059
1.55286
1.56657
1.58039
1.59421
1.60919
1.62693
1.64802
1.67118
1.69385
1.71332
1.72747
1.73491
1.73489
1.72728
1.71251
1.69175
1.66688
1.6403
1.61477
1.59305
1.57721
1.56784
1.56395
1.56376
1.56559
1.56847
1.57213
1.57662
1.58211
1.58862
1.59582
1.60294
1.60884
1.61229
1.61227
1.60827
1.60058
1.59031
1.57909
1.56842
1.55904
1.55076
1.54292
1.53518
1.5281
1.52297
1.52109
1.52309
1.52884
1.53797
1.55031
1.5659
1.58434
1.60445
1.62406
1.6405
1.65134
1.65527
1.65271
1.64601
1.6389
1.63529
1.63777
1.64688
1.66108
1.67773
1.69402
1.7077
1.71733
1.72212
1.72167
1.71576
1.7042
1.68681
1.66348
1.63449
1.60092
1.56504
1.53049
1.50174
1.48279
1.47546
1.47857
1.48839
1.50038
1.51093
1.51825
1.52233
1.52424
1.52513
1.52575
1.52637
1.52695
1.52717
1.52634
1.52358
1.5181
1.50978
1.49962
1.4896
1.48193
1.4782
1.47883
1.48338
1.49137
1.50287
1.51853
1.53895
1.56384
1.59138
1.61843
1.64132
1.65706
1.66438
1.664
1.65834
1.65054
1.64308
1.63687
1.63134
1.62542
1.61871
1.61191
1.60654
1.60391
1.60425
1.60629
1.60772
1.60621
1.60059
1.59171
1.58242
1.57641
1.57666
1.58396
1.59654
1.6107
1.62212
1.62715
1.62371
1.61159
1.59256
1.57001
1.54827
1.53127
1.52125
1.51817
1.52016
1.52484
1.53035
1.53576
1.54077
1.54552
1.55064
1.55706
1.56516
1.57407
1.58198
1.58754
1.59095
1.59386
1.59823
1.60479
1.61203
1.61676
1.61624
1.6105
1.60297
1.59839
1.59951
1.60609
1.61714
1.63294
1.65409
1.67937
1.70561
1.72956
1.7496
1.76586
1.77911
1.78937
1.7956
1.79644
1.79081
1.77805
1.75781
1.73016
1.69589
1.65693
1.61659
1.57941
1.5505
1.53445
1.53397
1.54898
1.57681
1.61303
1.6521
1.68805
1.71548
1.73056
1.73174
1.71945
1.69559
1.66291
1.6246
1.58396
1.54434
1.50911
1.48174
1.46535
1.46175
1.47051
1.48867
1.51142
1.53351
1.55088
1.56177
1.56673
1.56769
1.56674
1.56541
1.56424
1.56291
1.56093
1.55884
1.55845
1.56175
1.5692
1.5789
1.5872
1.5904
1.58634
1.5751
1.55873
1.54023
1.52219
1.50613
1.49242
1.48091
1.47153
1.46412
1.45766
1.45003
1.43963
1.42811
1.42075
1.42247
1.43323
1.44854
1.46376
1.47645
1.48592
1.49212
1.4952
1.49555
1.4939
1.49119
1.48839
1.48662
1.48737
1.49244
1.50312
1.51901
1.53753
1.55512
1.56893
1.57795
1.58307
1.5861
1.58875
1.59207
1.59637
1.60159
1.60744
1.61348
1.61916
1.62403
1.62786
1.63062
1.63243
1.63317
1.63247
1.62966
1.62392
1.61471
1.60214
1.58725
1.57209
1.55905
1.54991
1.54497
1.5428
1.54108
1.53776
1.53189
1.52366
1.51404
1.50433
1.49593
1.4902
1.48833
1.49114
1.49892
1.51132
1.52756
1.54637
1.56609
1.58466
1.59979
1.6092
1.61095
1.60396
1.5884
1.56589
1.53962
1.5138
1.49271
1.47948
1.4749
1.47743
1.48398
1.4914
1.4978
1.50303
1.50801
1.51394
1.52187
1.53275
1.54766
1.56751
1.59215
1.61965
1.64628
1.66756
1.67975
1.68089
1.6711
1.65223
1.62727
1.59965
1.57274
1.54935
1.53138
1.51978
1.51465
1.51544
1.52113
1.53057
1.54292
1.55772
1.57474
1.59327
1.61181
1.62816
1.6399
1.64512
1.6429
1.63337
1.61773
1.5979
1.57601
1.55404
1.53357
1.51573
1.50126
1.49062
1.484
1.48128
1.48207
1.48587
1.49218
1.50057
1.5106
1.52178
1.53327
1.54385
1.55172
1.55503
1.55253
1.54429
1.53183
1.51777
1.50531
1.49735
1.49588
1.50136
1.51276
1.52796
1.54423
1.55882
1.56934
1.5741
1.57227
1.56404
1.55079
1.53515
1.52035
1.50911
1.50248
1.49975
1.4994
1.49986
1.49998
1.49886
1.496
1.49153
1.48671
1.48391
1.48635
1.49686
1.51643
1.54323
1.57273
1.59923
1.61784
1.62616
1.6249
1.61748
1.60837
1.60084
1.59508
1.58847
1.57793
1.56288
1.54643
1.53387
1.52909
1.53236
1.54164
1.55503
1.5717
1.59106
1.61177
1.63122
1.64603
1.65281
1.64904
1.63356
1.60647
1.56869
1.52198
1.46985
1.41846
1.37566
1.34804
1.33814
1.3443
1.36309
1.39163
1.42794
1.46963
1.51292
1.55293
1.58511
1.60653
1.61657
1.61703
1.61151
1.60426
1.5988
1.59691
1.59846
1.60209
1.60617
1.60939
1.61101
1.61094
1.60956
1.60768
1.60623
1.60605
1.60738
1.6097
1.61181
1.61221
1.6099
1.60523
1.60039
1.59873
1.60281
1.6124
1.62423
1.63369
1.63706
1.6327
1.62125
1.60521
1.58814
1.57359
1.56391
1.55923
1.55792
1.55763
1.55645
1.55322
1.54757
1.54006
1.53222
1.52606
1.52337
1.52505
1.5312
1.54165
1.55612
1.57396
1.5937
1.61291
1.62868
1.63855
1.64136
1.63769
1.62984
1.62125
1.61557
1.61563
1.62253
1.63525
1.65103
1.66642
1.67837
1.6849
1.6852
1.67946
1.66857
1.6537
1.63603
1.61648
1.59576
1.57454
1.55348
1.53317
1.51416
1.49727
1.48361
1.47447
1.47093
1.47373
1.48313
1.49897
1.52045
1.54591
1.57286
1.59826
1.61924
1.63374
1.64062
1.63931
1.62966
1.61233
1.58926
1.5636
1.53891
1.51814
1.5032
1.495
1.49367
1.4988
1.50941
1.52394
1.54057
1.55749
1.57328
1.58698
1.59791
1.60558
1.6095
1.60929
1.60484
1.5964
1.58453
1.57001
1.55384
1.53719
1.52134
1.50766
1.49742
1.49167
1.49108
1.49587
1.50589
1.52072
1.53954
1.5606
1.58122
1.59864
1.61131
1.61928
1.62347
1.62471
1.62317
1.61864
1.61127
1.60202
1.59254
1.58455
1.57925
1.57709
1.57776
1.58053
1.58466
1.58957
1.59483
1.60016
1.6056
1.61162
1.61899
1.62847
1.64031
1.65401
1.66852
1.68262
1.69513
1.70488
1.71085
1.71227
1.70899
1.70152
1.69101
1.67907
1.66723
1.65658
1.64757
1.63997
1.6331
1.62605
1.61797
1.60825
1.59672
1.58384
1.5708
1.55944
1.55186
1.54962
1.553
1.56078
1.57084
1.58113
1.59051
1.59888
1.60658
1.61364
1.6193
1.62203
1.62013
1.61235
1.59859
1.58022
1.56
1.5416
1.52855
1.52305
1.52489
1.53131
1.53773
1.53932
1.5325
1.51621
1.49239
1.46577
1.44278
1.42968
1.43048
1.44531
1.46975
1.49667
1.51934
1.53384
1.53949
1.53822
1.53351
1.52942
1.52971
1.53684
1.55127
1.57138
1.59449
1.61797
1.6398
1.65844
1.67229
1.67945
1.67795
1.66652
1.64528
1.6162
1.58307
1.55088
1.52482
1.50888
1.50462
1.51045
1.52224
1.53479
1.54356
1.54579
1.54102
1.53072
1.51758
1.50447
1.4935
1.48572
1.4812
1.47928
1.47898
1.47903
1.47815
1.4753
1.47004
1.46261
1.45391
1.44538
1.43897
1.43691
1.44122
1.45304
1.47207
1.49658
1.52402
1.55189
1.57848
1.60301
1.62524
1.64497
1.66186
1.67563
1.68623
1.69361
1.69746
1.69709
1.69182
1.68132
1.6658
1.64635
1.62497
1.60444
1.5875
1.57584
1.56946
1.56686
1.56583
1.56433
1.56125
1.55676
1.55261
1.55203
1.55892
1.57589
1.60223
1.63377
1.66486
1.69081
1.70894
1.71859
1.72031
1.71522
1.70447
1.68928
1.67128
1.65263
1.6355
1.62134
1.61078
1.60401
1.60046
1.59818
1.59412
1.58534
1.57024
1.54881
1.52218
1.49206
1.46059
1.43045
1.40488
1.38738
1.38085
1.38672
1.40428
1.43085
1.46274
1.49648
1.52954
1.56032
1.58753
1.60973
1.62551
1.63411
1.63597
1.63307
1.62858
1.62605
1.62835
1.637
1.65162
1.6699
1.68799
1.70158
1.70728
1.70334
1.68957
1.66683
1.63675
1.6019
1.56609
1.53419
1.51116
1.50058
1.50339
1.51747
1.53849
1.56152
1.58264
1.59953
1.6115
1.61906
1.62351
1.6266
1.62998
1.63468
1.64085
1.6479
1.65474
1.66039
1.66431
1.66663
1.66793
1.6688
1.66945
1.66942
1.66775
1.66315
1.65449
1.64113
1.62318
1.60151
1.57697
1.54978
1.51981
1.48818
1.45897
1.43865
1.43248
1.44083
1.45921
1.48158
1.50362
1.52396
1.54372
1.56505
1.58939
1.61634
1.64342
1.66688
1.68283
1.68823
1.68162
1.66317
1.63464
1.59904
1.5602
1.5225
1.49055
1.46851
1.45911
1.46294
1.47826
1.5017
1.5295
1.55827
1.58523
1.60797
1.6242
1.6321
1.63092
1.62148
1.60627
1.589
1.57357
1.56284
1.55773
1.55724
1.55919
1.56115
1.56126
1.5586
1.55333
1.54657
1.53997
1.53497
1.53213
1.53108
1.53099
1.53124
1.53161
1.53198
1.53194
1.53051
1.52636
1.51842
1.50656
1.49202
1.47741
1.46613
1.46131
1.46495
1.47737
1.49727
1.52227
1.54948
1.57608
1.59969
1.61854
1.63126
1.63686
1.63475
1.62488
1.60816
1.58669
1.56354
1.54202
1.52457
1.51222
1.50451
1.50004
1.49717
1.49478
1.49275
1.49197
1.49375
1.4989
1.50715
1.51714
1.52704
1.53524
1.54112
1.54535
1.54966
1.55593
1.56487
1.57559
1.58598
1.59384
1.59761
1.59687
1.59233
1.58566
1.57918
1.57529
1.57592
1.58199
1.59325
1.60829
1.62507
1.64122
1.65438
1.66243
1.66363
1.65687
1.64196
1.62
1.59361
1.56667
1.54351
1.52776
1.52134
1.52401
1.53357
1.54675
1.56067
1.57361
1.58504
1.59508
1.60371
1.61028
1.61367
1.61255
1.60595
1.59341
1.57507
1.55169
1.5248
1.49675
1.4707
1.45013
1.43832
1.43734
1.44726
1.46568
1.48835
1.51066
1.52908
1.54189
1.54901
1.55136
1.55028
1.54715
1.54305
1.53869
1.53439
1.53021
1.5262
1.52254
1.5198
1.51907
1.52217
1.53151
1.54946
1.57726
1.6138
1.65527
1.69595
1.7297
1.75116
1.75653
1.74393
1.71377
1.66897
1.615
1.55915
1.50929
1.47255
1.45412
1.45637
1.4785
1.51676
1.5653
1.61718
1.6655
1.70446
1.73016
1.74084
1.73664
1.71929
1.6917
1.65761
1.62117
1.58635
1.55642
1.53365
1.51934
1.51361
1.51522
1.52187
1.53116
1.54133
1.55119
1.55987
1.56669
1.57143
1.57466
1.5777
1.5824
1.59043
1.60259
1.61809
1.63443
1.64828
1.65691
1.65941
1.65694
1.65147
1.64383
1.633
1.61728
1.59604
1.57028
1.54248
1.51613
1.49511
1.48287
1.48127
1.48975
1.50545
1.52416
1.54181
1.55548
1.56391
1.56714
1.56599
1.56152
1.55468
1.54626
1.53715
1.52871
1.52317
1.52353
1.5324
1.55033
1.57488
1.60145
1.62529
1.64312
1.65366
1.65734
1.65562
1.65051
1.64416
1.63834
1.63403
1.631
1.62791
1.62294
1.61476
1.60312
1.58891
1.57364
1.55902
1.54655
1.53753
1.53296
1.5333
1.53819
1.54641
1.55614
1.56555
1.5733
1.57881
1.58217
1.58394
1.58484
1.58557
1.58672
1.58859
1.59107
1.59361
1.59536
1.5954
1.59304
1.58798
1.5804
1.57081
1.55994
1.54873
1.53834
1.53002
1.5247
1.5224
1.52197
1.52138
1.51863
1.51253
1.5031
1.4913
1.4785
1.46584
1.45387
1.44253
1.43141
1.42027
1.40967
1.40134
1.39808
1.40296
1.41785
1.442
1.47174
1.50164
1.52636
1.54211
1.54745
1.54333
1.53286
1.5207
1.51185
1.51025
1.51747
1.53256
1.55259
1.57387
1.59302
1.60792
1.61793
1.62367
1.62619
1.62621
1.62368
1.61807
1.60907
1.59703
1.5831
1.56899
1.55678
1.54845
1.5453
1.54759
1.55462
1.56513
1.57779
1.59134
1.60485
1.61762
1.62903
1.63836
1.64474
1.64733
1.64544
1.63889
1.62827
1.61494
1.60095
1.5887
1.58035
1.57723
1.5796
1.5866
1.59656
1.60744
1.6173
1.62457
1.62819
1.62775
1.62376
1.61774
1.61176
1.60788
1.60796
1.61355
1.62525
1.6417
1.65966
1.67562
1.68727
1.69412
1.69707
1.69772
1.69768
1.6981
1.69941
1.7012
1.70244
1.70189
1.69863
1.69242
1.68381
1.67379
1.66347
1.65346
1.64369
1.63392
1.62441
1.61641
1.61209
1.61367
1.62233
1.6374
1.65625
1.67517
1.69057
1.69986
1.70176
1.69638
1.68489
1.66935
1.65215
1.6358
1.62249
1.6138
1.61036
1.61162
1.61582
1.62056
1.62363
1.62356
1.61961
1.6118
1.60073
1.58801
1.57642
1.56913
1.56809
1.5728
1.58086
1.58958
1.59713
1.60257
1.60547
1.60549
1.60245
1.59678
1.58993
1.58422
1.58177
1.58324
1.58789
1.59462
1.60285
1.6125
1.62338
1.63479
1.64557
1.65429
1.65964
1.66072
1.6573
1.65014
1.64123
1.6335
1.62984
1.63166
1.638
1.64606
1.65248
1.65437
1.64993
1.63864
1.62135
1.60001
1.57716
1.55556
1.53749
1.52443
1.5169
1.51447
1.51623
1.52115
1.52847
1.53772
1.54846
1.55995
1.5714
1.58269
1.59516
1.6108
1.63037
1.65207
1.67221
1.68704
1.69412
1.69274
1.68382
1.66946
1.65232
1.63497
1.61935
1.60667
1.59751
1.59214
1.59057
1.59243
1.5968
1.60225
1.60709
1.60981
1.60937
1.6055
1.59869
1.58996
1.5807
1.57221
1.56555
1.56142
1.56012
1.56149
1.56499
1.56977
1.57482
1.57905
1.58121
1.58027
1.57577
1.56859
1.56134
1.55774
1.56071
1.5704
1.58425
1.59881
1.61148
1.62096
1.62666
1.62814
1.62495
1.61701
1.60509
1.59096
1.57721
1.56647
1.56033
1.55869
1.55977
1.561
1.56039
1.55749
1.55357
1.55068
1.5501
1.5513
1.55238
1.55145
1.54792
1.54278
1.53801
1.53542
1.53606
1.54004
1.54686
1.55569
1.56533
1.57417
1.58042
1.58278
1.58136
1.57829
1.57685
1.57881
1.58266
1.58506
1.58371
1.57876
1.57205
1.56568
1.56106
1.55862
1.55784
1.55766
1.55716
1.5563
1.55624
1.5589
1.56556
1.57591
1.58813
1.59962
1.60781
1.61041
1.6057
1.59337
1.57588
1.55904
1.55
1.55212
1.5616
1.57038
1.57222
1.56579
1.55389
1.54109
1.5312
1.52532
1.52162
1.51679
1.50781
1.49297
1.47236
1.44826
1.4256
1.41149
1.41257
1.43085
1.4617
1.49608
1.52524
1.5441
1.55205
1.5516
1.54658
1.54065
1.53623
1.53429
1.53459
1.53648
1.53976
1.545
1.55335
1.56604
1.58382
1.60655
1.63283
1.66026
1.68623
1.70893
1.72765
1.74238
1.75288
1.75811
1.75653
1.74699
1.72973
1.70689
1.68213
1.6596
1.64274
1.63279
1.6282
1.62549
1.62122
1.61342
1.60184
1.58755
1.57242
1.55841
1.54667
1.53685
1.52765
1.51832
1.50968
1.50396
1.50376
1.51043
1.52295
1.53827
1.55298
1.56495
1.57352
1.57897
1.5818
1.58212
1.57911
1.57109
1.55631
1.5343
1.50699
1.47855
1.45404
1.43733
1.42982
1.43076
1.43853
1.45181
1.46964
1.49059
1.51198
1.53042
1.54311
1.54896
1.54878
1.54499
1.54063
1.5381
1.53846
1.54144
1.54638
1.55276
1.55993
1.56676
1.5719
1.57458
1.57562
1.57783
1.58486
1.59848
1.61625
1.63246
1.64119
1.63927
1.62721
1.60871
1.58913
1.57373
1.56596
1.56675
1.57489
1.58806
1.60389
1.62055
1.63668
1.65098
1.66206
1.66841
1.66883
1.6627
1.64986
1.63041
1.60464
1.57309
1.53656
1.49619
1.45326
1.40951
1.36773
1.33246
1.30933
1.30287
1.31372
1.33751
1.36695
1.39565
1.42026
1.44021
1.45645
1.47025
1.48278
1.49515
1.50862
1.52463
1.54391
1.56547
1.5862
1.60214
1.61016
1.60907
1.59961
1.584
1.56537
1.54714
1.53247
1.5238
1.52244
1.52837
1.54024
1.55566
1.57168
1.58526
1.59385
1.59576
1.59057
1.57894
1.56234
1.54246
1.52083
1.49868
1.47704
1.45692
1.43932
1.42526
1.41571
1.41156
1.41365
1.4229
1.44018
1.46603
1.5001
1.54075
1.58512
1.62959
1.67038
1.70419
1.72868
1.74273
1.74638
1.74067
1.72744
1.70912
1.68841
1.66774
1.64862
1.63129
1.6152
1.59972
1.58474
1.57052
1.55757
1.54632
1.53709
1.53018
1.52605
1.5256
1.53083
1.545
1.57105
1.60837
1.65115
1.6906
1.71933
1.73363
1.73337
1.72042
1.69737
1.66698
1.6325
1.59768
1.56627
1.54108
1.5234
1.51297
1.50845
1.50828
1.51133
1.51735
1.52675
1.54007
1.55705
1.57637
1.59572
1.61254
1.62476
1.63154
1.6336
1.63305
1.63214
1.63112
1.62698
1.6144
1.58939
1.55377
1.51694
1.4904
1.47796
1.47355
1.4692
1.46127
1.45063
1.44015
1.43282
1.43069
1.43492
1.44638
1.46566
1.49225
1.52365
1.55562
1.5836
1.60416
1.61577
1.61848
1.61337
1.60215
1.58691
1.56997
1.55356
1.53962
1.53
1.52674
1.53176
1.54547
1.56563
1.58767
1.60641
1.61818
1.62198
1.61948
1.61405
1.6092
1.60725
1.60875
1.61285
1.61812
1.62316
1.6266
1.62705
1.62319
1.61428
1.60058
1.58363
1.56583
1.54952
1.53606
1.52565
1.5177
1.51158
1.50716
1.50471
1.50425
1.50518
1.50644
1.50715
1.50701
1.50627
1.5054
1.50483
1.50507
1.50686
1.51115
1.51855
1.52866
1.54021
1.55165
1.56203
1.57124
1.57977
1.58813
1.5966
1.60527
1.61429
1.62391
1.63418
1.64446
1.65331
1.65866
1.6583
1.65026
1.63349
1.6085
1.57751
1.54414
1.51231
1.48524
1.46488
1.45196
1.44627
1.447
1.45292
1.46258
1.47462
1.48805
1.50233
1.51713
1.53199
1.54607
1.55823
1.56733
1.57234
1.57232
1.56645
1.55426
1.53618
1.51363
1.48899
1.46486
1.44344
1.42664
1.41676
1.41701
1.43048
1.45785
1.49576
1.53777
1.57705
1.60877
1.63085
1.64342
1.64804
1.64698
1.64255
1.63659
1.63021
1.62361
1.61633
1.60768
1.59751
1.58666
1.57716
1.57167
1.57247
1.5803
1.59391
1.61027
1.62531
1.63513
1.63712
1.63079
1.61809
1.6031
1.59076
1.58483
1.58601
1.59168
1.59735
1.59915
1.59615
1.59104
1.58896
1.59456
1.60965
1.63272
1.66018
1.68806
1.71306
1.73289
1.74622
1.75231
1.75084
1.74175
1.72536
1.70249
1.6746
1.64397
1.6133
1.58528
1.56191
1.54401
1.53122
1.52237
1.51616
1.51175
1.50905
1.50862
1.51115
1.51689
1.52529
1.53533
1.54595
1.55661
1.56738
1.57888
1.59208
1.6078
1.62637
1.6473
1.66932
1.6907
1.70947
1.72381
1.73231
1.73428
1.72997
1.72032
1.70664
1.68984
1.67026
1.64814
1.62497
1.60432
1.59086
1.58761
1.59383
1.60555
1.61779
1.62635
1.62858
1.62338
1.61095
1.59229
1.56929
1.54454
1.52113
1.502
1.48931
1.4841
1.48607
1.49359
1.50396
1.51429
1.52228
1.52698
1.5287
1.52858
1.52806
1.52867
1.53204
1.53973
1.55281
1.5714
1.5944
1.61989
1.64572
1.67014
1.69191
1.71022
1.72439
1.73373
1.73753
1.73537
1.72737
1.71425
1.69716
1.67739
1.65627
1.63526
1.61595
1.59951
1.58599
1.57436
1.56384
1.55492
1.54935
1.54914
1.5553
1.56705
1.58204
1.59728
1.61024
1.61941
1.6242
1.62466
1.62109
1.61374
1.60311
1.59028
1.57684
1.56452
1.55457
1.54744
1.54293
1.54071
1.54062
1.54269
1.54702
1.55377
1.56305
1.57506
1.58963
1.60587
1.62198
1.63549
1.64378
1.64479
1.63754
1.62253
1.60155
1.57725
1.55269
1.5309
1.51427
1.50385
1.49896
1.49741
1.49645
1.49407
1.49009
1.48645
1.48627
1.49227
1.50536
1.52406
1.54516
1.56474
1.57928
1.58641
1.58525
1.57636
1.56148
1.54304
1.52348
1.50468
1.48787
1.47427
1.4658
1.46513
1.47413
1.49204
1.51531
1.53954
1.56191
1.58215
1.60175
1.62212
1.64281
1.66145
1.67512
1.68165
1.68007
1.67027
1.65259
1.6281
1.59898
1.5688
1.54167
1.52086
1.50763
1.50152
1.50135
1.50547
1.5117
1.51729
1.51971
1.5173
1.50942
1.4962
1.47833
1.45737
1.43613
1.41868
1.40948
1.41146
1.4242
1.44403
1.46599
1.48611
1.50259
1.5155
1.52593
1.53506
1.54359
1.55163
1.5586
1.56357
1.56572
1.56483
1.56149
1.55693
1.55284
1.55113
1.55366
1.56166
1.57506
1.5922
1.61034
1.62628
1.63671
1.63862
1.63032
1.61216
1.58667
1.55791
1.53028
1.50703
1.48932
1.47613
1.46538
1.45549
1.44663
1.44058
1.43916
1.44252
1.4488
1.45536
1.4603
1.46293
1.46361
1.46339
1.46381
1.46658
1.47299
1.48309
1.49529
1.50687
1.51515
1.51845
1.51657
1.51087
1.50378
1.49824
1.49692
1.50141
1.51172
1.52636
1.54303
1.55958
1.57471
1.58797
1.59933
1.60884
1.61634
1.62159
1.62442
1.6248
1.62274
1.61821
1.61119
1.60188
1.59076
1.57852
1.5659
1.55355
1.542
1.53173
1.52331
1.51745
1.51486
1.51589
1.52051
1.52849
1.53972
1.55412
1.57119
1.58977
1.60807
1.62404
1.63588
1.6424
1.64337
1.63975
1.63356
1.62756
1.62438
1.62555
1.63078
1.63811
1.64457
1.64695
1.6426
1.63028
1.61087
1.58769
1.56579
1.54967
1.54069
1.53686
1.5353
1.53448
1.53444
1.53588
1.53927
1.54462
1.55163
1.55971
1.56806
1.57578
1.58203
1.58637
1.58893
1.59031
1.59128
1.59237
1.59356
1.59419
1.59323
1.58981
1.58368
1.57538
1.5657
1.55534
1.54473
1.53436
1.52502
1.51782
1.51407
1.51497
1.52123
1.5323
1.54595
1.55886
1.56802
1.57202
1.57145
1.56849
1.5657
1.56508
1.56732
1.57196
1.57778
1.58327
1.58684
1.58696
1.58236
1.5725
1.55812
1.54129
1.52503
1.51223
1.50459
1.50233
1.50467
1.51052
1.51871
1.52811
1.53762
1.54626
1.55328
1.55843
1.56192
1.56431
1.5662
1.56777
1.56864
1.56783
1.56428
1.55745
1.54762
1.53585
1.52342
1.51136
1.50016
1.48978
1.47976
1.46922
1.45711
1.44268
1.42645
1.41101
1.40132
1.403
1.41936
1.44914
1.48717
1.52725
1.56443
1.59609
1.6217
1.64188
1.65727
1.66808
1.67423
1.67587
1.67379
1.66938
1.66427
1.65973
1.65616
1.65288
1.64875
1.64307
1.63632
1.63005
1.6257
1.6233
1.62143
1.61844
1.61368
1.60771
1.60182
1.59733
1.59523
1.5962
1.60072
1.6092
1.62182
1.63821
1.65707
1.67633
1.69375
1.70759
1.7169
1.72138
1.72097
1.71528
1.70361
1.68571
1.66274
1.63738
1.61253
1.58965
1.56855
1.54891
1.53179
1.51967
1.51525
1.52007
1.53387
1.55515
1.58215
1.61326
1.64647
1.67876
1.70632
1.72567
1.73462
1.73236
1.71936
1.69689
1.66667
1.63071
1.5914
1.55183
1.51597
1.48773
1.46934
1.46019
1.45756
1.45867
1.46181
1.4663
1.47163
1.47739
1.48363
1.49123
1.50136
1.51446
1.52972
1.54559
1.56065
1.57461
1.58828
1.60283
1.61862
1.63471
1.64891
1.65869
1.66193
1.65747
1.64544
1.62703
1.6041
1.57851
1.55155
1.52387
1.49598
1.46885
1.44461
1.42654
1.41805
1.42073
1.43297
1.45026
1.46709
1.47888
1.48338
1.48179
1.47876
1.48005
1.48905
1.50504
1.52477
1.5447
1.56218
1.57572
1.58493
1.59042
1.5937
1.59677
1.60138
1.60842
1.6178
1.62866
1.63972
1.64944
1.65614
1.65827
1.65483
1.64584
1.63248
1.6169
1.60189
1.59052
1.58537
1.58768
1.59703
1.61174
1.62952
1.64812
1.66569
1.68085
1.69278
1.70111
1.70585
1.70725
1.70561
1.7012
1.69407
1.684
1.67038
1.65235
1.62933
1.60171
1.57114
1.54039
1.51258
1.49033
1.47534
1.46836
1.46934
1.4776
1.49184
1.51036
1.53128
1.55279
1.57311
1.59069
1.60441
1.614
1.61996
1.6233
1.6252
1.62685
1.62926
1.63314
1.63862
1.6451
1.65132
1.65592
1.65787
1.65681
1.65333
1.64876
1.64475
1.64247
1.64209
1.64272
1.64304
1.642
1.6396
1.63702
1.63631
1.63946
1.64733
1.659
1.67183
1.68214
1.68624
1.68125
1.66578
1.64029
1.60739
1.57164
1.53853
1.51317
1.49902
1.49732
1.50719
1.52606
1.55037
1.57636
1.60083
1.62176
1.63851
1.65165
1.66202
1.66997
1.67502
1.67652
1.67436
1.66932
1.66257
1.65503
1.64693
1.63764
1.62609
1.61145
1.5939
1.57502
1.55739
1.54337
1.5339
1.52808
1.52383
1.5191
1.51278
1.50502
1.49714
1.49077
1.4867
1.48465
1.48407
1.48562
1.49149
1.50411
1.52419
1.54999
1.57855
1.60725
1.63443
1.65886
1.67898
1.69276
1.69819
1.69421
1.68129
1.6614
1.63738
1.61205
1.58767
1.5659
1.54792
1.53438
1.52485
1.51766
1.51049
1.50124
1.48879
1.47358
1.45784
1.44522
1.44002
1.4462
1.46631
1.49964
1.54103
1.58315
1.6203
1.65017
1.67292
1.68974
1.70178
1.70974
1.71362
1.7127
1.7063
1.6948
1.68044
1.66682
1.65725
1.65353
1.65564
1.66165
1.66796
1.67067
1.66728
1.65749
1.64285
1.62593
1.60965
1.59656
1.58795
1.58331
1.58079
1.57839
1.57504
1.57079
1.56648
1.56322
1.56192
1.56307
1.56654
1.57166
1.57747
1.58309
1.58798
1.59217
1.59636
1.6016
1.60852
1.61642
1.6231
1.62574
1.62216
1.6115
1.59452
1.57308
1.54947
1.52558
1.50283
1.48252
1.4664
1.45653
1.45428
1.45941
1.47022
1.48439
1.50014
1.51679
1.53469
1.55437
1.57548
1.59662
1.616
1.63221
1.64444
1.65223
1.6553
1.65351
1.64701
1.63653
1.62323
1.60844
1.59321
1.57804
1.5629
1.54777
1.53322
1.52053
1.51144
1.50774
1.51074
1.52082
1.53693
1.55634
1.57554
1.59202
1.60532
1.61668
1.62744
1.63766
1.64605
1.65115
1.65239
1.6504
1.64651
1.6419
1.63666
1.62931
1.61723
1.59812
1.57145
1.5391
1.50472
1.47248
1.44567
1.42605
1.41389
1.40883
1.41065
1.41974
1.4363
1.45926
1.48623
1.51453
1.54255
1.56995
1.59689
1.62314
1.64804
1.6707
1.69012
1.70512
1.71447
1.71717
1.71272
1.70122
1.68327
1.65993
1.63267
1.60338
1.57453
1.54912
1.53018
1.51982
1.51853
1.52508
1.53715
1.55221
1.56806
1.58264
1.59394
1.60018
1.60027
1.5944
1.58413
1.57195
1.56061
1.55248
1.54913
1.55136
1.55916
1.57194
1.58877
1.60856
1.63003
1.65159
1.6714
1.68738
1.69743
1.69975
1.69336
1.67866
1.65795
1.63511
1.6145
1.59924
1.58979
1.58427
1.57987
1.57474
1.56891
1.56405
1.56249
1.56595
1.57471
1.58763
1.6029
1.61867
1.63357
1.64682
1.65813
1.66749
1.67493
1.68037
1.68343
1.68331
1.67876
1.66819
1.64997
1.62334
1.58958
1.55257
1.51791
1.4903
1.47143
1.46052
1.45632
1.45819
1.46562
1.47781
1.49348
1.51112
1.52947
1.54764
1.56507
1.58114
1.59492
1.60503
1.60971
1.60705
1.59527
1.5731
1.54028
1.49851
1.45259
1.41068
1.38203
1.37262
1.38256
1.40784
1.44343
1.48501
1.52894
1.57205
1.61158
1.64529
1.67167
1.69005
1.70046
1.70351
1.70018
1.69169
1.67938
1.6646
1.64867
1.63289
1.61844
1.60626
1.59667
1.5891
1.58227
1.57519
1.56836
1.56394
1.56434
1.57007
1.57901
1.58748
1.59227
1.59182
1.58618
1.5763
1.56361
1.54988
1.53734
1.52831
1.52455
1.52663
1.53396
1.54524
1.55894
1.57321
1.58594
1.59518
1.60008
1.60106
1.59935
1.59614
1.59215
1.58794
1.58447
1.58306
1.58448
1.58796
1.59148
1.59294
1.59129
1.58686
1.58102
1.5757
1.57285
1.57386
1.57906
1.58754
1.59742
1.60637
1.6122
1.61325
1.60853
1.59774
1.58126
1.56014
1.53628
1.51267
1.49314
1.48143
1.47985
1.48847
1.50519
1.52669
1.54944
1.57055
1.58814
1.6015
1.61084
1.61687
1.62038
1.6218
1.62129
1.619
1.61553
1.61199
1.6096
1.60912
1.61019
1.61133
1.61053
1.60621
1.59823
1.58794
1.57767
1.56937
1.56381
1.56046
1.55805
1.55532
1.5515
1.54653
1.54125
1.53726
1.53629
1.53939
1.54639
1.55584
1.56544
1.57277
1.57592
1.57396
1.56702
1.55648
1.54488
1.53551
1.53142
1.53428
1.54386
1.55847
1.57559
1.59247
1.60663
1.61631
1.62068
1.62002
1.61562
1.60947
1.60368
1.59982
1.5983
1.59836
1.59853
1.59751
1.59449
1.589
1.58076
1.56977
1.5567
1.54324
1.53225
1.52715
1.53096
1.54482
1.56709
1.59341
1.61836
1.63758
1.64932
1.65461
1.65626
1.65735
1.65979
1.66343
1.6661
1.66484
1.65743
1.64351
1.62477
1.60434
1.586
1.57319
1.56778
1.56931
1.5754
1.58318
1.59057
1.59657
1.60088
1.60338
1.60382
1.60167
1.59632
1.58734
1.57487
1.56003
1.54523
1.53402
1.53032
1.53688
1.55396
1.57879
1.60626
1.63067
1.64759
1.65502
1.65331
1.64464
1.63215
1.61917
1.60898
1.60512
1.611
1.62815
1.65433
1.6839
1.71035
1.72898
1.73796
1.73784
1.73051
1.71814
1.70261
1.6853
1.66745
1.65055
1.63642
1.6266
1.62131
1.61908
1.61739
1.61403
1.60818
1.60064
1.59325
1.58776
1.58493
1.5843
1.58464
1.58451
1.58255
1.57754
1.56842
1.55418
1.53412
1.50822
1.47753
1.445
1.41595
1.39678
1.39167
1.39957
1.41528
1.43292
1.44834
1.45939
1.4655
1.4675
1.46763
1.46915
1.47531
1.48816
1.50792
1.53332
1.56224
1.59221
1.62086
1.64613
1.66663
1.68201
1.69299
1.70122
1.70863
1.7165
1.72464
1.73131
1.73404
1.73057
1.71978
1.70187
1.67823
1.65112
1.62308
1.59652
1.5735
1.55618
1.54716
1.54914
1.56348
1.58897
1.62171
1.65628
1.68736
1.71083
1.72439
1.72763
1.72184
1.70954
1.6936
1.67612
1.65771
1.63758
1.61436
1.58717
1.55634
1.52383
1.49312
1.4683
1.45225
1.44513
1.44466
1.44767
1.45158
1.455
1.45774
1.46065
1.46508
1.47228
1.48292
1.49688
1.51329
1.53057
1.54676
1.56013
1.56967
1.5754
1.5782
1.57959
1.58135
1.58498
1.59126
1.60015
1.61112
1.62353
1.63666
1.64944
1.66012
1.66653
1.66681
1.66007
1.6469
1.62952
1.6116
1.59752
1.5912
1.5945
1.60644
1.62354
1.64152
1.65704
1.66856
1.67589
1.67913
1.67794
1.67197
1.66241
1.65247
1.64609
1.64521
1.64841
1.65226
1.65386
1.65202
1.64709
1.64014
1.63238
1.62489
1.61856
1.6139
1.61116
1.61039
1.61132
1.61284
1.61339
1.61202
1.60878
1.60445
1.59974
1.59452
1.58769
1.57812
1.56614
1.55433
1.5464
1.54479
1.54892
1.55543
1.56011
1.55997
1.55473
1.5474
1.54328
1.54743
1.56164
1.58328
1.60724
1.62913
1.64695
1.6606
1.67054
1.67695
1.67924
1.67653
1.66863
1.65631
1.64089
1.62386
1.60754
1.59535
1.5906
1.59458
1.60603
1.62198
1.63926
1.65547
1.66912
1.67926
1.68501
1.68543
1.67984
1.66865
1.65408
1.63995
1.62976
1.62453
1.6227
1.6218
1.61974
1.61521
1.60763
1.59721
1.58479
1.57167
1.55931
1.54898
1.54141
1.53642
1.5329
1.52922
1.52392
1.51623
1.50629
1.49481
1.48258
1.47036
1.4593
1.45139
1.44904
1.45365
1.46422
1.47738
1.48891
1.49549
1.49565
1.49
1.48086
1.47149
1.46517
1.46423
1.46938
1.47977
1.49347
1.50809
1.52114
1.53038
1.53455
1.53392
1.53072
1.52834
1.52945
1.53433
1.54069
1.54546
1.54662
1.54414
1.53958
1.53512
1.53261
1.53297
1.53609
1.54114
1.54708
1.55301
1.55851
1.56358
1.56857
1.57389
1.5799
1.58669
1.59409
1.60146
1.6077
1.61148
1.6116
1.60734
1.5989
1.58761
1.57607
1.56753
1.56443
1.56707
1.5734
1.57978
1.58279
1.58135
1.57829
1.57883
1.58571
1.59596
1.60364
1.60476
1.59902
1.58878
1.57738
1.56794
1.56269
1.56277
1.56823
1.57825
1.59137
1.60579
1.61952
1.63065
1.63752
1.63898
1.63461
1.62493
1.61161
1.59751
1.58579
1.57862
1.57588
1.57513
1.57288
1.56578
1.55154
1.52963
1.5026
1.47733
1.46362
1.46883
1.49228
1.52582
1.55888
1.5828
1.59302
1.58979
1.57778
1.56403
1.55516
1.55523
1.56481
1.58128
1.60031
1.61745
1.6293
1.6338
1.63011
1.61793
1.5974
1.56964
1.5376
1.5066
1.48309
1.47164
1.4721
1.47985
1.48915
1.49645
1.50209
1.51017
1.52609
1.55219
1.58529
1.61879
1.64663
1.6653
1.6738
1.67271
1.66334
1.6472
1.62612
1.60238
1.57862
1.55737
1.54028
1.52731
1.51685
1.50705
1.49719
1.48819
1.4821
1.48137
1.48803
1.50306
1.52558
1.55222
1.57748
1.5958
1.60403
1.60256
1.59438
1.58331
1.57244
1.56372
1.55792
1.55459
1.55229
1.54907
1.54317
1.53354
1.51997
1.50313
1.48468
1.46706
1.4533
1.44657
1.44961
1.46397
1.48928
1.523
1.56109
1.59915
1.63344
1.66123
1.68093
1.69208
1.6953
1.69223
1.68526
1.67694
1.6694
1.6638
1.66056
1.65973
1.66148
1.66624
1.67447
1.68618
1.70066
1.71665
1.73271
1.74758
1.76036
1.77044
1.77735
1.78056
1.77943
1.77337
1.76203
1.7456
1.7251
1.70239
1.67976
1.65899
1.64038
1.62241
1.60268
1.57932
1.55212
1.52288
1.49483
1.47134
1.45459
1.44466
1.43977
1.43732
1.43543
1.43391
1.43439
1.43941
1.45105
1.46974
1.49414
1.52184
1.55023
1.57709
1.60073
1.62009
1.63496
1.64586
1.65359
1.65849
1.66004
1.65726
1.64948
1.63711
1.62185
1.60636
1.59356
1.58578
1.58399
1.58755
1.59457
1.60281
1.61041
1.61625
1.61988
1.62127
1.62043
1.6171
1.61074
1.60086
1.58766
1.57232
1.55689
1.54372
1.53468
1.53042
1.53021
1.5322
1.53435
1.53533
1.53489
1.53372
1.5328
1.53274
1.5335
1.53463
1.53547
1.53563
1.53505
1.53411
1.53362
1.53461
1.53788
1.54368
1.55145
1.55991
1.56729
1.57169
1.57135
1.56498
1.55199
1.5327
1.50848
1.48157
1.45486
1.43148
1.41427
1.40523
1.40524
1.41396
1.43011
1.45177
1.47675
1.50286
1.52831
1.55189
1.57305
1.59171
1.60799
1.62204
1.63366
1.6423
1.6471
1.64713
1.64189
1.63184
1.61837
1.60324
1.58794
1.57347
1.56083
1.55101
1.54455
1.54099
1.53861
1.53489
1.52739
1.51468
1.49675
1.47499
1.45183
1.43015
1.41267
1.4012
1.39627
1.39714
1.40239
1.4108
1.42213
1.43723
1.45745
1.48337
1.51348
1.54394
1.56994
1.58771
1.59574
1.59486
1.58752
1.57693
1.56618
1.55755
1.55209
1.5499
1.55048
1.55309
1.55698
1.5613
1.56512
1.56736
1.56688
1.56308
1.55634
1.54842
1.54211
1.5401
1.54364
1.55198
1.56264
1.57274
1.58006
1.58361
1.58369
1.58164
1.5795
1.57952
1.58359
1.59269
1.60661
1.62428
1.64424
1.66502
1.6853
1.70375
1.7191
1.73016
1.73601
1.73612
1.73021
1.71831
1.70088
1.67892
1.65411
1.62862
1.60471
1.58415
1.56783
1.55583
1.54758
1.54211
1.53825
1.5348
1.53097
1.52648
1.52178
1.51797
1.51703
1.52156
1.53372
1.55343
1.5775
1.60084
1.61888
1.62935
1.63255
1.63065
1.62657
1.62288
1.62106
1.62109
1.62172
1.62094
1.61668
1.60758
1.59352
1.57596
1.55777
1.54263
1.53393
1.53376
1.54231
1.55789
1.57736
1.59684
1.61243
1.62085
1.61992
1.60896
1.58906
1.56298
1.53442
1.50702
1.48357
1.46596
1.45579
1.45467
1.46375
1.48297
1.5104
1.54251
1.57495
1.60343
1.62462
1.63659
1.63907
1.63307
1.62042
1.60313
1.58303
1.56158
1.54019
1.5207
1.5056
1.49787
1.49999
1.51249
1.53333
1.55868
1.58453
1.60789
1.62716
1.64207
1.65327
1.66198
1.66938
1.67615
1.68199
1.68568
1.68537
1.6792
1.66582
1.64481
1.61687
1.58392
1.54883
1.51493
1.48516
1.46128
1.44352
1.43133
1.42467
1.42476
1.43331
1.45135
1.47842
1.51225
1.54865
1.58234
1.60868
1.62496
1.63068
1.62698
1.6161
1.60097
1.58492
1.57123
1.56269
1.56122
1.56755
1.58112
1.60002
1.62125
1.64122
1.65664
1.66528
1.66645
1.66125
1.65213
1.64203
1.63331
1.62684
1.62216
1.61812
1.61371
1.60844
1.60249
1.5965
1.59119
1.58701
1.58385
1.58128
1.57894
1.57682
1.57518
1.57424
1.57414
1.57507
1.57724
1.58073
1.58511
1.58949
1.59284
1.59463
1.59554
1.59727
1.6016
1.60917
1.61949
1.63212
1.64729
1.66516
1.68464
1.7031
1.71716
1.72389
1.72152
1.70981
1.6899
1.6636
1.63273
1.59885
1.5636
1.52932
1.49943
1.47761
1.46621
1.46514
1.47187
1.48278
1.49496
1.50697
1.51865
1.53057
1.54316
1.55595
1.56737
1.57547
1.5791
1.57843
1.57469
1.56946
1.56424
1.56061
1.56077
1.56755
1.58309
1.6076
1.63884
1.67262
1.70405
1.72913
1.74579
1.75386
1.75439
1.74877
1.73831
1.72414
1.70732
1.68888
1.66983
1.65097
1.63261
1.61463
1.59665
1.57833
1.55963
1.54094
1.523
1.50662
1.49245
1.48105
1.47291
1.4683
1.46699
1.46805
1.47003
1.47161
1.47216
1.47219
1.47342
1.4782
1.4886
1.50539
1.52757
1.55292
1.57875
1.6024
1.62131
1.63338
1.63756
1.63452
1.62657
1.61713
1.6095
1.60605
1.60774
1.6138
1.62181
1.62845
1.63096
1.62864
1.62321
1.61793
1.61578
1.61769
1.62195
1.62519
1.62401
1.61645
1.60266
1.58458
1.56494
1.54636
1.53067
1.51897
1.51191
1.50986
1.51289
1.52058
1.53229
1.54753
1.56618
1.58822
1.6131
1.63895
1.66259
1.68059
1.69048
1.69129
1.68336
1.66794
1.64693
1.62283
1.59867
1.5775
1.56151
1.55128
1.54597
1.5442
1.54465
1.54625
1.54782
1.54813
1.54596
1.54057
1.53213
1.52219
1.51356
1.50943
1.51175
1.52063
1.53528
1.55534
1.58061
1.6097
1.63911
1.66414
1.68065
1.68632
1.68092
1.66603
1.64459
1.62039
1.59747
1.57942
1.56854
1.56533
1.56846
1.57533
1.58304
1.58923
1.59224
1.59118
1.58571
1.57603
1.56286
1.54749
1.53173
1.51768
1.50715
1.50108
1.49964
1.50265
1.51
1.52147
1.53645
1.55368
1.57132
1.58724
1.59949
1.60673
1.60879
1.60742
1.60596
1.60752
1.61269
1.61913
1.62303
1.62096
1.61103
1.59343
1.57024
1.5447
1.52049
1.50102
1.48884
1.48509
1.48938
1.49987
1.51363
1.52735
1.53806
1.54387
1.54424
1.53991
1.5327
1.52491
1.51882
1.51608
1.51727
1.5221
1.52978
1.53952
1.5507
1.56291
1.57562
1.5879
1.59843
1.60574
1.60863
1.60671
1.60069
1.59253
1.58513
1.58178
1.58555
1.5984
1.62031
1.64894
1.6802
1.70934
1.73186
1.74413
1.74379
1.73008
1.70427
1.66962
1.63072
1.59244
1.55907
1.53407
1.51995
1.51811
1.52823
1.54807
1.57366
1.6002
1.62318
1.63944
1.64764
1.64826
1.64327
1.63522
1.62636
1.61769
1.60894
1.59942
1.58956
1.58183
1.57979
1.58573
1.59893
1.61633
1.63405
1.64822
1.65558
1.65456
1.64575
1.63121
1.61304
1.59217
1.56859
1.54263
1.51637
1.49372
1.47865
1.47298
1.47597
1.48594
1.50158
1.52172
1.54438
1.56657
1.58491
1.59656
1.59967
1.59343
1.57817
1.55636
1.53436
1.52219
1.52846
1.55358
1.58974
1.62742
1.6601
1.68462
1.69997
1.70635
1.70484
1.69712
1.68513
1.67074
1.65544
1.64031
1.62616
1.61366
1.60321
1.59477
1.58818
1.58331
1.58009
1.57805
1.5759
1.57206
1.56584
1.55847
1.5526
1.55043
1.5522
1.55674
1.56328
1.5722
1.58421
1.59918
1.61583
1.63237
1.64727
1.66001
1.67152
1.68384
1.69841
1.71434
1.7286
1.73805
1.74125
1.73861
1.73134
1.72049
1.70684
1.69143
1.67572
1.66125
1.64907
1.63904
1.62991
1.61977
1.60694
1.59064
1.57146
1.55141
1.53339
1.52043
1.51494
1.51844
1.53135
1.55269
1.57974
1.60814
1.63296
1.65027
1.65847
1.65843
1.65272
1.64408
1.63428
1.62397
1.61328
1.60241
1.59181
1.58213
1.57419
1.56916
1.5683
1.57261
1.58241
1.59695
1.61437
1.63218
1.64822
1.6613
1.67109
1.67746
1.67972
1.67679
1.66789
1.65361
1.63631
1.61949
1.60636
1.59859
1.59618
1.59802
1.60238
1.60715
1.61019
1.61009
1.60663
1.60093
1.59476
1.58977
1.58703
1.58693
1.58955
1.5948
1.60235
1.61153
1.62123
1.6299
1.63587
1.63806
1.63652
1.63249
1.62739
1.62175
1.61534
1.6082
1.60092
1.59422
1.58842
1.58343
1.57898
1.57485
1.57097
1.56753
1.56521
1.56517
1.56889
1.57749
1.59104
1.60799
1.62548
1.64019
1.64958
1.65274
1.6506
1.64558
1.64059
1.63775
1.63744
1.63821
1.63761
1.63364
1.62585
1.61545
1.60468
1.59545
1.58849
1.58345
1.57969
1.57714
1.57665
1.57997
1.58864
1.60258
1.6194
1.63511
1.64566
1.64813
1.64109
1.62463
1.60034
1.57126
1.54156
1.51592
1.49869
1.49277
1.49878
1.515
1.53817
1.56457
1.59085
1.61417
1.63218
1.64287
1.64499
1.63863
1.62572
1.61
1.59611
1.58795
1.58705
1.59238
1.60142
1.61166
1.62143
1.63002
1.63741
1.64371
1.64864
1.6512
1.64981
1.64296
1.63031
1.61339
1.59502
1.57765
1.56162
1.54542
1.52748
1.50783
1.48854
1.47332
1.46626
1.47031
1.48609
1.51157
1.54283
1.57544
1.60568
1.6312
1.65106
1.66527
1.6742
1.67824
1.67764
1.67262
1.66344
1.65059
1.63502
1.61828
1.60228
1.58877
1.57851
1.57111
1.56532
1.55986
1.5539
1.54745
1.54127
1.53669
1.53553
1.53957
1.5499
1.56617
1.58652
1.60817
1.62826
1.64444
1.65498
1.65888
1.6559
1.64666
1.63272
1.61653
1.60116
1.58951
1.58324
1.58189
1.58329
1.58482
1.58468
1.58244
1.57883
1.57509
1.57242
1.57151
1.57238
1.57441
1.5767
1.57829
1.57845
1.57695
1.57417
1.57088
1.56785
1.56539
1.56336
1.56137
1.55896
1.55565
1.55109
1.54532
1.53905
1.53382
1.53189
1.53515
1.54344
1.55388
1.5621
1.5645
1.55983
1.54953
1.53716
1.52709
1.52289
1.52621
1.53635
1.55063
1.56528
1.5766
1.58218
1.58167
1.57683
1.57081
1.56694
1.56763
1.57384
1.58543
1.60157
1.62103
1.64226
1.66319
1.68115
1.69317
1.69667
1.69037
1.67507
1.65348
1.62965
1.60758
1.59008
1.57844
1.57277
1.57251
1.57658
1.58341
1.59143
1.59934
1.60625
1.61156
1.61489
1.61597
1.6148
1.61178
1.60781
1.60439
1.60335
1.60637
1.61412
1.62574
1.63897
1.65106
1.66006
1.66553
1.66838
1.67042
1.67343
1.67842
1.68517
1.69218
1.69702
1.69686
1.68923
1.67273
1.64763
1.6161
1.58193
1.54981
1.52402
1.50727
1.5001
1.50141
1.50932
1.52157
1.53569
1.54911
1.55944
1.56481
1.56398
1.55641
1.54228
1.52278
1.50026
1.47777
1.45829
1.4435
1.43313
1.42529
1.41769
1.40871
1.39776
1.38515
1.37189
1.35953
1.34999
1.34496
1.34517
1.35008
1.35816
1.36756
1.37697
1.38624
1.39643
1.40931
1.42618
1.44688
1.4694
1.49067
1.50763
1.51815
1.52176
1.51972
1.5144
1.50805
1.50198
1.49658
1.49201
1.48904
1.48903
1.4933
1.50229
1.51487
1.52858
1.54048
1.54804
1.54964
1.54482
1.5347
1.52223
1.51163
1.50655
1.50833
1.51582
1.52644
1.53694
1.54401
1.54521
1.53987
1.52912
1.51535
1.50125
1.48902
1.47995
1.47461
1.47316
1.47581
1.48288
1.49457
1.51074
1.53085
1.55406
1.5793
1.60546
1.63136
1.6558
1.67774
1.69637
1.71124
1.72224
1.7293
1.73215
1.73025
1.72274
1.70869
1.68749
1.6594
1.62589
1.58975
1.55467
1.52409
1.49988
1.48182
1.46829
1.4574
1.44791
1.43959
1.43302
1.42932
1.42952
1.43395
1.44184
1.45148
1.46097
1.46928
1.47676
1.48496
1.49577
1.51051
1.52908
1.55001
1.57097
1.58951
1.60375
1.61286
1.61687
1.61647
1.61268
1.60657
1.59906
1.59086
1.58236
1.57384
1.56595
1.56004
1.55804
1.56145
1.5703
1.58281
1.59618
1.60784
1.61626
1.62122
1.62347
1.62436
1.62522
1.62693
1.62983
1.63413
1.64029
1.64892
1.65967
1.6705
1.67858
1.68206
1.681
1.67689
1.6715
1.66589
1.66002
1.65293
1.64348
1.6307
1.61412
1.59416
1.57244
1.55177
1.53547
1.52605
1.52426
1.52922
1.53909
1.55193
1.56616
1.58069
1.59471
1.60746
1.6181
1.62598
1.63084
1.63267
1.63142
1.62688
1.619
1.60827
1.59604
1.58439
1.57552
1.57081
1.57001
1.57076
1.56916
1.56119
1.54427
1.51847
1.48686
1.45483
1.42886
1.41467
1.41533
1.42978
1.45319
1.47944
1.50406
1.52539
1.54419
1.56222
1.58095
1.60051
1.61941
1.63541
1.64685
1.65354
1.65663
1.65759
1.65701
1.65438
1.64885
1.64026
1.62933
1.61722
1.60471
1.59192
1.5782
1.5626
1.54471
1.52561
1.50841
1.49722
1.49464
1.49983
1.50892
1.51716
1.521
1.51889
1.51113
1.49946
1.48656
1.47542
1.46866
1.46806
1.4742
1.48639
1.50279
1.52088
1.53802
1.55203
1.56174
1.56727
1.56987
1.57145
1.57373
1.57747
1.58207
1.58555
1.58523
1.57884
1.56575
1.54765
1.52826
1.51139
1.49867
1.48929
1.48202
1.47716
1.4764
1.48113
1.491
1.50369
1.51594
1.52486
1.52885
1.52777
1.52281
1.516
1.50984
1.50705
1.51043
1.52241
1.5439
1.57299
1.60502
1.6341
1.65482
1.66316
1.65692
1.63645
1.60592
1.5735
1.54806
1.53398
1.52931
1.52929
1.53023
1.53105
1.533
1.53838
1.54906
1.56569
1.58759
1.61297
1.63925
1.66381
1.68464
1.70059
1.711
1.71541
1.71336
1.70469
1.69015
1.67166
1.65218
1.63452
1.62029
1.60956
1.60156
1.59547
1.59072
1.58671
1.58262
1.57744
1.57038
1.56132
1.55098
1.54095
1.53351
1.53116
1.53598
1.54903
1.56963
1.59518
1.62175
1.64523
1.6626
1.67273
1.67639
1.67578
1.67344
1.6711
1.66925
1.66762
1.66598
1.66469
1.6644
1.66558
1.66799
1.67049
1.67114
1.6674
1.65654
1.63637
1.60616
1.56768
1.52587
1.48831
1.46299
1.45501
1.46471
1.48856
1.52162
1.55924
1.59774
1.6343
1.66669
1.69286
1.71083
1.71888
1.7158
1.70127
1.67624
1.64338
1.60702
1.57257
1.54553
1.53022
1.52878
1.5405
1.5619
1.58774
1.6128
1.63335
1.64776
1.65637
1.66071
1.66246
1.66281
1.6623
1.66084
1.65768
1.65154
1.64133
1.62692
1.60967
1.59218
1.57784
1.5697
1.56925
1.57592
1.58765
1.60172
1.61518
1.6252
1.63008
1.62997
1.62681
1.62345
1.62202
1.62285
1.62433
1.62411
1.62059
1.61409
1.60699
1.60275
1.60441
1.6133
1.62875
1.64869
1.67055
1.69173
1.7099
1.72313
1.73011
1.73053
1.7253
1.71647
1.70679
1.69883
1.6942
1.69308
1.69448
1.69677
1.69859
1.69923
1.69863
1.69692
1.69403
1.68972
1.68395
1.6771
1.66994
1.66319
1.65716
1.65169
1.64626
1.6404
1.63397
1.62718
1.6204
1.61395
1.6078
1.60174
1.59553
1.58926
1.58344
1.57871
1.57528
1.57249
1.56881
1.56239
1.55197
1.53768
1.52157
1.50744
1.49967
1.50148
1.51313
1.53142
1.55099
1.56646
1.57403
1.5722
1.56136
1.54336
1.52094
1.49733
1.47604
1.46033
1.45274
1.45441
1.46459
1.48082
1.49963
1.51756
1.53197
1.54134
1.54513
1.54356
1.53741
1.52796
1.51694
1.50629
1.49769
1.492
1.48905
1.48777
1.48675
1.48498
1.48231
1.47964
1.4785
1.48031
1.48575
1.49466
1.50619
1.51917
1.5325
1.54559
1.5583
1.57032
1.58053
1.58703
1.58796
1.58253
1.5716
1.55743
1.54301
1.53094
1.52261
1.51774
1.51473
1.51136
1.50541
1.49534
1.48066
1.46201
1.44118
1.42088
1.4046
1.39629
1.3993
1.41478
1.44055
1.47179
1.50315
1.5306
1.55197
1.56666
1.57507
1.57833
1.57819
1.57648
1.57462
1.57322
1.57226
1.57153
1.57111
1.57161
1.57365
1.57711
1.58053
1.5814
1.57722
1.56672
1.55052
1.53094
1.51144
1.49563
1.48608
1.48366
1.48759
1.49597
1.50675
1.51869
1.53173
1.54683
1.56483
1.58547
1.60718
1.62778
1.64559
1.65988
1.6707
1.67811
1.68165
1.68019
1.67255
1.65832
1.63836
1.61473
1.58998
1.56635
1.54547
1.52863
1.51748
1.51414
1.52012
1.5347
1.55429
1.57354
1.58749
1.59305
1.58948
1.578
1.56119
1.54229
1.52447
1.5099
1.49925
1.49186
1.4864
1.48163
1.47686
1.47224
1.46869
1.46729
1.46839
1.47097
1.47264
1.47045
1.46225
1.44769
1.42876
1.40947
1.39481
1.38913
1.39504
1.41312
1.44223
1.48004
1.52332
1.56839
1.61166
1.65019
1.68189
1.70548
1.72033
1.72637
1.7241
1.71475
1.70031
1.68344
1.66704
1.65374
1.64539
1.64301
1.64681
1.65631
1.67039
1.68754
1.70587
1.72334
1.73779
1.74718
1.74973
1.74401
1.72915
1.70503
1.67245
1.63323
1.59044
1.5485
1.51261
1.4876
1.47627
1.47825
1.48994
1.50608
1.5219
1.53455
1.54345
1.54997
1.55665
1.56621
1.58041
1.59902
1.61981
1.6396
1.65539
1.6653
1.66866
1.66574
1.65719
1.64368
1.62557
1.60275
1.57491
1.54229
1.50758
1.47764
1.46212
1.46734
1.49101
1.52412
1.55668
1.58156
1.59594
1.60212
1.60643
1.61538
1.63152
1.65307
1.67679
1.70007
1.721
1.7379
1.74927
1.75412
1.75215
1.74351
1.72855
1.70763
1.68128
1.65046
1.61709
1.58443
1.55694
1.53936
1.53509
1.54484
1.56616
1.59409
1.62293
1.64798
1.66655
1.67815
1.68387
1.68563
1.68536
1.68451
1.68384
1.6834
1.68263
1.68043
1.67561
1.66726
1.65515
1.63983
1.62248
1.60485
1.5891
1.5776
1.57252
1.57527
1.58588
1.60287
1.62354
1.64463
1.66317
1.67694
1.68479
1.68659
1.68303
1.67541
1.66547
1.65524
1.64711
1.64355
1.64642
1.6557
1.66885
1.6815
1.68914
1.68879
1.67971
1.66333
1.64243
1.62028
1.59967
1.58238
1.56914
1.56025
1.55601
1.55653
1.56068
1.56588
1.56936
1.56968
1.56708
1.5625
1.55657
1.54954
1.54164
1.53341
1.52533
1.51728
1.50814
1.49614
1.47945
1.45697
1.42893
1.39754
1.36741
1.34531
1.33858
1.35218
1.386
1.43492
1.49143
1.54863
1.60197
1.64921
1.68962
1.72304
1.74939
1.7687
1.78112
1.78718
1.78782
1.7843
1.77772
1.76853
1.75662
1.74234
1.72699
1.71216
1.69836
1.68477
1.6704
1.65521
1.64021
1.62693
1.61679
1.61069
1.6087
1.61021
1.61403
1.61867
1.62261
1.6246
1.62407
1.6212
1.61668
1.61118
1.60514
1.5989
1.59306
1.58887
1.58803
1.592
1.60126
1.61499
1.63154
1.64922
1.66678
1.68347
1.69876
1.71215
1.72297
1.73031
1.73312
1.73044
1.72169
1.70696
1.68719
1.66415
1.64003
1.61683
1.59568
1.57667
1.55939
1.54407
1.5324
1.52719
1.53072
1.5426
1.55911
1.57468
1.58418
1.58461
1.57582
1.56036
1.54275
1.52808
1.52031
1.52115
1.53031
1.5466
1.56865
1.59498
1.62363
1.65193
1.67672
1.69503
1.70474
1.70485
1.69564
1.67844
1.65536
1.62898
1.60217
1.57788
1.55871
1.54617
1.54019
1.53908
1.54017
1.54098
1.54007
1.53744
1.53432
1.53246
1.53321
1.5367
1.54172
1.54622
1.54823
1.54686
1.54262
1.53714
1.53246
1.53016
1.53085
1.53394
1.53829
1.54272
1.54645
1.54925
1.55128
1.55295
1.55459
1.55636
1.55838
1.56079
1.56381
1.56775
1.57302
1.58008
1.58942
1.60138
1.61592
1.63223
1.64864
1.66304
1.67345
1.67847
1.67757
1.67114
1.66044
1.6475
1.63479
1.62467
1.61871
1.61721
1.61891
1.62132
1.62131
1.61617
1.60451
1.58691
1.56595
1.54568
1.5301
1.5218
1.52176
1.53046
1.54815
1.57359
1.60346
1.63358
1.66089
1.68397
1.70236
1.71574
1.72382
1.72675
1.72527
1.72069
1.71439
1.70739
1.70011
1.69257
1.68469
1.67655
1.66839
1.66063
1.65391
1.64899
1.64665
1.6472
1.65014
1.65391
1.65617
1.65463
1.64796
1.6362
1.62055
1.60286
1.58503
1.56843
1.55372
1.54089
1.52969
1.52007
1.51229
1.50664
1.50315
1.50147
1.50122
1.50235
1.50542
1.51145
1.52122
1.53391
1.54627
1.55384
1.55368
1.54668
1.53739
1.53148
1.53255
1.5405
1.55256
1.56535
1.57648
1.58507
1.59177
1.59803
1.60504
1.61312
1.62178
1.63017
1.63746
1.64276
1.64511
1.64362
1.6377
1.62759
1.61472
1.60141
1.58941
1.57864
1.56753
1.55489
1.54146
1.52988
1.52313
1.52287
1.52849
1.53755
1.54705
1.55477
1.56047
1.56622
1.57515
1.58919
1.60716
1.62524
1.63946
1.64769
1.65007
1.64829
1.64467
1.64139
1.6399
1.64058
1.64285
1.64553
1.6473
1.64693
1.64321
1.63506
1.62171
1.60309
1.58006
1.55437
1.52836
1.5043
1.48362
1.46623
1.45097
1.43676
1.42367
1.41311
1.40704
1.40709
1.41404
1.42777
1.44772
1.47296
1.50168
1.53079
1.55626
1.5746
1.58421
1.58584
1.58184
1.57511
1.56835
1.5637
1.56263
1.56568
1.57236
1.58155
1.59208
1.60288
1.61276
1.6203
1.62425
1.62392
1.61935
1.61119
1.60027
1.58727
1.57272
1.55736
1.54238
1.52943
1.52008
1.51504
1.51364
1.51411
1.51432
1.5128
1.50931
1.50485
1.50129
1.50062
1.50426
1.51261
1.52524
1.5413
1.55995
1.58066
1.60303
1.62668
1.6509
1.67471
1.69685
1.71603
1.73124
1.74201
1.74835
1.75046
1.74843
1.74211
1.73122
1.7157
1.69579
1.67227
1.64635
1.6194
1.59264
1.5669
1.54256
1.51966
1.49826
1.47852
1.46063
1.44438
1.42922
1.41508
1.40318
1.39582
1.39496
1.40094
1.41237
1.42686
1.4418
1.45509
1.46548
1.47254
1.47637
1.47741
1.47655
1.47507
1.4747
1.47702
1.4827
1.49107
1.50072
1.51058
1.52046
1.53061
1.54116
1.55178
1.56157
1.56917
1.57296
1.57147
1.56413
1.55159
1.53565
1.51885
1.50376
1.49261
1.48679
1.48666
1.49141
1.49934
1.50842
1.51748
1.5273
1.54049
1.55926
1.58275
1.60709
1.62835
1.64483
1.65683
1.66499
1.66917
1.66836
1.6616
1.64864
1.63033
1.60865
1.58647
1.56705
1.55342
1.5478
1.55123
1.56302
1.58076
1.60064
1.61854
1.63111
1.63682
1.63629
1.63188
1.62667
1.62341
1.6236
1.62727
1.63321
1.6398
1.64578
1.65074
1.65506
1.65949
1.66456
1.67023
1.6759
1.68058
1.68314
1.68251
1.67791
1.66912
1.65681
1.6425
1.628
1.61485
1.60377
1.59489
1.58801
1.5827
1.57819
1.5733
1.56687
1.55837
1.54846
1.53912
1.53262
1.5302
1.5315
1.53535
1.54096
1.54794
1.55544
1.56187
1.56596
1.56825
1.57134
1.57858
1.59161
1.60902
1.62743
1.64402
1.65835
1.67159
1.68441
1.69571
1.7034
1.70597
1.70315
1.69568
1.6849
1.67223
1.65918
1.64709
1.63714
1.62999
1.62552
1.62268
1.61987
1.61573
1.61005
1.60429
1.60117
1.60324
1.6115
1.62456
1.63886
1.64975
1.6526
1.64377
1.62133
1.58577
1.54075
1.49335
1.45289
1.42776
1.42208
1.43436
1.45914
1.49022
1.52295
1.55468
1.58421
1.61121
1.63575
1.65779
1.67674
1.69153
1.70112
1.70515
1.70395
1.6984
1.6897
1.6793
1.66863
1.65909
1.6517
1.64685
1.64416
1.64255
1.64032
1.63526
1.62511
1.60814
1.58397
1.55413
1.52239
1.4943
1.47586
1.47162
1.48324
1.50905
1.54469
1.58413
1.62092
1.64944
1.66592
1.66918
1.661
1.64569
1.62863
1.61394
1.60314
1.59548
1.58951
1.58436
1.58005
1.57721
1.57645
1.57799
1.58149
1.58617
1.59097
1.59474
1.59659
1.59642
1.59516
1.59452
1.59609
1.60032
1.60629
1.61212
1.61611
1.61802
1.61964
1.62419
1.63431
1.64994
1.6676
1.6823
1.69026
1.69013
1.68259
1.66908
1.65087
1.62865
1.60301
1.57565
1.55045
1.53333
1.52916
1.53771
1.55324
1.56885
1.5804
1.58701
1.5898
1.59069
1.59148
1.59321
1.59539
1.59605
1.59267
1.58354
1.5692
1.55362
1.54364
1.54524
1.55882
1.57911
1.59975
1.61696
1.62964
1.63783
1.64138
1.63961
1.63174
1.61762
1.59841
1.57673
1.55602
1.53946
1.52872
1.5234
1.5215
1.5204
1.5179
1.51287
1.50546
1.4968
1.48853
1.48225
1.47922
1.48006
1.48459
1.49193
1.50101
1.51106
1.52195
1.53396
1.54717
1.56098
1.57387
1.58394
1.58959
1.59017
1.58613
1.57889
1.5705
1.56299
1.55802
1.55635
1.55776
1.56154
1.56724
1.57513
1.58594
1.60005
1.61661
1.63349
1.64789
1.65747
1.66085
1.65764
1.64814
1.63308
1.6136
1.59117
1.56746
1.54409
1.52245
1.50345
1.48759
1.47484
1.46481
1.45688
1.45089
1.44789
1.45021
1.46047
1.47974
1.50635
1.53645
1.56559
1.59019
1.60813
1.61851
1.62117
1.61629
1.60427
1.58591
1.56296
1.53877
1.51821
1.50596
1.50407
1.51125
1.52407
1.53896
1.5533
1.56595
1.57699
1.58684
1.59542
1.60214
1.60603
1.60618
1.60184
1.59293
1.58017
1.56508
1.54962
1.53598
1.52612
1.52103
1.52041
1.52289
1.52692
1.53143
1.53603
1.54068
1.54553
1.55101
1.5582
1.56868
1.58348
1.60187
1.62151
1.63957
1.6538
1.66291
1.66636
1.66399
1.6558
1.64208
1.62402
1.60427
1.58688
1.57638
1.57589
1.58527
1.60086
1.61737
1.63047
1.63834
1.64174
1.64303
1.64471
1.64801
1.65233
1.65531
1.65414
1.64662
1.63201
1.6111
1.58595
1.5591
1.53285
1.50868
1.48727
1.46884
1.45366
1.44243
1.43647
1.43734
1.44647
1.46476
1.49253
1.52939
1.57355
1.6213
1.66767
1.70796
1.73926
1.76086
1.77369
1.77967
1.78091
1.77926
1.77614
1.77263
1.76949
1.76712
1.76544
1.76384
1.76126
1.75655
1.74887
1.73817
1.72502
1.71019
1.69399
1.6763
1.65714
1.63758
1.62001
1.60743
1.60205
1.60425
1.61218
1.62232
1.63073
1.63427
1.63163
1.62371
1.61289
1.60175
1.59187
1.58371
1.5774
1.57372
1.57427
1.58036
1.59138
1.60446
1.61611
1.6239
1.627
1.62543
1.6197
1.61115
1.60222
1.59597
1.59494
1.59982
1.60886
1.61849
1.62465
1.62446
1.61746
1.60605
1.59481
1.58869
1.59085
1.60132
1.61745
1.63552
1.65219
1.66512
1.6729
1.67473
1.67021
1.6596
1.64406
1.62566
1.60724
1.59176
1.58177
1.57869
1.5824
1.59145
1.60371
1.61683
1.62873
1.63792
1.64393
1.64751
1.6502
1.6535
1.65813
1.66375
1.66927
1.67353
1.67587
1.67655
1.6767
1.67771
1.68017
1.6831
1.68418
1.68093
1.67202
1.65789
1.6402
1.62081
1.60085
1.58046
1.55926
1.53692
1.51337
1.48903
1.465
1.44311
1.42593
1.41632
1.41684
1.42886
1.45185
1.48332
1.51935
1.55551
1.58775
1.6129
1.62875
1.63409
1.62877
1.61407
1.59333
1.57197
1.55631
1.551
1.55701
1.57149
1.58971
1.60741
1.62198
1.63241
1.63859
1.6408
1.63928
1.63412
1.62513
1.61216
1.59524
1.57505
1.55307
1.53152
1.51319
1.50073
1.49575
1.49817
1.50635
1.51776
1.53007
1.54149
1.55085
1.55733
1.56061
1.56111
1.56031
1.56057
1.56451
1.57385
1.58852
1.60665
1.62542
1.64205
1.65447
1.66168
1.66366
1.66115
1.65509
1.64616
1.63462
1.62062
1.60478
1.5886
1.57432
1.56395
1.55828
1.55665
1.55747
1.55911
1.56028
1.56009
1.55794
1.55323
1.54506
1.53235
1.51463
1.49349
1.47381
1.46311
1.46801
1.48938
1.52074
1.55203
1.57488
1.58557
1.58456
1.57455
1.55849
1.53877
1.51768
1.49806
1.48328
1.47639
1.47904
