-6.36207
-6.35382
-6.33923
-6.31504
-6.27988
-6.23225
-6.17069
-6.09067
-5.98869
-5.86548
-5.71772
-5.55494
-5.38409
-5.22039
-5.07886
-4.96828
-4.89528
-4.86096
-4.85786
-4.87572
-4.9064
-4.94013
-4.97334
-5.00129
-5.02277
-5.04109
-5.0578
-5.07292
-5.0881
-5.10326
-5.11462
-5.12065
-5.12206
-5.11828
-5.1124
-5.10739
-5.10649
-5.10965
-5.11799
-5.1305
-5.14528
-5.15759
-5.16672
-5.16997
-5.16939
-5.1674
-5.16672
-5.16697
-5.16954
-5.17354
-5.17733
-5.18037
-5.18138
-5.18031
-5.17592
-5.17007
-5.16003
-5.14692
-5.13092
-5.11708
-5.10854
-5.10835
-5.11128
-5.11378
-5.11085
-5.10221
-5.09128
-5.07854
-5.06888
-5.06626
-5.07061
-5.08199
-5.09603
-5.11044
-5.12189
-5.12949
-5.13088
-5.12999
-5.12947
-5.12842
-5.12734
-5.12715
-5.12676
-5.12836
-5.12746
-5.12601
-5.12486
-5.12197
-5.11925
-5.11457
-5.10685
-5.09793
-5.08966
-5.08247
-5.07814
-5.07735
-5.07903
-5.08288
-5.08913
-5.09623
-5.10551
-5.11593
-5.12729
-5.14179
-5.15907
-5.17735
-5.19631
-5.21505
-5.23091
-5.24089
-5.24359
-5.23948
-5.22853
-5.21197
-5.19029
-5.16833
-5.14645
-5.12849
-5.11574
-5.10817
-5.10514
-5.10402
-5.1031
-5.09858
-5.08994
-5.07708
-5.05969
-5.03819
-5.01426
-4.99213
-4.97177
-4.9592
-4.95834
-4.97193
-4.99798
-5.03277
-5.07224
-5.11014
-5.14394
-5.17113
-5.1924
-5.20624
-5.21328
-5.21184
-5.20263
-5.18663
-5.16646
-5.14068
-5.11232
-5.08219
-5.05129
-5.02479
-5.00072
-4.98727
-4.98183
-4.98576
-4.99557
-5.00927
-5.02162
-5.03333
-5.04154
-5.04451
-5.04109
-5.03092
-5.0165
-4.99919
-4.98011
-4.96315
-4.94768
-4.93491
-4.92576
-4.91714
-4.9119
-4.90977
-4.91231
-4.91676
-4.92458
-4.93664
-4.95361
-4.97572
-5.00232
-5.03387
-5.06812
-5.10107
-5.12974
-5.14895
-5.15688
-5.15356
-5.14165
-5.12543
-5.1066
-5.09149
-5.08373
-5.08305
-5.0876
-5.09325
-5.09865
-5.10012
-5.0965
-5.08724
-5.07292
-5.0537
-5.03144
-5.0096
-4.98945
-4.97584
-4.96994
-4.97546
-4.989
-5.01165
-5.0377
-5.06139
-5.08099
-5.09014
-5.08927
-5.07918
-5.06205
-5.03836
-5.00993
-4.9832
-4.96232
-4.95218
-4.95769
-4.9745
-4.99909
-5.02763
-5.05496
-5.07748
-5.09559
-5.10583
-5.10889
-5.10512
-5.09918
-5.09099
-5.08248
-5.07573
-5.07216
-5.07221
-5.07218
-5.07133
-5.0675
-5.05999
-5.04996
-5.04187
-5.03729
-5.03717
-5.04507
-5.0552
-5.06574
-5.07379
-5.07496
-5.07203
-5.06312
-5.05045
-5.0358
-5.02011
-5.00621
-4.99513
-4.98819
-4.98532
-4.98687
-4.99073
-4.99809
-5.00578
-5.0148
-5.02538
-5.03618
-5.04711
-5.0566
-5.06415
-5.07001
-5.07413
-5.0782
-5.08261
-5.08878
-5.09728
-5.11093
-5.12364
-5.1372
-5.14682
-5.15493
-5.16042
-5.16303
-5.16162
-5.15875
-5.15464
-5.14983
-5.1444
-5.13884
-5.13085
-5.12272
-5.11397
-5.10601
-5.09913
-5.0973
-5.10248
-5.11053
-5.12207
-5.13311
-5.1426
-5.1481
-5.1484
-5.14373
-5.1334
-5.11759
-5.09695
-5.07356
-5.05273
-5.03759
-5.02953
-5.02719
-5.02901
-5.03429
-5.04137
-5.04944
-5.06035
-5.07186
-5.08412
-5.09414
-5.10234
-5.10716
-5.10801
-5.10242
-5.0903
-5.07389
-5.05651
-5.03953
-5.02709
-5.019
-5.01839
-5.02513
-5.03623
-5.04988
-5.06318
-5.07341
-5.0794
-5.07978
-5.07566
-5.06669
-5.05644
-5.0444
-5.0327
-5.022
-5.0143
-5.00973
-5.01162
-5.01853
-5.02942
-5.04346
-5.06132
-5.07955
-5.09328
-5.104
-5.11202
-5.11422
-5.11587
-5.11667
-5.11941
-5.12206
-5.12348
-5.12282
-5.11905
-5.11024
-5.09872
-5.08596
-5.07542
-5.06755
-5.0643
-5.06265
-5.06147
-5.05899
-5.05329
-5.04127
-5.02376
-5.00295
-4.98285
-4.96711
-4.95858
-4.95984
-4.97279
-4.99818
-5.03407
-5.07511
-5.11466
-5.14852
-5.17317
-5.18818
-5.19295
-5.18853
-5.17923
-5.1649
-5.14598
-5.12766
-5.10889
-5.09322
-5.08165
-5.07805
-5.08293
-5.09739
-5.11497
-5.13038
-5.1391
-5.14246
-5.13995
-5.13607
-5.13254
-5.1302
-5.1292
-5.12904
-5.12927
-5.12822
-5.12709
-5.12775
-5.13179
-5.13823
-5.14775
-5.15918
-5.1675
-5.17155
-5.16882
-5.16151
-5.15053
-5.13629
-5.12349
-5.11063
-5.09956
-5.09385
-5.09582
-5.10346
-5.11644
-5.13189
-5.14604
-5.15647
-5.16067
-5.15791
-5.14727
-5.12846
-5.10471
-5.07373
-5.0411
-5.008
-4.98033
-4.96142
-4.95244
-4.95158
-4.95818
-4.96876
-4.98245
-4.99815
-5.01267
-5.02519
-5.03258
-5.03738
-5.03935
-5.04126
-5.04633
-5.05555
-5.06788
-5.07977
-5.08895
-5.09616
-5.10126
-5.10498
-5.10916
-5.11299
-5.11711
-5.11728
-5.11559
-5.10797
-5.09535
-5.07809
-5.06045
-5.04186
-5.0287
-5.01994
-5.01605
-5.01564
-5.01683
-5.01503
-5.01229
-5.00659
-5.00028
-4.99543
-4.99353
-4.9962
-5.00323
-5.01397
-5.0298
-5.04814
-5.06838
-5.08946
-5.11081
-5.12896
-5.1445
-5.15471
-5.15901
-5.15888
-5.15461
-5.14975
-5.14513
-5.14291
-5.1432
-5.14633
-5.15209
-5.15741
-5.16074
-5.16158
-5.15505
-5.1436
-5.12286
-5.09283
-5.05413
-5.01232
-4.97708
-4.95674
-4.95906
-4.97661
-5.00091
-5.0264
-5.04896
-5.06738
-5.08111
-5.09054
-5.09347
-5.09127
-5.08119
-5.06555
-5.04739
-5.02978
-5.0163
-5.00886
-5.00979
-5.01745
-5.0297
-5.04179
-5.05003
-5.05278
-5.04926
-5.039
-5.02498
-5.00995
-4.99844
-4.99325
-4.99534
-5.00177
-5.0099
-5.01535
-5.01658
-5.01497
-5.00959
-5.00386
-5.0029
-5.00387
-5.01011
-5.01866
-5.02776
-5.03599
-5.04442
-5.05165
-5.05946
-5.06949
-5.07991
-5.09345
-5.10823
-5.12435
-5.14246
-5.16149
-5.18067
-5.19826
-5.2117
-5.22063
-5.22403
-5.22516
-5.22221
-5.21886
-5.21606
-5.21504
-5.21555
-5.21556
-5.21206
-5.20526
-5.19283
-5.17775
-5.16334
-5.1513
-5.14681
-5.14768
-5.15237
-5.15642
-5.15635
-5.14979
-5.13835
-5.1228
-5.10851
-5.09966
-5.09622
-5.10079
-5.1077
-5.11775
-5.1275
-5.13709
-5.1444
-5.15175
-5.15737
-5.16179
-5.16668
-5.16977
-5.17207
-5.17525
-5.18007
-5.1865
-5.19374
-5.20468
-5.21671
-5.23025
-5.24449
-5.25554
-5.26229
-5.26322
-5.25637
-5.24393
-5.22685
-5.21042
-5.19582
-5.18372
-5.17568
-5.16691
-5.1571
-5.14499
-5.1321
-5.11967
-5.1087
-5.09931
-5.09106
-5.0827
-5.07655
-5.07092
-5.06854
-5.06919
-5.07285
-5.07861
-5.08549
-5.09498
-5.10464
-5.11376
-5.12107
-5.12522
-5.12403
-5.11979
-5.11397
-5.10496
-5.09421
-5.08135
-5.06708
-5.05398
-5.04134
-5.03318
-5.0263
-5.01893
-5.01035
-5.0031
-5.00565
-5.02132
-5.04335
-5.06469
-5.07902
-5.08478
-5.08511
-5.08325
-5.08154
-5.08162
-5.08144
-5.08039
-5.07389
-5.06176
-5.04392
-5.02113
-4.99719
-4.9741
-4.95851
-4.95205
-4.95556
-4.96862
-4.9885
-5.01116
-5.0331
-5.0528
-5.06723
-5.07677
-5.08201
-5.08481
-5.08938
-5.09547
-5.10389
-5.11277
-5.11956
-5.12363
-5.1243
-5.12084
-5.11466
-5.10357
-5.08999
-5.07447
-5.05639
-5.03681
-5.01613
-4.99294
-4.96872
-4.94388
-4.9198
-4.89735
-4.87882
-4.86664
-4.85968
-4.8588
-4.86689
-4.88145
-4.90165
-4.92675
-4.95619
-4.98406
-5.00933
-5.02902
-5.03913
-5.03954
-5.03296
-5.02121
-5.00987
-5.00298
-5.00323
-5.01085
-5.02121
-5.03446
-5.04668
-5.05662
-5.06123
-5.06307
-5.06182
-5.05837
-5.05381
-5.04657
-5.03748
-5.02457
-5.00876
-4.9924
-4.9773
-4.96199
-4.94882
-4.93761
-4.92964
-4.92377
-4.92146
-4.92282
-4.92951
-4.93756
-4.94979
-4.96602
-4.98608
-5.00839
-5.03232
-5.05453
-5.07235
-5.08692
-5.09532
-5.09601
-5.09227
-5.08402
-5.07419
-5.06477
-5.05661
-5.05104
-5.04929
-5.04898
-5.05157
-5.0558
-5.06325
-5.07341
-5.08212
-5.08809
-5.09118
-5.0903
-5.08653
-5.08423
-5.08874
-5.10102
-5.11877
-5.13872
-5.15473
-5.16263
-5.1599
-5.15085
-5.13611
-5.12028
-5.10576
-5.09413
-5.08569
-5.0805
-5.07678
-5.07421
-5.06906
-5.05938
-5.04755
-5.03216
-5.01771
-5.0026
-4.98884
-4.9757
-4.96507
-4.95883
-4.95602
-4.9595
-4.97057
-4.98732
-5.00746
-5.02792
-5.0454
-5.06109
-5.07163
-5.07698
-5.0774
-5.07312
-5.06502
-5.0539
-5.04412
-5.03967
-5.0428
-5.05468
-5.07242
-5.09255
-5.10956
-5.12296
-5.13272
-5.14085
-5.1484
-5.1602
-5.17493
-5.1891
-5.19665
-5.1986
-5.19299
-5.18291
-5.16734
-5.14987
-5.13364
-5.11819
-5.10455
-5.09421
-5.08925
-5.09002
-5.09371
-5.09844
-5.10081
-5.09639
-5.08379
-5.06608
-5.04379
-5.02119
-5.00005
-4.9811
-4.96539
-4.95244
-4.94241
-4.93798
-4.94046
-4.94963
-4.96458
-4.98438
-5.007
-5.02992
-5.05304
-5.07402
-5.09375
-5.10984
-5.12144
-5.12954
-5.13461
-5.13736
-5.13929
-5.14273
-5.14963
-5.16051
-5.17424
-5.19113
-5.20772
-5.22327
-5.23571
-5.24546
-5.24997
-5.24954
-5.24597
-5.2384
-5.22763
-5.21507
-5.20102
-5.18939
-5.17752
-5.16567
-5.15561
-5.14623
-5.13936
-5.13434
-5.13197
-5.13185
-5.13273
-5.1355
-5.13677
-5.13523
-5.12832
-5.11142
-5.08477
-5.05093
-5.01557
-4.98868
-4.9785
-4.98581
-5.00269
-5.02136
-5.03921
-5.05511
-5.06982
-5.08378
-5.09807
-5.11354
-5.12829
-5.14094
-5.15307
-5.15887
-5.15827
-5.14948
-5.13348
-5.11165
-5.0901
-5.07017
-5.05528
-5.04395
-5.03834
-5.0367
-5.03638
-5.03592
-5.0363
-5.03321
-5.02602
-5.01479
-5.00183
-4.9922
-4.9899
-4.99309
-5.0046
-5.02166
-5.04383
-5.06702
-5.09214
-5.11425
-5.12954
-5.13676
-5.13324
-5.12348
-5.1085
-5.09136
-5.07532
-5.06251
-5.05323
-5.0494
-5.0514
-5.05642
-5.06363
-5.07155
-5.07807
-5.08225
-5.08237
-5.07816
-5.0736
-5.07158
-5.07191
-5.08006
-5.09112
-5.10536
-5.11566
-5.12067
-5.11835
-5.10871
-5.09541
-5.08231
-5.07176
-5.0673
-5.07001
-5.07806
-5.09041
-5.10316
-5.11416
-5.11833
-5.11594
-5.10781
-5.09717
-5.09041
-5.09457
-5.10845
-5.13054
-5.15217
-5.17201
-5.18425
-5.19016
-5.18971
-5.18405
-5.17246
-5.15572
-5.13607
-5.11232
-5.08549
-5.05902
-5.03241
-5.00989
-4.99357
-4.9853
-4.98505
-4.99412
-5.00912
-5.02781
-5.04615
-5.0614
-5.07464
-5.08544
-5.0954
-5.10594
-5.11405
-5.11907
-5.11768
-5.11031
-5.09933
-5.08463
-5.0702
-5.05973
-5.05694
-5.06027
-5.06758
-5.07461
-5.08019
-5.08304
-5.0832
-5.08161
-5.08112
-5.08184
-5.08459
-5.08744
-5.08955
-5.09291
-5.09314
-5.08903
-5.0799
-5.06662
-5.05234
-5.03905
-5.03125
-5.02799
-5.03032
-5.03546
-5.03956
-5.04123
-5.04158
-5.04025
-5.03972
-5.04133
-5.0476
-5.05702
-5.06633
-5.07692
-5.08442
-5.08757
-5.08487
-5.07518
-5.06136
-5.0413
-5.01573
-4.9867
-4.95676
-4.93029
-4.91299
-4.90809
-4.91546
-4.93608
-4.96544
-4.99968
-5.03377
-5.06276
-5.08597
-5.10208
-5.11162
-5.11556
-5.11688
-5.11725
-5.11448
-5.11078
-5.10314
-5.09224
-5.0773
-5.05954
-5.03869
-5.01591
-4.99575
-4.98196
-4.97522
-4.97815
-4.98952
-5.00983
-5.03626
-5.06514
-5.09368
-5.12096
-5.14112
-5.15404
-5.15871
-5.15508
-5.14546
-5.12927
-5.11034
-5.09286
-5.07706
-5.06366
-5.05259
-5.04355
-5.03322
-5.02325
-5.00997
-4.99409
-4.97741
-4.96227
-4.95267
-4.95238
-4.96122
-4.97596
-4.99284
-5.00638
-5.0142
-5.01486
-5.01274
-5.01356
-5.01739
-5.02485
-5.03702
-5.04877
-5.05892
-5.06324
-5.06177
-5.05604
-5.04947
-5.04453
-5.04283
-5.04459
-5.05203
-5.06153
-5.07289
-5.08542
-5.09812
-5.10839
-5.11289
-5.11254
-5.10572
-5.09424
-5.07984
-5.06484
-5.05275
-5.04119
-5.03363
-5.02512
-5.01431
-4.99783
-4.97724
-4.9546
-4.93626
-4.92629
-4.92584
-4.93321
-4.94883
-4.96657
-4.98462
-4.99619
-5.00021
-4.99603
-4.98538
-4.97121
-4.95427
-4.93525
-4.91966
-4.91039
-4.90832
-4.91667
-4.93492
-4.95971
-4.98993
-5.01826
-5.04114
-5.05961
-5.07159
-5.08174
-5.08999
-5.10045
-5.11206
-5.12578
-5.13814
-5.14907
-5.15491
-5.15618
-5.15367
-5.14756
-5.14162
-5.13858
-5.13762
-5.13877
-5.13844
-5.13675
-5.13114
-5.12176
-5.10765
-5.09498
-5.08279
-5.07541
-5.06966
-5.06334
-5.05373
-5.04064
-5.0246
-5.00622
-4.98743
-4.97197
-4.96153
-4.9576
-4.95841
-4.96163
-4.96349
-4.96425
-4.96424
-4.96672
-4.97484
-4.98593
-4.99784
-5.00943
-5.01717
-5.02257
-5.02776
-5.03347
-5.04217
-5.05556
-5.07221
-5.08928
-5.10293
-5.11141
-5.11014
-5.09869
-5.07928
-5.0539
-5.02391
-4.99642
-4.978
-4.97628
-4.99127
-5.02259
-5.06448
-5.10946
-5.14881
-5.17857
-5.19534
-5.2007
-5.19671
-5.18853
-5.17894
-5.17211
-5.16539
-5.16195
-5.15752
-5.15326
-5.15046
-5.14991
-5.15074
-5.15354
-5.15797
-5.16159
-5.16389
-5.16501
-5.16446
-5.16121
-5.1561
-5.14887
-5.14065
-5.13375
-5.12647
-5.11962
-5.11551
-5.11073
-5.107
-5.10017
-5.08743
-5.06995
-5.04923
-5.02901
-5.01422
-5.00896
-5.01499
-5.02856
-5.04876
-5.06958
-5.08937
-5.1052
-5.11618
-5.12062
-5.11826
-5.11248
-5.10122
-5.08689
-5.07139
-5.05795
-5.04977
-5.04536
-5.04589
-5.0482
-5.05113
-5.05361
-5.05452
-5.05514
-5.05228
-5.04669
-5.0403
-5.03324
-5.02698
-5.02053
-5.01581
-5.01212
-5.00914
-5.00474
-5.00196
-4.99754
-4.9929
-4.98623
-4.97896
-4.97309
-4.96733
-4.96525
-4.96735
-4.97309
-4.98462
-5.00112
-5.02114
-5.04416
-5.06984
-5.09535
-5.12066
-5.14168
-5.15819
-5.16804
-5.17278
-5.16863
-5.15649
-5.13911
-5.11531
-5.08819
-5.06105
-5.03572
-5.0145
-4.99635
-4.98033
-4.96593
-4.95308
-4.94395
-4.93762
-4.93638
-4.93922
-4.94702
-4.95788
-4.97051
-4.98427
-4.99904
-5.01596
-5.03482
-5.05771
-5.08371
-5.11104
-5.13785
-5.16077
-5.17712
-5.18753
-5.18966
-5.18369
-5.17179
-5.15556
-5.13736
-5.1139
-5.08702
-5.05806
-5.02394
-4.99095
-4.96071
-4.93944
-4.92863
-4.93024
-4.9453
-4.96899
-4.99834
-5.03037
-5.05983
-5.08448
-5.10365
-5.11548
-5.11952
-5.11738
-5.11134
-5.10534
-5.09759
-5.08639
-5.06822
-5.04311
-5.01552
-4.99024
-4.97586
-4.97036
-4.97116
-4.97303
-4.97472
-4.97456
-4.97265
-4.97214
-4.97763
-4.98843
-5.00469
-5.02405
-5.04416
-5.06375
-5.07967
-5.09244
-5.10282
-5.10856
-5.11062
-5.11211
-5.11116
-5.10832
-5.10907
-5.11459
-5.12615
-5.13981
-5.15124
-5.15556
-5.15158
-5.13978
-5.12055
-5.09667
-5.06963
-5.04404
-5.02101
-5.00256
-4.99371
-4.99553
-5.01053
-5.03482
-5.0666
-5.09732
-5.1203
-5.13198
-5.13412
-5.12966
-5.1263
-5.12844
-5.1371
-5.14817
-5.15831
-5.16559
-5.1732
-5.18042
-5.18895
-5.19749
-5.20242
-5.20231
-5.19211
-5.1747
-5.15044
-5.12334
-5.0959
-5.07479
-5.05828
-5.04933
-5.045
-5.04368
-5.04417
-5.04675
-5.05171
-5.05976
-5.07121
-5.08356
-5.09686
-5.10421
-5.10752
-5.10353
-5.0925
-5.07461
-5.05226
-5.02851
-5.0071
-4.99271
-4.98489
-4.9813
-4.98093
-4.98248
-4.98534
-4.98916
-4.99534
-5.00376
-5.0116
-5.01662
-5.01783
-5.01385
-5.00688
-4.99707
-4.99056
-4.98941
-4.9981
-5.01472
-5.03621
-5.05884
-5.07831
-5.0933
-5.10376
-5.11028
-5.11285
-5.11241
-5.10935
-5.10308
-5.09566
-5.08404
-5.07172
-5.05943
-5.04918
-5.03966
-5.03233
-5.02918
-5.02984
-5.03283
-5.04012
-5.05097
-5.06457
-5.08019
-5.09788
-5.11435
-5.13088
-5.14618
-5.15787
-5.16298
-5.1612
-5.15278
-5.13985
-5.12579
-5.11224
-5.10531
-5.10269
-5.10495
-5.11124
-5.11715
-5.12192
-5.12404
-5.12315
-5.11998
-5.11527
-5.11059
-5.1085
-5.11282
-5.12127
-5.13373
-5.14603
-5.15685
-5.16522
-5.16902
-5.16599
-5.15726
-5.14069
-5.1196
-5.09654
-5.07728
-5.06386
-5.05943
-5.06144
-5.06831
-5.07639
-5.08226
-5.08458
-5.08138
-5.07163
-5.06042
-5.04749
-5.03695
-5.02835
-5.02267
-5.01673
-5.01301
-5.00958
-5.01075
-5.01743
-5.03512
-5.06107
-5.09171
-5.12266
-5.14736
-5.16479
-5.17203
-5.16967
-5.15781
-5.13693
-5.111
-5.08188
-5.05573
-5.0358
-5.02281
-5.01799
-5.01939
-5.02467
-5.02878
-5.03174
-5.03272
-5.03391
-5.03639
-5.0402
-5.04573
-5.05293
-5.06094
-5.06917
-5.0764
-5.0844
-5.09625
-5.11109
-5.1284
-5.14655
-5.1632
-5.17594
-5.18334
-5.18651
-5.18214
-5.17128
-5.15444
-5.13333
-5.10854
-5.08324
-5.05842
-5.03548
-5.01331
-4.99145
-4.97167
-4.95442
-4.94178
-4.93665
-4.93907
-4.94761
-4.95824
-4.97126
-4.98576
-5.00344
-5.02513
-5.05103
-5.07758
-5.10336
-5.12364
-5.13455
-5.13554
-5.12678
-5.11049
-5.08878
-5.06981
-5.05587
-5.0499
-5.0524
-5.06225
-5.07714
-5.09599
-5.11446
-5.12889
-5.13826
-5.14156
-5.13817
-5.13175
-5.12357
-5.11271
-5.10217
-5.09356
-5.08636
-5.08417
-5.08794
-5.09601
-5.10484
-5.11569
-5.12248
-5.12413
-5.11929
-5.10785
-5.0936
-5.07569
-5.06034
-5.04608
-5.03541
-5.02872
-5.02626
-5.02785
-5.03678
-5.05011
-5.06796
-5.08612
-5.10045
-5.10775
-5.10456
-5.09251
-5.06809
-5.03931
-5.00826
-4.98379
-4.97443
-4.97963
-4.99607
-5.02155
-5.0506
-5.07998
-5.10508
-5.12641
-5.13975
-5.14791
-5.15389
-5.15865
-5.16337
-5.17156
-5.18373
-5.19672
-5.20701
-5.21252
-5.20983
-5.20105
-5.18908
-5.17719
-5.16758
-5.16034
-5.15607
-5.15126
-5.14444
-5.13367
-5.12115
-5.10631
-5.09287
-5.08429
-5.08131
-5.07983
-5.08171
-5.08444
-5.0854
-5.08296
-5.07908
-5.07637
-5.07594
-5.07874
-5.08388
-5.09006
-5.09601
-5.09727
-5.09519
-5.08772
-5.07657
-5.06061
-5.03814
-5.01168
-4.98114
-4.95003
-4.92403
-4.90918
-4.90783
-4.91696
-4.93502
-4.95603
-4.97466
-4.99037
-5.00183
-5.01067
-5.01936
-5.02719
-5.03707
-5.04764
-5.05701
-5.06414
-5.06712
-5.06659
-5.06066
-5.05005
-5.03636
-5.0197
-5.00364
-4.99009
-4.98393
-4.98567
-4.99813
-5.01869
-5.04574
-5.07424
-5.10199
-5.12505
-5.14289
-5.15408
-5.15963
-5.15996
-5.15681
-5.14951
-5.13943
-5.12643
-5.11531
-5.10489
-5.09604
-5.08951
-5.08457
-5.07888
-5.07131
-5.0591
-5.04445
-5.02672
-5.01058
-4.99702
-4.99144
-4.99745
-5.01306
-5.03752
-5.06896
-5.10029
-5.13113
-5.15537
-5.17265
-5.17893
-5.17434
-5.15903
-5.13857
-5.11601
-5.09369
-5.07151
-5.05031
-5.03063
-5.01179
-4.99496
-4.98241
-4.97533
-4.97433
-4.97782
-4.98549
-4.99642
-5.01105
-5.0276
-5.04505
-5.05969
-5.07085
-5.07635
-5.07401
-5.06496
-5.05121
-5.03573
-5.01783
-5.00173
-4.98922
-4.98152
-4.98313
-4.9957
-5.02012
-5.05255
-5.08734
-5.1171
-5.13805
-5.15001
-5.15257
-5.14829
-5.14094
-5.13133
-5.1225
-5.11521
-5.10924
-5.10312
-5.09484
-5.08739
-5.07734
-5.06586
-5.05401
-5.044
-5.03479
-5.02621
-5.02023
-5.01751
-5.01792
-5.0193
-5.02399
-5.02924
-5.03743
-5.04667
-5.0568
-5.07003
-5.08514
-5.09988
-5.11559
-5.1256
-5.1282
-5.12316
-5.1104
-5.09328
-5.07567
-5.06088
-5.04988
-5.04065
-5.03301
-5.02296
-5.00834
-4.98759
-4.9646
-4.9408
-4.92088
-4.91069
-4.91411
-4.92871
-4.9494
-4.9718
-4.99227
-5.01015
-5.02397
-5.03243
-5.03624
-5.03617
-5.03271
-5.02443
-5.01411
-5.00222
-4.99118
-4.98927
-4.99877
-5.01616
-5.03416
-5.04379
-5.04315
-5.0288
-5.00584
-4.97771
-4.95043
-4.92963
-4.9223
-4.92848
-4.94536
-4.96783
-4.98858
-5.00225
-5.00261
-4.99247
-4.97253
-4.94851
-4.92698
-4.91265
-4.90764
-4.90887
-4.91613
-4.92507
-4.93627
-4.94945
-4.96399
-4.97959
-4.99612
-5.01497
-5.03233
-5.04682
-5.05263
-5.05117
-5.0408
-5.02475
-5.00527
-4.98177
-4.9573
-4.92994
-4.90275
-4.87856
-4.86066
-4.85491
-4.86198
-4.88372
-4.91243
-4.94345
-4.97296
-4.9998
-5.01971
-5.0366
-5.04602
-5.05101
-5.05073
-5.04878
-5.04836
-5.05088
-5.05692
-5.06596
-5.07493
-5.08193
-5.08647
-5.08991
-5.092
-5.09387
-5.09927
-5.10705
-5.11739
-5.12417
-5.12773
-5.12443
-5.11317
-5.09536
-5.07222
-5.04847
-5.02788
-5.01211
-5.00319
-4.99934
-4.9974
-4.99794
-4.99818
-4.99795
-4.99769
-4.99966
-5.00382
-5.01199
-5.02405
-5.03824
-5.05408
-5.07045
-5.0847
-5.09397
-5.09773
-5.09501
-5.08451
-5.06718
-5.04591
-5.02361
-5.00219
-4.98279
-4.9662
-4.95333
-4.94608
-4.94405
-4.94714
-4.95626
-4.97234
-4.99288
-5.01757
-5.04408
-5.07061
-5.09402
-5.11471
-5.13022
-5.13833
-5.13923
-5.13234
-5.11912
-5.10076
-5.08174
-5.06586
-5.05585
-5.05335
-5.05536
-5.05921
-5.06042
-5.0578
-5.05111
-5.03972
-5.02634
-5.01234
-5.00225
-4.99636
-4.99503
-4.99505
-4.99451
-4.99203
-4.9883
-4.98445
-4.98001
-4.97341
-4.96459
-4.95246
-4.93641
-4.91665
-4.89377
-4.87015
-4.84899
-4.83327
-4.82849
-4.83557
-4.85418
-4.88096
-4.91372
-4.94783
-4.98061
-5.0097
-5.03623
-5.05913
-5.07864
-5.09173
-5.10157
-5.10773
-5.11079
-5.11202
-5.11089
-5.10828
-5.10433
-5.09924
-5.09181
-5.083
-5.07107
-5.05921
-5.04311
-5.02551
-5.00745
-4.99055
-4.97984
-4.97798
-4.9871
-5.00278
-5.02096
-5.03823
-5.05091
-5.0566
-5.05754
-5.05445
-5.05021
-5.04818
-5.05317
-5.06742
-5.08755
-5.10691
-5.12045
-5.12813
-5.12928
-5.12543
-5.11582
-5.09965
-5.07955
-5.05527
-5.03138
-5.01153
-4.99827
-4.99392
-4.99855
-5.011
-5.02974
-5.05006
-5.06997
-5.0861
-5.09952
-5.10517
-5.10634
-5.10477
-5.09757
-5.08854
-5.07766
-5.06353
-5.05009
-5.03539
-5.02806
-5.02772
-5.03439
-5.04731
-5.06431
-5.08114
-5.09463
-5.10462
-5.10868
-5.10781
-5.10245
-5.09371
-5.08437
-5.07576
-5.07011
-5.06559
-5.06279
-5.06291
-5.06497
-5.07043
-5.07648
-5.08283
-5.09096
-5.09826
-5.10446
-5.1103
-5.11181
-5.11089
-5.10703
-5.10156
-5.09277
-5.08444
-5.07655
-5.07244
-5.07018
-5.07099
-5.07491
-5.07978
-5.08727
-5.09823
-5.11084
-5.12584
-5.13881
-5.14814
-5.1515
-5.1469
-5.13982
-5.13171
-5.12403
-5.11879
-5.11544
-5.11112
-5.10726
-5.10377
-5.09874
-5.0925
-5.08316
-5.06547
-5.03854
-5.0046
-4.97076
-4.93813
-4.91344
-4.901
-4.90101
-4.91233
-4.93397
-4.96105
-4.99118
-5.01932
-5.04338
-5.06103
-5.07192
-5.07618
-5.07358
-5.06425
-5.05029
-5.03457
-5.01762
-5.00166
-4.98833
-4.97702
-4.97157
-4.97059
-4.97404
-4.97914
-4.98461
-4.99025
-4.99815
-5.00779
-5.02391
-5.04423
-5.0677
-5.09226
-5.11849
-5.14709
-5.17472
-5.20202
-5.22426
-5.24161
-5.24807
-5.24249
-5.22516
-5.19677
-5.16138
-5.12322
-5.0886
-5.06366
-5.04808
-5.04584
-5.05469
-5.07275
-5.09602
-5.12084
-5.14301
-5.16002
-5.17023
-5.17425
-5.17218
-5.16553
-5.15537
-5.14437
-5.13262
-5.12317
-5.11529
-5.1109
-5.10816
-5.10927
-5.11432
-5.12343
-5.13668
-5.15107
-5.16452
-5.17142
-5.17044
-5.1622
-5.14631
-5.12558
-5.09986
-5.0727
-5.04767
-5.0281
-5.01635
-5.013
-5.01773
-5.0288
-5.04455
-5.06384
-5.08294
-5.10364
-5.12331
-5.14119
-5.1564
-5.16742
-5.17321
-5.16991
-5.15583
-5.13058
-5.09772
-5.05618
-5.01064
-4.9613
-4.91447
-4.87233
-4.84136
-4.82654
-4.82617
-4.83694
-4.85396
-4.87368
-4.89056
-4.90667
-4.92583
-4.94682
-4.97235
-5.00284
-5.03739
-5.07456
-5.11146
-5.14147
-5.16394
-5.17307
-5.1689
-5.15451
-5.13231
-5.10595
-5.08312
-5.06705
-5.05938
-5.06159
-5.07279
-5.08874
-5.10341
-5.1142
-5.11754
-5.11361
-5.1014
-5.07982
-5.05061
-5.01804
-4.98718
-4.96622
-4.95978
-4.97027
-4.99437
-5.02396
-5.05292
-5.07813
-5.09784
-5.11246
-5.12191
-5.12644
-5.12574
-5.11818
-5.10605
-5.09109
-5.07405
-5.05362
-5.03524
-5.01992
-5.00893
-5.00668
-5.01215
-5.02234
-5.03288
-5.03959
-5.04168
-5.03941
-5.03359
-5.0288
-5.02683
-5.02905
-5.03672
-5.05025
-5.06507
-5.08091
-5.09534
-5.10843
-5.11875
-5.12671
-5.13078
-5.13118
-5.12634
-5.11694
-5.1056
-5.09547
-5.0892
-5.09091
-5.09879
-5.11019
-5.12162
-5.13076
-5.13833
-5.14455
-5.14851
-5.1514
-5.15171
-5.15327
-5.15389
-5.15501
-5.15293
-5.14603
-5.13398
-5.11773
-5.10065
-5.08713
-5.07732
-5.07306
-5.0707
-5.06674
-5.05602
-5.03769
-5.01125
-4.9803
-4.95153
-4.9278
-4.91801
-4.9234
-4.94377
-4.97298
-5.00257
-5.02906
-5.04695
-5.05722
-5.06206
-5.06588
-5.06696
-5.06802
-5.06655
-5.06146
-5.05279
-5.03873
-5.02134
-5.00224
-4.98517
-4.97119
-4.96426
-4.96197
-4.9652
-4.97226
-4.98079
-4.99021
-5.00105
-5.01193
-5.02349
-5.03708
-5.05099
-5.06199
-5.07047
-5.07411
-5.07188
-5.06228
-5.04912
-5.03299
-5.01723
-5.00547
-5.00055
-4.99968
-5.00346
-5.00904
-5.01547
-5.02088
-5.02403
-5.02591
-5.02206
-5.01257
-4.99925
-4.98703
-4.98256
-4.9872
-5.00137
-5.01805
-5.02944
-5.035
-5.03325
-5.02612
-5.0183
-5.01077
-5.00771
-5.00807
-5.00958
-5.00975
-5.00788
-4.99931
-4.98667
-4.97275
-4.96172
-4.95949
-4.96995
-4.99057
-5.01767
-5.04293
-5.06374
-5.07687
-5.08043
-5.07549
-5.06528
-5.05343
-5.04066
-5.03225
-5.02794
-5.02654
-5.02639
-5.02523
-5.02324
-5.02444
-5.02793
-5.03564
-5.04504
-5.05516
-5.06497
-5.0707
-5.07445
-5.07536
-5.07313
-5.07109
-5.06819
-5.06528
-5.06094
-5.05562
-5.05078
-5.04769
-5.04792
-5.05498
-5.06594
-5.07818
-5.09301
-5.10466
-5.11446
-5.12259
-5.12837
-5.13462
-5.14103
-5.14882
-5.15808
-5.17
-5.1795
-5.18628
-5.18688
-5.18198
-5.16995
-5.15261
-5.13097
-5.10553
-5.0787
-5.05314
-5.03142
-5.01508
-5.00381
-4.99877
-4.99997
-5.0065
-5.01906
-5.03328
-5.04847
-5.06114
-5.06965
-5.07338
-5.07504
-5.07619
-5.07371
-5.06851
-5.05902
-5.0453
-5.02885
-5.01165
-4.99767
-4.98852
-4.98661
-4.99291
-5.0039
-5.01827
-5.0333
-5.04853
-5.06286
-5.07949
-5.09669
-5.11268
-5.12552
-5.13003
-5.12855
-5.1177
-5.10094
-5.08417
-5.06757
-5.05396
-5.04261
-5.03237
-5.02276
-5.01044
-4.99826
-4.98267
-4.96726
-4.95041
-4.9329
-4.91551
-4.90184
-4.89452
-4.89744
-4.91319
-4.94095
-4.97986
-5.02442
-5.07283
-5.11796
-5.15653
-5.18566
-5.20356
-5.21268
-5.21419
-5.20972
-5.20166
-5.19226
-5.18293
-5.17423
-5.16341
-5.15093
-5.13694
-5.12347
-5.11129
-5.10418
-5.10236
-5.10517
-5.10914
-5.11142
-5.10823
-5.09942
-5.08463
-5.06574
-5.04896
-5.03777
-5.03351
-5.03672
-5.0441
-5.05224
-5.05962
-5.06331
-5.05933
-5.04852
-5.02865
-5.00303
-4.97477
-4.94821
-4.93344
-4.93243
-4.94599
-4.96955
-4.99828
-5.02737
-5.05587
-5.08079
-5.10147
-5.11328
-5.11538
-5.10711
-5.08707
-5.06139
-5.03302
-5.00673
-4.98918
-4.9823
-4.98293
-4.99174
-5.00473
-5.01796
-5.02905
-5.03478
-5.03389
-5.02478
-5.01137
-4.99345
-4.97478
-4.95536
-4.94039
-4.93034
-4.92573
-4.928
-4.9366
-4.94942
-4.96638
-4.98573
-5.00663
-5.02831
-5.04819
-5.06657
-5.07842
-5.08266
-5.07751
-5.06046
-5.03631
-5.00814
-4.9815
-4.96305
-4.957
-4.95902
-4.96953
-4.98729
-5.0093
-5.03604
-5.06723
-5.10023
-5.13078
-5.15743
-5.17604
-5.18578
-5.18598
-5.18332
-5.18122
-5.18019
-5.18584
-5.19459
-5.20497
-5.2153
-5.22385
-5.23175
-5.23707
-5.23946
-5.23665
-5.23112
-5.22009
-5.20509
-5.18965
-5.17187
-5.15531
-5.14179
-5.12799
-5.11484
-5.10219
-5.08863
-5.07497
-5.06196
-5.05072
-5.042
-5.03481
-5.03128
-5.03099
-5.03214
-5.03503
-5.03652
-5.03747
-5.03595
-5.0305
-5.02225
-5.01153
-5.00432
-5.00222
-5.00654
-5.01632
-5.02922
-5.04013
-5.04674
-5.05025
-5.04935
-5.04649
-5.0418
-5.03804
-5.03603
-5.03321
-5.02951
-5.0247
-5.01839
-5.01277
-5.00736
-5.00151
-4.9997
-4.99996
-4.99944
-5.00079
-5.00485
-5.00928
-5.01816
-5.02847
-5.03916
-5.04708
-5.05031
-5.04688
-5.0371
-5.02397
-5.00921
-4.99644
-4.98799
-4.98624
-4.99163
-4.99909
-5.00555
-5.00576
-4.99862
-4.98326
-4.96478
-4.94789
-4.93564
-4.93528
-4.94342
-4.95879
-4.97631
-4.9898
-4.9985
-5.0021
-5.00276
-5.00283
-5.00783
-5.01833
-5.03576
-5.05913
-5.08684
-5.11428
-5.14102
-5.16467
-5.18417
-5.19935
-5.20811
-5.21132
-5.20598
-5.19629
-5.17987
-5.15884
-5.13744
-5.11734
-5.10035
-5.08618
-5.07372
-5.0637
-5.0555
-5.04801
-5.04198
-5.03373
-5.02521
-5.01259
-4.99671
-4.98028
-4.96368
-4.95148
-4.94499
-4.94444
-4.9524
-4.96739
-4.98482
-5.00331
-5.01923
-5.03227
-5.04085
-5.0455
-5.04574
-5.045
-5.04229
-5.0417
-5.04069
-5.04057
-5.04041
-5.04128
-5.042
-5.04719
-5.05602
-5.06955
-5.08608
-5.1032
-5.12026
-5.13678
-5.15204
-5.16507
-5.17523
-5.18401
-5.1898
-5.19311
-5.19461
-5.19411
-5.18955
-5.18265
-5.17272
-5.16077
-5.14654
-5.13171
-5.11943
-5.1085
-5.09995
-5.09418
-5.08944
-5.0851
-5.07745
-5.06506
-5.04749
-5.02458
-4.99944
-4.9793
-4.96716
-4.96235
-4.96261
-4.96614
-4.97252
-4.98004
-4.99037
-5.0022
-5.01882
-5.03801
-5.05789
-5.07671
-5.09334
-5.10727
-5.11927
-5.12966
-5.13904
-5.14639
-5.15142
-5.15093
-5.1444
-5.13262
-5.11591
-5.09474
-5.07127
-5.04679
-5.02286
-5.00022
-4.97892
-4.95634
-4.93702
-4.91853
-4.90584
-4.89946
-4.90334
-4.91595
-4.93347
-4.95319
-4.97193
-4.98749
-4.9967
-4.99864
-4.99458
-4.98751
-4.97627
-4.96258
-4.94839
-4.93415
-4.92206
-4.91565
-4.91651
-4.92624
-4.94573
-4.97505
-5.01084
-5.04985
-5.08434
-5.10863
-5.11945
-5.11788
-5.10599
-5.08786
-5.06758
-5.04957
-5.03428
-5.02393
-5.01827
-5.01724
-5.0208
-5.02781
-5.03613
-5.04572
-5.05508
-5.06472
-5.07377
-5.08546
-5.0982
-5.11263
-5.12802
-5.14079
-5.15156
-5.1579
-5.16005
-5.15584
-5.14865
-5.13626
-5.11894
-5.09712
-5.07254
-5.04652
-5.02391
-5.00944
-5.00509
-5.00872
-5.01837
-5.03005
-5.03776
-5.03946
-5.03299
-5.01772
-4.99589
-4.97326
-4.95481
-4.94694
-4.95132
-4.96556
-4.98631
-5.00711
-5.02554
-5.04114
-5.05263
-5.05964
-5.06345
-5.06678
-5.06546
-5.0626
-5.05832
-5.05464
-5.05237
-5.05245
-5.05493
-5.06045
-5.06646
-5.07129
-5.07424
-5.08029
-5.08679
-5.09596
-5.10555
-5.11385
-5.11612
-5.11292
-5.1029
-5.08965
-5.07611
-5.06388
-5.05339
-5.04447
-5.03783
-5.03518
-5.03441
-5.03558
-5.03816
-5.04331
-5.05125
-5.06366
-5.07656
-5.08927
-5.09471
-5.08978
-5.07376
-5.04488
-5.00821
-4.9675
-4.92891
-4.90016
-4.88317
-4.87686
-4.88076
-4.89211
-4.90465
-4.91865
-4.93239
-4.94285
-4.94947
-4.95267
-4.95323
-4.9522
-4.95362
-4.9595
-4.97377
-4.99225
-5.01441
-5.03495
-5.05
-5.05846
-5.06158
-5.06256
-5.0611
-5.06218
-5.06468
-5.06959
-5.07688
-5.08542
-5.09236
-5.09809
-5.10094
-5.10246
-5.09837
-5.09451
-5.08622
-5.07699
-5.06839
-5.06308
-5.05917
-5.06029
-5.06722
-5.07907
-5.09534
-5.11703
-5.13914
-5.15906
-5.17169
-5.17544
-5.16879
-5.15829
-5.14492
-5.13263
-5.12243
-5.11684
-5.11616
-5.12063
-5.12871
-5.13599
-5.14232
-5.14816
-5.15062
-5.15034
-5.15131
-5.15165
-5.15391
-5.15577
-5.15741
-5.16132
-5.16628
-5.17199
-5.1774
-5.18103
-5.182
-5.18157
-5.17899
-5.17787
-5.17677
-5.17356
-5.16723
-5.15606
-5.14175
-5.12371
-5.10498
-5.08914
-5.07781
-5.07098
-5.0713
-5.07755
-5.0924
-5.11385
-5.13839
-5.16699
-5.19342
-5.21451
-5.22782
-5.23328
-5.2312
-5.22301
-5.20841
-5.18983
-5.16707
-5.1413
-5.11367
-5.08837
-5.06513
-5.04659
-5.03296
-5.02468
-5.02148
-5.0215
-5.02471
-5.03283
-5.04539
-5.0616
-5.08013
-5.09938
-5.11577
-5.12766
-5.13593
-5.1386
-5.13692
-5.1329
-5.12623
-5.11783
-5.10971
-5.10114
-5.09305
-5.08706
-5.0813
-5.07825
-5.07805
-5.08149
-5.087
-5.09465
-5.10338
-5.11173
-5.12067
-5.12947
-5.13582
-5.14422
-5.15182
-5.16038
-5.1646
-5.16395
-5.15476
-5.13875
-5.11675
-5.08961
-5.06077
-5.03302
-5.00822
-4.98941
-4.97878
-4.9805
-4.99518
-5.01828
-5.04816
-5.07938
-5.10943
-5.13481
-5.15474
-5.1679
-5.17388
-5.17277
-5.16292
-5.14441
-5.11673
-5.08102
-5.03998
-4.99587
-4.95323
-4.91541
-4.88722
-4.87001
-4.86529
-4.86965
-4.88281
-4.90079
-4.92238
-4.94421
-4.96644
-4.98736
-5.00553
-5.0212
-5.0329
-5.0397
-5.04086
-5.03943
-5.03875
-5.03617
-5.03315
-5.02849
-5.02327
-5.01859
-5.01344
-5.01172
-5.01129
-5.01435
-5.01699
-5.02115
-5.02139
-5.02408
-5.0282
-5.03592
-5.04509
-5.05566
-5.06514
-5.0724
-5.07688
-5.07661
-5.07265
-5.06703
-5.06215
-5.06163
-5.0657
-5.07359
-5.0854
-5.0966
-5.10576
-5.11235
-5.11509
-5.1131
-5.10887
-5.10173
-5.09295
-5.08341
-5.07134
-5.05991
-5.04786
-5.03562
-5.02462
-5.01407
-5.00508
-5.00162
-5.0044
-5.01382
-5.02842
-5.04399
-5.06113
-5.07364
-5.08185
-5.08505
-5.08262
-5.0746
-5.06451
-5.05207
-5.03724
-5.02238
-5.00783
-4.99895
-4.99209
-4.98974
-4.98937
-4.99172
-4.99217
-4.99301
-4.99485
-4.99849
-5.00531
-5.01465
-5.02584
-5.03882
-5.05312
-5.06567
-5.07681
-5.08482
-5.088
-5.0864
-5.0818
-5.0729
-5.0657
-5.05632
-5.04926
-5.04616
-5.04726
-5.05524
-5.0708
-5.09256
-5.1153
-5.13791
-5.15507
-5.16572
-5.16803
-5.16101
-5.14826
-5.13021
-5.11101
-5.09322
-5.07833
-5.07136
-5.07021
-5.07536
-5.08282
-5.08618
-5.08268
-5.06961
-5.04917
-5.02544
-5.00352
-4.98941
-4.98118
-4.9767
-4.97348
-4.97238
-4.97122
-4.97741
-4.98975
-5.01158
-5.03943
-5.07204
-5.10369
-5.13302
-5.15912
-5.18048
-5.19329
-5.19841
-5.19397
-5.18381
-5.16653
-5.1448
-5.12088
-5.09651
-5.07551
-5.05765
-5.047
-5.04722
-5.0555
-5.07148
-5.09077
-5.11002
-5.128
-5.14226
-5.15233
-5.15554
-5.15246
-5.14429
-5.13165
-5.11785
-5.10566
-5.09896
-5.09803
-5.10376
-5.11404
-5.12937
-5.14901
-5.16952
-5.1889
-5.20533
-5.21628
-5.22227
-5.22099
-5.21128
-5.19137
-5.16389
-5.13038
-5.09821
-5.07283
-5.05955
-5.05815
-5.06369
-5.07094
-5.07986
-5.08963
-5.10069
-5.11286
-5.12517
-5.13327
-5.13644
-5.13314
-5.12227
-5.1035
-5.08146
-5.063
-5.05222
-5.04852
-5.04758
-5.0452
-5.03996
-5.03079
-5.01965
-5.00879
-4.99938
-4.99281
-4.99201
-4.99871
-5.01378
-5.03469
-5.05951
-5.08555
-5.1088
-5.12824
-5.14329
-5.15259
-5.15946
-5.16097
-5.16069
-5.15785
-5.15078
-5.14149
-5.13151
-5.12399
-5.12061
-5.12229
-5.1304
-5.1415
-5.15255
-5.16203
-5.16454
-5.16255
-5.15584
-5.14613
-5.13278
-5.11767
-5.09922
-5.08279
-5.06853
-5.05828
-5.05241
-5.05138
-5.05111
-5.05022
-5.04535
-5.03481
-5.01959
-5.00099
-4.98354
-4.97321
-4.97476
-4.99407
-5.02772
-5.06728
-5.10765
-5.14314
-5.16678
-5.18148
-5.18695
-5.18634
-5.18384
-5.18246
-5.18583
-5.19529
-5.20988
-5.22657
-5.24378
-5.25817
-5.26835
-5.27162
-5.2657
-5.25152
-5.22929
-5.20321
-5.1755
-5.14984
-5.12746
-5.10727
-5.09263
-5.08426
-5.08278
-5.08634
-5.09288
-5.09872
-5.1022
-5.10188
-5.09857
-5.09573
-5.09323
-5.08988
-5.08595
-5.08384
-5.07981
-5.07469
-5.06859
-5.06017
-5.05155
-5.04304
-5.03741
-5.03364
-5.0313
-5.02947
-5.02929
-5.02898
-5.0306
-5.03383
-5.03894
-5.04291
-5.04755
-5.05146
-5.05152
-5.05058
-5.04757
-5.0436
-5.03959
-5.03833
-5.03936
-5.04155
-5.04461
-5.04462
-5.04208
-5.03708
-5.03193
-5.03047
-5.03749
-5.05351
-5.07696
-5.10512
-5.13157
-5.15343
-5.16424
-5.16436
-5.15795
-5.1455
-5.13088
-5.11557
-5.09941
-5.08363
-5.0698
-5.05955
-5.05252
-5.05042
-5.05388
-5.0628
-5.07746
-5.0981
-5.12309
-5.14971
-5.17304
-5.18984
-5.19731
-5.1942
-5.17966
-5.15901
-5.13479
-5.11485
-5.10037
-5.08907
-5.08055
-5.07376
-5.06525
-5.05598
-5.046
-5.03669
-5.0287
-5.02175
-5.01555
-5.01238
-5.011
-5.0115
-5.01799
-5.02954
-5.04732
-5.06958
-5.09254
-5.11216
-5.12734
-5.13568
-5.13566
-5.12926
-5.11658
-5.10031
-5.08217
-5.0624
-5.04303
-5.02682
-5.01251
-5.00267
-4.99677
-4.99735
-5.00158
-5.01347
-5.02952
-5.05093
-5.07605
-5.10069
-5.12181
-5.13563
-5.14076
-5.13856
-5.12889
-5.11585
-5.10223
-5.08894
-5.07517
-5.06212
-5.04591
-5.02804
-5.00996
-4.99653
-4.9909
-4.99717
-5.01023
-5.0269
-5.04452
-5.05927
-5.07297
-5.08426
-5.09275
-5.09874
-5.1015
-5.09989
-5.09375
-5.08453
-5.07104
-5.05668
-5.04281
-5.02944
-5.02084
-5.01873
-5.02062
-5.02438
-5.02809
-5.03201
-5.03352
-5.03332
-5.03366
-5.03361
-5.03533
-5.03683
-5.03886
-5.04156
-5.04293
-5.04232
-5.03956
-5.03616
-5.03202
-5.02961
-5.02835
-5.02831
-5.02879
-5.02761
-5.02328
-5.02019
-5.01883
-5.02381
-5.03247
-5.04897
-5.07097
-5.09537
-5.12316
-5.15137
-5.17818
-5.20334
-5.22692
-5.24797
-5.26517
-5.27755
-5.28371
-5.28182
-5.27398
-5.25797
-5.23552
-5.20425
-5.16805
-5.1294
-5.09356
-5.06082
-5.03512
-5.01706
-5.0059
-5.00028
-5.00075
-5.00326
-5.01064
-5.01846
-5.02876
-5.03772
-5.04482
-5.05302
-5.06035
-5.06862
-5.0785
-5.09147
-5.10667
-5.12377
-5.13696
-5.14554
-5.1449
-5.13571
-5.12068
-5.10116
-5.07896
-5.05601
-5.03661
-5.02198
-5.01275
-5.01006
-5.00963
-5.01321
-5.01988
-5.02727
-5.03715
-5.05044
-5.06559
-5.08403
-5.10506
-5.12944
-5.15173
-5.17025
-5.18189
-5.18356
-5.17317
-5.1508
-5.11819
-5.08201
-5.05167
-5.03361
-5.02359
-5.01696
-5.01002
-5.00472
-5.00493
-5.01286
-5.02755
-5.04597
-5.06223
-5.07376
-5.07982
-5.07874
-5.0706
-5.05591
-5.03538
-5.00953
-4.97902
-4.94728
-4.91665
-4.89008
-4.87522
-4.87512
-4.89294
-4.92648
-4.97114
-5.01749
-5.05967
-5.09147
-5.10955
-5.11544
-5.10851
-5.09254
-5.06957
-5.0403
-5.00921
-4.97688
-4.94569
-4.91897
-4.89872
-4.88844
-4.88993
-4.9001
-4.91872
-4.94429
-4.97654
-5.01313
-5.04896
-5.0789
-5.09956
-5.10992
-5.10859
-5.10039
-5.08629
-5.07033
-5.05359
-5.03473
-5.01509
-4.99631
-4.98158
-4.97383
-4.97407
-4.97922
-4.99006
-5.00356
-5.02172
-5.04401
-5.07069
-5.09578
-5.11544
-5.12696
-5.12993
-5.12271
-5.10936
-5.08744
-5.06238
-5.03535
-5.01069
-4.98706
-4.96699
-4.94829
-4.93346
-4.92274
-4.91877
-4.92542
-4.94421
-4.97579
-5.01416
-5.05042
-5.07795
-5.09165
-5.09183
-5.08323
-5.06951
-5.05523
-5.04113
-5.03121
-5.02427
-5.02274
-5.02825
-5.03847
-5.05052
-5.06398
-5.07703
-5.09104
-5.10683
-5.12431
-5.14569
-5.16878
-5.19049
-5.21027
-5.22305
-5.23067
-5.23034
-5.22093
-5.20594
-5.18408
-5.15906
-5.13352
-5.10855
-5.08735
-5.07246
-5.06355
-5.06117
-5.05928
-5.0608
-5.06331
-5.06825
-5.07329
-5.07783
-5.08352
-5.09076
-5.09766
-5.10262
-5.10621
-5.10565
-5.10171
-5.09446
-5.0831
-5.07264
-5.06268
-5.05358
-5.04523
-5.03876
-5.0312
-5.02425
-5.01879
-5.01834
-5.01998
-5.02532
-5.03417
-5.04714
-5.06243
-5.08172
-5.10174
-5.12146
-5.13758
-5.14792
-5.15115
-5.1485
-5.14218
-5.13525
-5.13321
-5.13637
-5.14699
-5.16111
-5.17815
-5.19352
-5.20699
-5.21587
-5.2212
-5.21977
-5.2133
-5.20207
-5.18439
-5.16093
-5.13187
-5.09794
-5.06231
-5.02813
-5.00035
-4.98177
-4.9759
-4.97897
-4.98845
-5.00089
-5.01101
-5.01874
-5.02255
-5.02461
-5.02545
-5.02576
-5.02774
-5.028
-5.02649
-5.02536
-5.02161
-5.01583
-5.00726
-4.99625
-4.98652
-4.97919
-4.97605
-4.9771
-4.98246
-4.99124
-5.00342
-5.01939
-5.03939
-5.06329
-5.0917
-5.11925
-5.14093
-5.15617
-5.1631
-5.16221
-5.15574
-5.14757
-5.14038
-5.13414
-5.12876
-5.1211
-5.11464
-5.10942
-5.10412
-5.10059
-5.10058
-5.10343
-5.10527
-5.10413
-5.09735
-5.08691
-5.07747
-5.07244
-5.07324
-5.0812
-5.09473
-5.10805
-5.11913
-5.12278
-5.1195
-5.10658
-5.08748
-5.06436
-5.04278
-5.02671
-5.01833
-5.0151
-5.01792
-5.02261
-5.02753
-5.03336
-5.03834
-5.04308
-5.0492
-5.05548
-5.06343
-5.07202
-5.07989
-5.0861
-5.08982
-5.09189
-5.09693
-5.10291
-5.10915
-5.1133
-5.1125
-5.10638
-5.09803
-5.09364
-5.09567
-5.10212
-5.1139
-5.13083
-5.1534
-5.17894
-5.20584
-5.22989
-5.25028
-5.26681
-5.27978
-5.28954
-5.2953
-5.29629
-5.29072
-5.27768
-5.25668
-5.22878
-5.19378
-5.15405
-5.11441
-5.07842
-5.05061
-5.03529
-5.0361
-5.05194
-5.08175
-5.11852
-5.1574
-5.19348
-5.2192
-5.23202
-5.2309
-5.21644
-5.19247
-5.15923
-5.12144
-5.07924
-5.04065
-5.00394
-4.97724
-4.96329
-4.96159
-4.97116
-4.98957
-5.01233
-5.03395
-5.05071
-5.06064
-5.0645
-5.06518
-5.06384
-5.06236
-5.0609
-5.05997
-5.05733
-5.05486
-5.05385
-5.05789
-5.06553
-5.07543
-5.08292
-5.08546
-5.08109
-5.06967
-5.05416
-5.035
-5.01711
-5.00158
-4.98795
-4.97635
-4.96703
-4.95979
-4.95287
-4.94409
-4.93389
-4.92205
-4.91558
-4.91875
-4.93082
-4.9466
-4.96225
-4.97493
-4.98407
-4.98919
-4.99258
-4.9924
-4.98999
-4.98677
-4.98371
-4.98257
-4.98368
-4.98896
-4.99932
-5.01546
-5.03284
-5.05016
-5.06335
-5.07268
-5.07871
-5.08133
-5.08446
-5.08817
-5.09242
-5.09802
-5.10407
-5.1104
-5.11526
-5.12155
-5.12572
-5.12778
-5.12979
-5.13026
-5.12953
-5.12616
-5.1204
-5.11053
-5.09705
-5.08219
-5.06759
-5.05563
-5.04798
-5.04371
-5.04245
-5.04126
-5.03891
-5.03278
-5.02481
-5.01406
-5.00487
-4.99683
-4.99113
-4.99
-4.99285
-5.00097
-5.0138
-5.0296
-5.04889
-5.06799
-5.08617
-5.10023
-5.10865
-5.10895
-5.10062
-5.08457
-5.06061
-5.03463
-5.0091
-4.98808
-4.97648
-4.97256
-4.9752
-4.98075
-4.98949
-4.9953
-5.00045
-5.00412
-5.01036
-5.01868
-5.02931
-5.04544
-5.0655
-5.08979
-5.11846
-5.14566
-5.16739
-5.17944
-5.18005
-5.16954
-5.15097
-5.12543
-5.09698
-5.06971
-5.04573
-5.02882
-5.01908
-5.01443
-5.01546
-5.02083
-5.02998
-5.04274
-5.05838
-5.07559
-5.093
-5.11203
-5.12848
-5.1404
-5.14429
-5.14192
-5.1308
-5.1148
-5.09497
-5.07208
-5.0499
-5.02934
-5.01166
-4.99694
-4.98534
-4.97942
-4.97617
-4.97729
-4.98136
-4.98805
-4.99617
-5.0074
-5.0182
-5.02982
-5.03946
-5.04726
-5.04897
-5.04662
-5.03772
-5.0245
-5.01076
-4.99863
-4.99004
-4.98927
-4.99496
-5.00685
-5.02229
-5.03852
-5.05265
-5.06296
-5.06693
-5.06413
-5.05652
-5.04275
-5.02703
-5.0134
-5.0023
-4.99687
-4.99415
-4.99394
-4.99488
-4.99475
-4.99378
-4.99013
-4.98586
-4.98171
-4.97823
-4.98167
-4.99338
-5.0129
-5.04066
-5.06862
-5.09422
-5.11292
-5.12064
-5.11964
-5.11063
-5.10203
-5.09548
-5.08933
-5.0826
-5.07158
-5.05694
-5.04049
-5.02873
-5.02435
-5.02832
-5.03793
-5.05122
-5.06834
-5.08898
-5.1106
-5.12899
-5.1436
-5.14972
-5.14587
-5.12921
-5.10054
-5.06162
-5.01433
-4.96149
-4.91014
-4.86861
-4.84287
-4.83516
-4.84229
-4.86172
-4.89111
-4.92854
-4.96999
-5.01288
-5.05184
-5.08395
-5.10467
-5.11363
-5.11301
-5.10743
-5.10007
-5.09446
-5.0928
-5.09478
-5.09913
-5.10272
-5.1055
-5.1065
-5.10627
-5.10556
-5.10322
-5.10127
-5.10154
-5.10285
-5.10537
-5.10768
-5.10844
-5.10494
-5.09998
-5.09469
-5.09246
-5.09702
-5.10792
-5.12078
-5.12917
-5.13271
-5.12758
-5.11523
-5.09815
-5.08133
-5.0672
-5.05895
-5.05531
-5.0533
-5.053
-5.05317
-5.0497
-5.04352
-5.03575
-5.02706
-5.02058
-5.01951
-5.02179
-5.02883
-5.03879
-5.05318
-5.07054
-5.09006
-5.10951
-5.12524
-5.13473
-5.13652
-5.13307
-5.12513
-5.11758
-5.1116
-5.11188
-5.1196
-5.13201
-5.14655
-5.16097
-5.17305
-5.17822
-5.17759
-5.17159
-5.15994
-5.14459
-5.12685
-5.10685
-5.08575
-5.06497
-5.04366
-5.02299
-5.00491
-4.98844
-4.97502
-4.96639
-4.96407
-4.96737
-4.97683
-4.99328
-5.01525
-5.04068
-5.06852
-5.09436
-5.11628
-5.1293
-5.13462
-5.13293
-5.12247
-5.10476
-5.08278
-5.05751
-5.03339
-5.01284
-4.99839
-4.99088
-4.99007
-4.99611
-5.00734
-5.02187
-5.03905
-5.05576
-5.07305
-5.08468
-5.09455
-5.10081
-5.10463
-5.10415
-5.09868
-5.08911
-5.07648
-5.0625
-5.04533
-5.02975
-5.01391
-5.00007
-4.99084
-4.98619
-4.98598
-4.99221
-5.00182
-5.0171
-5.03655
-5.0571
-5.07675
-5.09283
-5.10621
-5.11436
-5.11884
-5.12011
-5.11873
-5.11374
-5.10552
-5.09632
-5.08692
-5.07794
-5.07325
-5.07261
-5.07307
-5.07646
-5.08055
-5.08551
-5.09199
-5.09672
-5.10279
-5.10845
-5.11615
-5.12512
-5.13748
-5.15146
-5.16584
-5.18029
-5.19318
-5.20305
-5.20844
-5.20939
-5.20596
-5.19796
-5.18769
-5.17539
-5.16423
-5.15404
-5.14519
-5.13846
-5.13101
-5.12373
-5.11643
-5.10607
-5.09467
-5.08081
-5.06814
-5.05827
-5.05103
-5.04951
-5.05281
-5.06197
-5.07199
-5.08221
-5.09013
-5.09932
-5.10697
-5.11394
-5.11908
-5.12233
-5.11988
-5.11239
-5.09824
-5.07803
-5.05706
-5.03844
-5.02517
-5.02061
-5.02262
-5.02911
-5.03587
-5.0369
-5.03004
-5.01286
-4.9891
-4.96239
-4.94119
-4.92904
-4.93178
-4.94738
-4.97226
-4.99978
-5.02161
-5.0352
-5.03988
-5.03839
-5.03386
-5.029
-5.02943
-5.03731
-5.0527
-5.07295
-5.09575
-5.1199
-5.14118
-5.15972
-5.17405
-5.18058
-5.17783
-5.16553
-5.14459
-5.11536
-5.08193
-5.04968
-5.02432
-5.00968
-5.00625
-5.0129
-5.02591
-5.03887
-5.04768
-5.04935
-5.04302
-5.03186
-5.0195
-5.00546
-4.99614
-4.9884
-4.98357
-4.98277
-4.98166
-4.98092
-4.97943
-4.9759
-4.97024
-4.96324
-4.95418
-4.94546
-4.93938
-4.93742
-4.94306
-4.95685
-4.97667
-5.00235
-5.02949
-5.05593
-5.08143
-5.10499
-5.12637
-5.14675
-5.16227
-5.17603
-5.18525
-5.19155
-5.19471
-5.19433
-5.18854
-5.17722
-5.16079
-5.14043
-5.119
-5.09992
-5.08422
-5.07357
-5.0675
-5.06592
-5.06493
-5.06406
-5.05989
-5.05532
-5.05076
-5.05166
-5.05948
-5.07719
-5.10323
-5.13453
-5.16589
-5.19114
-5.20812
-5.21769
-5.21838
-5.21237
-5.20096
-5.18435
-5.16633
-5.1482
-5.13132
-5.11765
-5.10761
-5.10046
-5.09791
-5.095
-5.09073
-5.08151
-5.06636
-5.0442
-5.01668
-4.98572
-4.95379
-4.92456
-4.90025
-4.88372
-4.87825
-4.88491
-4.90443
-4.93276
-4.96513
-4.9989
-5.03149
-5.06212
-5.09026
-5.11172
-5.1262
-5.13408
-5.13596
-5.13289
-5.12935
-5.12704
-5.12993
-5.13847
-5.15314
-5.1719
-5.18988
-5.2019
-5.20759
-5.20311
-5.18809
-5.16498
-5.1349
-5.0996
-5.0638
-5.03166
-5.0093
-4.99931
-5.00278
-5.01809
-5.03831
-5.06192
-5.08299
-5.0994
-5.10998
-5.11761
-5.12154
-5.12384
-5.12807
-5.13262
-5.13862
-5.1457
-5.15246
-5.15916
-5.1632
-5.16554
-5.16723
-5.16853
-5.16884
-5.16779
-5.16574
-5.16002
-5.1503
-5.13767
-5.11991
-5.09852
-5.07478
-5.04792
-5.01754
-4.98712
-4.95819
-4.93865
-4.9334
-4.94332
-4.96221
-4.985
-5.00538
-5.02633
-5.0466
-5.06849
-5.093
-5.1195
-5.14504
-5.16747
-5.18354
-5.18748
-5.17889
-5.15963
-5.12979
-5.09428
-5.05565
-5.01817
-4.98794
-4.96676
-4.9581
-4.96289
-4.97873
-5.00294
-5.03067
-5.05953
-5.08618
-5.10761
-5.12247
-5.13009
-5.12756
-5.1171
-5.10059
-5.08304
-5.06858
-5.0584
-5.05383
-5.054
-5.0568
-5.0579
-5.0573
-5.05466
-5.04993
-5.04341
-5.03782
-5.03302
-5.02979
-5.02948
-5.02884
-5.02896
-5.02979
-5.0303
-5.02957
-5.02837
-5.02419
-5.01584
-5.00348
-4.98895
-4.97406
-4.96299
-4.95864
-4.96257
-4.97643
-4.99651
-5.02232
-5.04838
-5.07448
-5.09784
-5.11643
-5.12772
-5.13318
-5.12907
-5.11906
-5.10175
-5.08041
-5.05592
-5.03502
-5.01836
-5.00787
-4.99981
-4.99602
-4.99399
-4.99223
-4.99042
-4.99015
-4.99058
-4.99592
-5.00517
-5.01569
-5.02503
-5.03241
-5.03716
-5.04176
-5.04589
-5.05287
-5.06206
-5.0736
-5.08369
-5.09088
-5.09391
-5.09228
-5.08623
-5.07901
-5.07298
-5.06948
-5.07062
-5.07665
-5.08715
-5.10383
-5.12111
-5.13691
-5.15011
-5.1586
-5.15935
-5.15146
-5.13547
-5.11323
-5.0881
-5.06119
-5.03818
-5.0233
-5.01814
-5.02344
-5.03397
-5.04719
-5.06152
-5.07446
-5.08559
-5.0955
-5.10321
-5.10967
-5.11281
-5.11149
-5.104
-5.09042
-5.07198
-5.04907
-5.02239
-4.9947
-4.96873
-4.94874
-4.93674
-4.93599
-4.94706
-4.96687
-4.98986
-5.0113
-5.02891
-5.04113
-5.04772
-5.05072
-5.04983
-5.0455
-5.04166
-5.03714
-5.0327
-5.02899
-5.025
-5.02185
-5.01925
-5.01972
-5.02408
-5.03388
-5.05309
-5.08111
-5.11835
-5.15957
-5.19998
-5.23243
-5.25242
-5.25589
-5.24103
-5.20922
-5.16368
-5.10887
-5.05311
-5.0038
-4.96855
-4.95258
-4.95842
-4.98253
-5.0218
-5.06904
-5.12148
-5.1688
-5.20793
-5.23172
-5.24103
-5.23496
-5.21522
-5.18665
-5.15078
-5.11418
-5.07987
-5.0492
-5.02693
-5.01334
-5.00843
-5.01051
-5.01843
-5.02787
-5.0373
-5.04679
-5.05546
-5.06237
-5.06722
-5.07081
-5.07272
-5.07754
-5.08642
-5.09898
-5.1153
-5.13079
-5.14317
-5.15149
-5.15311
-5.15086
-5.14622
-5.13924
-5.12844
-5.11218
-5.08966
-5.06431
-5.03558
-5.00973
-4.9887
-4.97778
-4.97725
-4.98692
-5.00222
-5.02221
-5.0385
-5.05198
-5.05957
-5.06201
-5.0617
-5.0568
-5.05021
-5.04229
-5.03242
-5.02505
-5.02102
-5.02243
-5.03162
-5.05052
-5.07597
-5.10232
-5.12628
-5.14355
-5.15231
-5.15521
-5.15321
-5.14804
-5.14151
-5.13597
-5.13182
-5.1278
-5.12521
-5.12012
-5.11082
-5.09948
-5.08493
-5.07041
-5.05624
-5.04406
-5.03469
-5.03076
-5.03203
-5.03687
-5.04458
-5.05526
-5.06335
-5.07104
-5.07707
-5.08009
-5.08129
-5.08108
-5.08304
-5.08456
-5.08665
-5.08841
-5.09092
-5.09299
-5.09296
-5.08988
-5.0832
-5.07449
-5.06443
-5.05332
-5.04335
-5.0325
-5.02385
-5.019
-5.01771
-5.01706
-5.01695
-5.01374
-5.00805
-4.99848
-4.98637
-4.97429
-4.96168
-4.95085
-4.9391
-4.92767
-4.91518
-4.90441
-4.8966
-4.89371
-4.89909
-4.91484
-4.93946
-4.96977
-4.99954
-5.0232
-5.03793
-5.04194
-5.03837
-5.0275
-5.01545
-5.00764
-5.00658
-5.01438
-5.03011
-5.05089
-5.07194
-5.09105
-5.10592
-5.11591
-5.12158
-5.12443
-5.12421
-5.12125
-5.11576
-5.10628
-5.09444
-5.07934
-5.06472
-5.05237
-5.04451
-5.04086
-5.04366
-5.05094
-5.06219
-5.07559
-5.08918
-5.10294
-5.11546
-5.12564
-5.13501
-5.14121
-5.14352
-5.14116
-5.13387
-5.12305
-5.10955
-5.09548
-5.08459
-5.07581
-5.07309
-5.07614
-5.08337
-5.09336
-5.10513
-5.11494
-5.12144
-5.12662
-5.12608
-5.12226
-5.11615
-5.11059
-5.10763
-5.10819
-5.1147
-5.12652
-5.14314
-5.16135
-5.17664
-5.18781
-5.19452
-5.19701
-5.19843
-5.19854
-5.19783
-5.19967
-5.20101
-5.20077
-5.20074
-5.19734
-5.19055
-5.18159
-5.1715
-5.16134
-5.15076
-5.14146
-5.13184
-5.12345
-5.11481
-5.1128
-5.11476
-5.12397
-5.13866
-5.1583
-5.17566
-5.19009
-5.19868
-5.20043
-5.19542
-5.18177
-5.16564
-5.14812
-5.13198
-5.11816
-5.10953
-5.10631
-5.10705
-5.11157
-5.11533
-5.11875
-5.11846
-5.11366
-5.10594
-5.09431
-5.08261
-5.07161
-5.06475
-5.0645
-5.06952
-5.07836
-5.08718
-5.0947
-5.10142
-5.10495
-5.10376
-5.10028
-5.0941
-5.08725
-5.08118
-5.07926
-5.0811
-5.08601
-5.0926
-5.10128
-5.11076
-5.12173
-5.13495
-5.14574
-5.15555
-5.16035
-5.16113
-5.15683
-5.14893
-5.1406
-5.133
-5.13031
-5.13313
-5.14054
-5.14904
-5.15558
-5.15615
-5.15132
-5.13846
-5.12097
-5.09935
-5.07606
-5.05516
-5.03755
-5.02398
-5.01683
-5.01472
-5.01669
-5.02203
-5.02986
-5.04065
-5.05104
-5.06196
-5.07262
-5.08364
-5.0962
-5.11269
-5.13108
-5.1528
-5.17272
-5.18686
-5.1931
-5.19075
-5.18163
-5.16762
-5.1508
-5.13325
-5.11773
-5.10477
-5.09523
-5.091
-5.0901
-5.09166
-5.09696
-5.10273
-5.10758
-5.10956
-5.10818
-5.10459
-5.09813
-5.08883
-5.0799
-5.07215
-5.0642
-5.06065
-5.06024
-5.0614
-5.06567
-5.07022
-5.07706
-5.08204
-5.08364
-5.08159
-5.07811
-5.06957
-5.06205
-5.05902
-5.06346
-5.07341
-5.08688
-5.10119
-5.11253
-5.12135
-5.1265
-5.12708
-5.12325
-5.11607
-5.10413
-5.09037
-5.07651
-5.06618
-5.05962
-5.05851
-5.05942
-5.06175
-5.06151
-5.05948
-5.05511
-5.05257
-5.05268
-5.05306
-5.05417
-5.05252
-5.04951
-5.04326
-5.03893
-5.03588
-5.03596
-5.04025
-5.04656
-5.05522
-5.06532
-5.07353
-5.07883
-5.08002
-5.07754
-5.07449
-5.07291
-5.07563
-5.07995
-5.08204
-5.08059
-5.07642
-5.07131
-5.06461
-5.06036
-5.05707
-5.05625
-5.05668
-5.05673
-5.05647
-5.056
-5.05872
-5.06639
-5.07703
-5.08885
-5.10103
-5.10877
-5.10919
-5.10324
-5.08948
-5.07264
-5.05491
-5.04634
-5.04978
-5.05943
-5.06788
-5.06932
-5.06141
-5.04875
-5.03579
-5.02661
-5.02138
-5.01727
-5.01199
-5.00202
-4.98703
-4.96608
-4.94215
-4.91848
-4.90564
-4.90846
-4.92785
-4.9601
-4.99402
-5.0226
-5.04004
-5.04715
-5.04665
-5.04261
-5.03643
-5.03165
-5.03071
-5.03164
-5.03382
-5.03786
-5.0429
-5.05028
-5.06436
-5.08206
-5.10447
-5.13129
-5.15944
-5.18605
-5.20867
-5.22699
-5.24102
-5.2515
-5.25733
-5.25484
-5.24509
-5.22821
-5.20424
-5.17861
-5.15591
-5.13912
-5.12982
-5.12575
-5.12347
-5.11861
-5.10981
-5.09835
-5.08388
-5.06968
-5.05632
-5.04406
-5.03437
-5.02622
-5.01704
-5.00767
-5.0024
-5.00286
-5.0096
-5.02286
-5.03766
-5.05186
-5.06304
-5.07068
-5.07645
-5.07903
-5.07862
-5.0752
-5.06658
-5.0506
-5.02778
-5.00195
-4.97278
-4.948
-4.93188
-4.92618
-4.92803
-4.93716
-4.95139
-4.96992
-4.99182
-5.01352
-5.03073
-5.04276
-5.04733
-5.04575
-5.04282
-5.0384
-5.03584
-5.03633
-5.0409
-5.04571
-5.05265
-5.0603
-5.06732
-5.07208
-5.07468
-5.07523
-5.07866
-5.08588
-5.10024
-5.11801
-5.1334
-5.1404
-5.13798
-5.12461
-5.10514
-5.08516
-5.07025
-5.06394
-5.06601
-5.07385
-5.08769
-5.10399
-5.12065
-5.13635
-5.1504
-5.16107
-5.16627
-5.16651
-5.15941
-5.1456
-5.12535
-5.09867
-5.06567
-5.02931
-4.98892
-4.94583
-4.90347
-4.86196
-4.82749
-4.80616
-4.80059
-4.81346
-4.83861
-4.86853
-4.89707
-4.9215
-4.94164
-4.95893
-4.97316
-4.98517
-4.99622
-5.00988
-5.0253
-5.04444
-5.06563
-5.08667
-5.10118
-5.10815
-5.10632
-5.09703
-5.08127
-5.06267
-5.04481
-5.03155
-5.02343
-5.02312
-5.02852
-5.04177
-5.05708
-5.073
-5.08604
-5.09416
-5.09506
-5.08948
-5.07637
-5.05967
-5.0394
-5.01797
-4.99612
-4.97565
-4.95574
-4.9386
-4.92464
-4.91665
-4.91384
-4.91631
-4.92662
-4.9452
-4.97145
-5.00718
-5.0488
-5.09336
-5.13687
-5.1771
-5.20976
-5.2334
-5.24608
-5.24828
-5.24112
-5.22696
-5.20737
-5.18686
-5.1657
-5.14662
-5.12974
-5.11358
-5.09755
-5.08217
-5.06881
-5.05571
-5.04495
-5.03609
-5.02928
-5.02532
-5.02547
-5.03068
-5.04548
-5.07307
-5.11159
-5.15429
-5.19326
-5.22049
-5.23345
-5.23151
-5.21803
-5.19351
-5.16346
-5.12923
-5.09519
-5.0652
-5.04164
-5.02426
-5.01404
-5.00821
-5.00871
-5.01236
-5.01823
-5.02816
-5.04141
-5.05931
-5.07905
-5.09857
-5.11471
-5.12776
-5.134
-5.13539
-5.13517
-5.13443
-5.133
-5.12812
-5.11412
-5.08783
-5.04944
-5.01347
-4.98806
-4.9759
-4.97197
-4.96703
-4.95798
-4.94691
-4.93617
-4.92868
-4.92714
-4.9313
-4.94473
-4.96449
-4.99232
-5.02414
-5.05545
-5.08297
-5.10373
-5.11563
-5.1166
-5.11139
-5.09952
-5.0837
-5.06611
-5.05017
-5.03748
-5.0278
-5.02529
-5.0315
-5.04555
-5.06673
-5.08897
-5.10669
-5.11781
-5.12042
-5.11821
-5.11374
-5.1085
-5.10675
-5.10781
-5.11179
-5.11756
-5.12114
-5.12419
-5.12396
-5.12053
-5.11019
-5.09593
-5.07908
-5.06118
-5.04527
-5.03197
-5.02289
-5.01425
-5.00874
-5.00512
-5.00302
-5.00319
-5.00451
-5.0056
-5.00667
-5.0066
-5.00523
-5.00543
-5.00507
-5.00527
-5.00711
-5.01125
-5.01895
-5.03019
-5.04118
-5.05285
-5.0631
-5.07222
-5.08056
-5.08877
-5.09771
-5.1064
-5.11487
-5.12456
-5.13488
-5.14479
-5.15354
-5.15737
-5.15541
-5.14622
-5.12858
-5.1024
-5.07114
-5.03821
-5.00688
-4.98011
-4.95957
-4.94664
-4.94209
-4.94325
-4.94841
-4.95851
-4.97103
-4.98502
-4.99876
-5.01359
-5.02887
-5.04266
-5.05578
-5.06527
-5.06981
-5.06849
-5.062
-5.04813
-5.02906
-5.00649
-4.98178
-4.95904
-4.93846
-4.92283
-4.91501
-4.91706
-4.93196
-4.96045
-4.9991
-5.04112
-5.07997
-5.11214
-5.13384
-5.14492
-5.14962
-5.14797
-5.14392
-5.13758
-5.13103
-5.12515
-5.1176
-5.1082
-5.0973
-5.08601
-5.07619
-5.07125
-5.07365
-5.0823
-5.0968
-5.11322
-5.12806
-5.13748
-5.13983
-5.13229
-5.11944
-5.10389
-5.09176
-5.08626
-5.08806
-5.09334
-5.09876
-5.10022
-5.09713
-5.09177
-5.09043
-5.09726
-5.11251
-5.13499
-5.16237
-5.18994
-5.2139
-5.23374
-5.24637
-5.25036
-5.24766
-5.23858
-5.22104
-5.19728
-5.16825
-5.13764
-5.10697
-5.07995
-5.05756
-5.03899
-5.02636
-5.01813
-5.01289
-5.00758
-5.00477
-5.0046
-5.00716
-5.01335
-5.02288
-5.0318
-5.04245
-5.05371
-5.06496
-5.07795
-5.09107
-5.10738
-5.12637
-5.14793
-5.17043
-5.19148
-5.20913
-5.22294
-5.2302
-5.23107
-5.22556
-5.21591
-5.20263
-5.1854
-5.16599
-5.14458
-5.12162
-5.10042
-5.08775
-5.08509
-5.09163
-5.10422
-5.11732
-5.1258
-5.12746
-5.12257
-5.1087
-5.08891
-5.0659
-5.04174
-5.01758
-4.99916
-4.98613
-4.98047
-4.98264
-4.99073
-5.00183
-5.01321
-5.02015
-5.02391
-5.02403
-5.02471
-5.02437
-5.02458
-5.02938
-5.03742
-5.05212
-5.07212
-5.09502
-5.12078
-5.1461
-5.16939
-5.19145
-5.20832
-5.22129
-5.23025
-5.23407
-5.23086
-5.22246
-5.20903
-5.19131
-5.17165
-5.15001
-5.12956
-5.11005
-5.09392
-5.08155
-5.06929
-5.05919
-5.05005
-5.04358
-5.04398
-5.05062
-5.06328
-5.07767
-5.09324
-5.10588
-5.11492
-5.11941
-5.11992
-5.11504
-5.10689
-5.09582
-5.08331
-5.0699
-5.05793
-5.04765
-5.0411
-5.03684
-5.03513
-5.03601
-5.03754
-5.04272
-5.04986
-5.0588
-5.07139
-5.08588
-5.10311
-5.11908
-5.13218
-5.14013
-5.14018
-5.13286
-5.11686
-5.0945
-5.07079
-5.04637
-5.02441
-5.00762
-4.99766
-4.99308
-4.99262
-4.99249
-4.98931
-4.98585
-4.98362
-4.98426
-4.99081
-5.00547
-5.02397
-5.04556
-5.06538
-5.07851
-5.08498
-5.08269
-5.07311
-5.05731
-5.0382
-5.01758
-4.99772
-4.98163
-4.96782
-4.95971
-4.96056
-4.97159
-4.99069
-5.01364
-5.03899
-5.0599
-5.07984
-5.09993
-5.12069
-5.14145
-5.15988
-5.17216
-5.17941
-5.17641
-5.16775
-5.14827
-5.12305
-5.09334
-5.06343
-5.03635
-5.01719
-5.00426
-4.9985
-4.9999
-5.00495
-5.01124
-5.01647
-5.01726
-5.01341
-5.00528
-4.9914
-4.97358
-4.95351
-4.93183
-4.91516
-4.9073
-4.91089
-4.92364
-4.94376
-4.96523
-4.98548
-5.00067
-5.01282
-5.02443
-5.03378
-5.04167
-5.05114
-5.05902
-5.06434
-5.06648
-5.06486
-5.06103
-5.05567
-5.05219
-5.05112
-5.05386
-5.06213
-5.07495
-5.09262
-5.1107
-5.12594
-5.13593
-5.13733
-5.12753
-5.10819
-5.08217
-5.05378
-5.02677
-5.00346
-4.98779
-4.97434
-4.96403
-4.9542
-4.94598
-4.93927
-4.9379
-4.94121
-4.94748
-4.95365
-4.95791
-4.95972
-4.95935
-4.95806
-4.95893
-4.96156
-4.96807
-4.97803
-4.99075
-5.00121
-5.00859
-5.0109
-5.00976
-5.00304
-4.99537
-4.99014
-4.98859
-4.99309
-5.00498
-5.01917
-5.03577
-5.05283
-5.06703
-5.08039
-5.09157
-5.1024
-5.1112
-5.11606
-5.11864
-5.11773
-5.11632
-5.11125
-5.10368
-5.09447
-5.0832
-5.07148
-5.05886
-5.04794
-5.03544
-5.02487
-5.01651
-5.01036
-5.00796
-5.00875
-5.01327
-5.02173
-5.03223
-5.04813
-5.06511
-5.08346
-5.10176
-5.11815
-5.1292
-5.135
-5.13485
-5.13117
-5.12426
-5.11994
-5.11655
-5.11757
-5.12357
-5.13036
-5.13716
-5.14108
-5.13611
-5.12255
-5.10287
-5.08094
-5.06035
-5.04555
-5.03782
-5.03495
-5.03304
-5.03258
-5.03296
-5.03443
-5.03817
-5.04401
-5.05191
-5.06021
-5.06884
-5.07614
-5.08387
-5.08697
-5.08938
-5.08932
-5.09044
-5.0917
-5.09272
-5.09279
-5.09117
-5.08702
-5.08125
-5.07261
-5.06329
-5.05319
-5.04319
-5.03227
-5.02385
-5.01769
-5.0145
-5.01683
-5.02302
-5.03478
-5.04836
-5.06132
-5.06985
-5.07257
-5.07104
-5.06752
-5.06474
-5.06363
-5.0654
-5.07082
-5.07743
-5.08175
-5.0858
-5.08489
-5.08007
-5.0691
-5.0539
-5.03669
-5.02005
-5.00726
-5.00017
-4.99826
-5.00086
-5.0079
-5.01581
-5.02618
-5.0364
-5.0455
-5.05279
-5.05897
-5.06186
-5.06404
-5.06619
-5.06848
-5.06923
-5.06819
-5.06387
-5.05641
-5.04663
-5.03368
-5.02231
-5.01032
-4.9983
-4.98723
-4.9772
-4.96626
-4.95393
-4.93912
-4.92296
-4.90708
-4.89889
-4.90347
-4.92131
-4.95188
-4.99101
-5.03219
-5.06936
-5.10056
-5.12574
-5.1448
-5.15989
-5.17099
-5.17652
-5.1779
-5.17491
-5.16975
-5.16374
-5.15975
-5.15625
-5.15249
-5.14792
-5.14224
-5.13546
-5.12933
-5.1249
-5.12097
-5.11921
-5.1159
-5.11082
-5.10495
-5.09869
-5.09439
-5.09273
-5.09358
-5.09863
-5.10843
-5.121
-5.13786
-5.15762
-5.17665
-5.19287
-5.20553
-5.21421
-5.21851
-5.2176
-5.21074
-5.1989
-5.18162
-5.15873
-5.1342
-5.10981
-5.08699
-5.06558
-5.04597
-5.02877
-5.01791
-5.01437
-5.02013
-5.03536
-5.05653
-5.08462
-5.11771
-5.15038
-5.18147
-5.20941
-5.22764
-5.23533
-5.23136
-5.21658
-5.19311
-5.16297
-5.12611
-5.08707
-5.04783
-5.01347
-4.98692
-4.96847
-4.95995
-4.95736
-4.95858
-4.96187
-4.96541
-4.97051
-4.9766
-4.98247
-4.99088
-5.00101
-5.01452
-5.03084
-5.04637
-5.06146
-5.07564
-5.09086
-5.10539
-5.12037
-5.13669
-5.15117
-5.16083
-5.16423
-5.15945
-5.14701
-5.1276
-5.10327
-5.07644
-5.04833
-5.02045
-4.99243
-4.96577
-4.94169
-4.92338
-4.91582
-4.91929
-4.93287
-4.94946
-4.96597
-4.97678
-4.98116
-4.97842
-4.97541
-4.97814
-4.98839
-5.00417
-5.02332
-5.04249
-5.05887
-5.07214
-5.08183
-5.08762
-5.0911
-5.09636
-5.10134
-5.10954
-5.11821
-5.12931
-5.14015
-5.15085
-5.15717
-5.15817
-5.15445
-5.14511
-5.13126
-5.11529
-5.10066
-5.08936
-5.08583
-5.08965
-5.10039
-5.11596
-5.13437
-5.15355
-5.17153
-5.18595
-5.19692
-5.20519
-5.20989
-5.20961
-5.20723
-5.20255
-5.19574
-5.18566
-5.17133
-5.15252
-5.12901
-5.09963
-5.0689
-5.03786
-5.01125
-4.98921
-4.97531
-4.96944
-4.97209
-4.98026
-4.99335
-5.01311
-5.03401
-5.05624
-5.0765
-5.09313
-5.10614
-5.11427
-5.11901
-5.12169
-5.12352
-5.1252
-5.12833
-5.13208
-5.13891
-5.14603
-5.1526
-5.15743
-5.15983
-5.15819
-5.15543
-5.14994
-5.14606
-5.14383
-5.14346
-5.14292
-5.14283
-5.14042
-5.13838
-5.13695
-5.13564
-5.13984
-5.14832
-5.16147
-5.17407
-5.18437
-5.18828
-5.18122
-5.16394
-5.1377
-5.10338
-5.06763
-5.03554
-5.01133
-4.99856
-4.99899
-5.009
-5.02934
-5.05353
-5.0798
-5.10369
-5.12405
-5.14056
-5.15474
-5.16426
-5.17271
-5.17818
-5.17931
-5.17606
-5.16974
-5.16226
-5.15422
-5.14634
-5.13703
-5.12581
-5.11099
-5.09277
-5.07494
-5.05622
-5.04249
-5.0324
-5.02684
-5.02292
-5.01701
-5.01036
-5.00282
-4.99503
-4.98796
-4.98428
-4.98299
-4.98407
-4.98563
-4.99208
-5.00486
-5.02441
-5.05032
-5.07885
-5.10715
-5.13412
-5.1588
-5.17824
-5.19141
-5.19683
-5.19146
-5.17819
-5.15775
-5.13438
-5.10815
-5.08321
-5.06207
-5.04588
-5.03263
-5.02373
-5.0171
-5.01071
-5.00117
-4.98885
-4.97346
-4.9583
-4.94562
-4.94079
-4.94873
-4.97073
-5.00577
-5.04696
-5.08879
-5.12496
-5.15438
-5.17678
-5.19293
-5.20438
-5.21196
-5.21479
-5.2135
-5.20654
-5.19432
-5.18017
-5.16712
-5.15929
-5.15694
-5.16047
-5.16714
-5.17311
-5.17408
-5.16988
-5.1589
-5.14436
-5.12601
-5.10934
-5.09682
-5.08806
-5.08373
-5.0816
-5.07777
-5.07401
-5.07016
-5.06561
-5.06281
-5.06099
-5.0633
-5.06697
-5.07084
-5.07667
-5.08178
-5.08659
-5.09073
-5.09377
-5.09871
-5.10503
-5.11445
-5.12054
-5.12144
-5.11641
-5.10475
-5.08678
-5.06548
-5.04146
-5.01778
-4.99445
-4.97508
-4.96039
-4.95155
-4.94871
-4.95466
-4.96576
-4.98016
-4.99722
-5.01427
-5.03309
-5.05295
-5.07323
-5.09578
-5.11338
-5.12847
-5.14088
-5.14775
-5.15049
-5.14806
-5.14188
-5.13015
-5.11589
-5.10071
-5.08502
-5.07001
-5.05471
-5.04006
-5.02668
-5.01457
-5.00565
-5.00347
-5.00824
-5.01734
-5.03423
-5.05347
-5.07294
-5.08878
-5.10151
-5.11367
-5.1241
-5.1336
-5.14218
-5.14765
-5.14852
-5.14643
-5.14212
-5.13717
-5.13135
-5.12396
-5.11203
-5.09274
-5.06508
-5.03295
-4.99784
-4.96722
-4.94169
-4.92282
-4.912
-4.90732
-4.90985
-4.91968
-4.93786
-4.96045
-4.98872
-5.01659
-5.04409
-5.07174
-5.09742
-5.12372
-5.14829
-5.17113
-5.18895
-5.20389
-5.21217
-5.21447
-5.209
-5.19712
-5.17827
-5.15402
-5.12601
-5.09648
-5.06768
-5.04294
-5.02569
-5.01594
-5.01688
-5.02334
-5.03476
-5.0503
-5.06521
-5.08015
-5.09073
-5.09668
-5.0963
-5.08974
-5.07901
-5.06633
-5.05462
-5.0472
-5.04499
-5.04795
-5.05583
-5.0692
-5.08547
-5.10504
-5.1269
-5.14882
-5.1685
-5.18398
-5.19349
-5.19375
-5.18739
-5.17165
-5.15084
-5.12802
-5.10724
-5.09198
-5.0841
-5.07942
-5.07501
-5.06978
-5.06334
-5.05931
-5.0582
-5.0622
-5.07189
-5.08439
-5.10009
-5.11536
-5.13013
-5.14425
-5.15521
-5.16482
-5.17313
-5.17806
-5.18114
-5.1811
-5.17497
-5.16309
-5.1442
-5.11691
-5.08305
-5.04586
-5.01234
-4.98604
-4.96772
-4.95783
-4.95351
-4.95504
-4.9636
-4.97575
-4.99108
-5.00824
-5.02524
-5.04261
-5.06039
-5.07446
-5.08855
-5.09866
-5.10299
-5.10055
-5.08733
-5.06438
-5.03085
-4.98673
-4.94185
-4.90056
-4.87365
-4.86777
-4.87871
-4.90555
-4.94208
-4.9842
-5.02864
-5.07166
-5.11145
-5.14403
-5.17024
-5.18765
-5.19805
-5.20056
-5.19575
-5.18576
-5.1751
-5.16075
-5.14448
-5.12938
-5.11467
-5.10275
-5.09356
-5.08597
-5.08005
-5.07249
-5.06608
-5.0616
-5.0624
-5.06889
-5.07917
-5.0868
-5.09155
-5.09101
-5.08474
-5.07391
-5.06117
-5.0467
-5.03395
-5.02508
-5.02251
-5.02592
-5.03356
-5.0453
-5.05899
-5.07412
-5.08627
-5.09465
-5.09941
-5.09991
-5.09755
-5.09439
-5.08974
-5.0851
-5.08117
-5.08048
-5.08172
-5.08531
-5.08765
-5.08791
-5.0858
-5.08175
-5.07497
-5.06996
-5.06866
-5.07085
-5.07674
-5.08622
-5.09671
-5.10469
-5.11086
-5.11061
-5.10363
-5.09179
-5.07403
-5.05223
-5.0287
-5.00471
-4.9852
-4.97382
-4.97391
-4.98331
-5.00006
-5.02245
-5.045
-5.06613
-5.08437
-5.09715
-5.10672
-5.11248
-5.11606
-5.11774
-5.11704
-5.11505
-5.11167
-5.10879
-5.10718
-5.10689
-5.1088
-5.11
-5.10935
-5.10495
-5.0968
-5.08731
-5.07716
-5.06928
-5.06473
-5.06123
-5.05915
-5.05755
-5.0524
-5.04583
-5.03969
-5.03653
-5.03518
-5.03825
-5.04513
-5.05531
-5.06494
-5.07132
-5.07429
-5.07105
-5.06322
-5.05198
-5.0397
-5.02982
-5.02607
-5.0298
-5.03968
-5.05512
-5.07309
-5.08965
-5.10267
-5.11244
-5.11658
-5.11488
-5.11081
-5.1049
-5.1
-5.09593
-5.09372
-5.0943
-5.09577
-5.09503
-5.09163
-5.08602
-5.07735
-5.06702
-5.05412
-5.04136
-5.03171
-5.02768
-5.03219
-5.04626
-5.06856
-5.09514
-5.11968
-5.13743
-5.14828
-5.15351
-5.15468
-5.15539
-5.15724
-5.16121
-5.16316
-5.16092
-5.15344
-5.13878
-5.12001
-5.09886
-5.08109
-5.06881
-5.06431
-5.06582
-5.0716
-5.07972
-5.08746
-5.0939
-5.09758
-5.1008
-5.10161
-5.10008
-5.09407
-5.08442
-5.07013
-5.05426
-5.04024
-5.02916
-5.02654
-5.03434
-5.05343
-5.07833
-5.10696
-5.13108
-5.14636
-5.15281
-5.14938
-5.13972
-5.12779
-5.11524
-5.10597
-5.10279
-5.10962
-5.12785
-5.15482
-5.18542
-5.21095
-5.2279
-5.23576
-5.23452
-5.22614
-5.21382
-5.19836
-5.18109
-5.16447
-5.14806
-5.13537
-5.12541
-5.12128
-5.11983
-5.11775
-5.1137
-5.10747
-5.09985
-5.09304
-5.08825
-5.08643
-5.08551
-5.08663
-5.08637
-5.0834
-5.07758
-5.06768
-5.05304
-5.03208
-5.00593
-4.97473
-4.94167
-4.91317
-4.89574
-4.89207
-4.89997
-4.91567
-4.93339
-4.94724
-4.95901
-4.96465
-4.96648
-4.9672
-4.96935
-4.97627
-4.99073
-5.01144
-5.03684
-5.06447
-5.09472
-5.12342
-5.14841
-5.169
-5.18464
-5.19587
-5.20438
-5.21134
-5.22049
-5.22843
-5.23437
-5.23596
-5.23315
-5.22252
-5.20366
-5.17881
-5.15194
-5.12334
-5.09643
-5.07418
-5.05757
-5.04969
-5.05257
-5.06828
-5.09365
-5.12638
-5.16144
-5.19161
-5.21416
-5.22638
-5.22863
-5.22145
-5.20791
-5.19219
-5.17432
-5.15731
-5.13587
-5.11197
-5.08499
-5.05463
-5.02287
-4.99257
-4.96869
-4.95327
-4.9468
-4.94727
-4.94911
-4.95271
-4.9562
-4.95967
-4.96206
-4.96686
-4.97409
-4.98553
-4.99963
-5.01712
-5.03362
-5.04976
-5.06201
-5.07207
-5.07776
-5.08184
-5.08349
-5.08598
-5.0888
-5.09505
-5.10402
-5.11502
-5.12709
-5.141
-5.1535
-5.164
-5.16821
-5.16676
-5.16008
-5.14545
-5.12753
-5.10933
-5.09542
-5.08987
-5.09458
-5.10707
-5.124
-5.1411
-5.15612
-5.16781
-5.17413
-5.17695
-5.17528
-5.17068
-5.16106
-5.15115
-5.14514
-5.14388
-5.1467
-5.14983
-5.15005
-5.14877
-5.14329
-5.13605
-5.12888
-5.12132
-5.11574
-5.11142
-5.10872
-5.10709
-5.10784
-5.11009
-5.10971
-5.10768
-5.1043
-5.09991
-5.09517
-5.09015
-5.08339
-5.07323
-5.06141
-5.05012
-5.04291
-5.04211
-5.04666
-5.05287
-5.05672
-5.05587
-5.05008
-5.04447
-5.04143
-5.04643
-5.06218
-5.08324
-5.1073
-5.12914
-5.14713
-5.16099
-5.17134
-5.17692
-5.1798
-5.17582
-5.16833
-5.15503
-5.14013
-5.12319
-5.10651
-5.09493
-5.0915
-5.09678
-5.10898
-5.1258
-5.14292
-5.15832
-5.17196
-5.18049
-5.18545
-5.18575
-5.17986
-5.16819
-5.15318
-5.13915
-5.12916
-5.12438
-5.12245
-5.12227
-5.11941
-5.11428
-5.10701
-5.09634
-5.08258
-5.07006
-5.05725
-5.04703
-5.04034
-5.03526
-5.03226
-5.02832
-5.0225
-5.01426
-5.00504
-4.9945
-4.98285
-4.97144
-4.95983
-4.95221
-4.95023
-4.95598
-4.96745
-4.98032
-4.99194
-4.99882
-4.99773
-4.99145
-4.98229
-4.97308
-4.96646
-4.96657
-4.97186
-4.98298
-4.99674
-5.01132
-5.02347
-5.03119
-5.03408
-5.03366
-5.03084
-5.02916
-5.03069
-5.03525
-5.04128
-5.04545
-5.04651
-5.04373
-5.03984
-5.03566
-5.03356
-5.03361
-5.03606
-5.04095
-5.04707
-5.05267
-5.05857
-5.06346
-5.06771
-5.07203
-5.07796
-5.08589
-5.09302
-5.10033
-5.10624
-5.10986
-5.10955
-5.1047
-5.09635
-5.0858
-5.07351
-5.06694
-5.06398
-5.06834
-5.07454
-5.08148
-5.08268
-5.08118
-5.07763
-5.07831
-5.08682
-5.09632
-5.10332
-5.10401
-5.09738
-5.08626
-5.07417
-5.06537
-5.05881
-5.06035
-5.0654
-5.07656
-5.08945
-5.10434
-5.11775
-5.12852
-5.1352
-5.13623
-5.13053
-5.11978
-5.10791
-5.09496
-5.08333
-5.0768
-5.0747
-5.07367
-5.07167
-5.0644
-5.05059
-5.02844
-5.00014
-4.97435
-4.96064
-4.9677
-4.99262
-5.0269
-5.05907
-5.08206
-5.09038
-5.08676
-5.0756
-5.0613
-5.05229
-5.0535
-5.06348
-5.07981
-5.09945
-5.11725
-5.12919
-5.13304
-5.12851
-5.11549
-5.09461
-5.06685
-5.03374
-5.0035
-4.9824
-4.97255
-4.97429
-4.9829
-4.99256
-4.99916
-5.00405
-5.01374
-5.03065
-5.05739
-5.091
-5.12508
-5.1506
-5.16857
-5.17516
-5.17363
-5.1626
-5.14694
-5.12548
-5.10116
-5.07814
-5.05711
-5.04032
-5.02799
-5.01737
-5.00787
-4.99803
-4.98951
-4.98551
-4.98635
-4.99217
-5.00802
-5.02994
-5.05535
-5.08076
-5.09724
-5.10428
-5.10152
-5.09198
-5.08186
-5.07144
-5.06361
-5.05915
-5.05555
-5.05295
-5.05088
-5.0445
-5.03447
-5.01992
-5.00268
-4.98312
-4.96651
-4.95301
-4.94684
-4.95021
-4.96557
-4.99307
-5.02668
-5.06541
-5.1037
-5.13729
-5.16569
-5.18483
-5.19499
-5.1975
-5.19347
-5.18564
-5.17746
-5.17038
-5.16486
-5.16186
-5.16143
-5.1627
-5.16749
-5.17668
-5.18886
-5.20371
-5.21977
-5.23531
-5.24956
-5.26239
-5.27157
-5.27919
-5.28094
-5.27859
-5.27201
-5.25999
-5.24249
-5.22137
-5.19902
-5.17726
-5.15627
-5.13767
-5.12039
-5.10006
-5.0766
-5.04893
-5.01814
-4.98979
-4.96661
-4.95132
-4.94231
-4.93672
-4.93485
-4.93252
-4.93185
-4.93236
-4.93873
-4.95048
-4.97012
-4.99407
-5.02241
-5.05043
-5.07644
-5.10014
-5.11964
-5.13484
-5.14554
-5.15284
-5.15834
-5.16027
-5.15791
-5.14933
-5.13717
-5.1213
-5.10505
-5.09235
-5.08546
-5.0826
-5.08706
-5.0943
-5.1033
-5.11031
-5.11564
-5.11874
-5.11991
-5.11854
-5.11463
-5.10869
-5.09845
-5.08497
-5.07012
-5.05511
-5.04108
-5.03236
-5.02796
-5.02776
-5.03091
-5.03329
-5.03351
-5.03447
-5.03389
-5.03334
-5.03292
-5.03314
-5.03442
-5.0349
-5.03559
-5.03449
-5.0331
-5.03226
-5.03329
-5.03637
-5.0427
-5.05122
-5.06102
-5.06788
-5.07113
-5.06993
-5.06291
-5.04956
-5.03061
-5.00601
-4.97837
-4.95155
-4.92807
-4.91145
-4.90435
-4.90421
-4.9139
-4.92978
-4.95203
-4.97646
-5.00348
-5.02879
-5.0526
-5.07366
-5.09222
-5.10873
-5.1233
-5.13436
-5.1422
-5.14581
-5.14441
-5.13715
-5.12774
-5.11417
-5.10002
-5.08537
-5.07164
-5.05849
-5.04853
-5.04241
-5.03906
-5.03697
-5.03403
-5.02651
-5.01234
-4.99319
-4.97102
-4.94817
-4.92665
-4.91001
-4.9004
-4.89656
-4.89733
-4.90249
-4.91118
-4.92329
-4.93928
-4.95917
-4.98547
-5.01582
-5.04515
-5.07061
-5.08865
-5.09541
-5.09345
-5.08609
-5.0752
-5.06518
-5.05684
-5.05051
-5.04937
-5.0505
-5.05403
-5.05754
-5.06171
-5.06558
-5.06834
-5.068
-5.06326
-5.05539
-5.04735
-5.04212
-5.04003
-5.04473
-5.05358
-5.06568
-5.07558
-5.08194
-5.08391
-5.08384
-5.08335
-5.08132
-5.08167
-5.08682
-5.09567
-5.11124
-5.12951
-5.14977
-5.16995
-5.19056
-5.2086
-5.22358
-5.234
-5.23884
-5.23912
-5.23215
-5.21997
-5.20142
-5.17864
-5.1529
-5.12732
-5.10337
-5.0823
-5.06642
-5.05468
-5.0463
-5.0409
-5.03759
-5.03474
-5.03174
-5.02751
-5.02222
-5.0183
-5.01748
-5.02255
-5.03521
-5.0548
-5.07904
-5.10143
-5.11801
-5.12739
-5.12967
-5.12757
-5.12342
-5.11942
-5.11841
-5.11873
-5.11902
-5.11737
-5.11313
-5.10306
-5.08841
-5.06972
-5.05212
-5.03748
-5.02881
-5.02923
-5.03935
-5.05533
-5.07498
-5.09455
-5.1091
-5.11545
-5.11337
-5.10205
-5.08077
-5.05502
-5.02582
-4.99841
-4.97531
-4.95898
-4.94888
-4.94844
-4.95978
-4.97948
-5.00772
-5.03931
-5.07154
-5.09926
-5.1208
-5.13258
-5.13474
-5.12874
-5.11659
-5.0991
-5.07759
-5.05577
-5.03434
-5.01531
-5.00035
-4.99337
-4.99775
-5.01091
-5.03194
-5.05707
-5.08399
-5.10729
-5.12658
-5.14153
-5.15257
-5.16079
-5.16826
-5.17663
-5.18233
-5.18631
-5.1855
-5.1791
-5.16496
-5.14321
-5.11436
-5.08045
-5.04502
-5.01156
-4.98294
-4.96029
-4.94417
-4.93236
-4.92616
-4.92731
-4.93633
-4.95532
-4.98275
-5.01751
-5.05449
-5.08703
-5.11245
-5.12827
-5.13222
-5.12738
-5.11502
-5.09875
-5.08294
-5.07055
-5.06309
-5.06149
-5.06905
-5.0831
-5.10315
-5.12382
-5.14361
-5.15829
-5.16542
-5.16543
-5.15971
-5.1502
-5.14031
-5.1318
-5.12465
-5.12084
-5.11604
-5.11246
-5.10681
-5.10143
-5.09502
-5.09026
-5.08529
-5.08266
-5.08058
-5.07826
-5.07693
-5.07551
-5.07389
-5.07373
-5.07583
-5.07829
-5.08144
-5.08617
-5.08974
-5.09233
-5.09429
-5.09458
-5.0962
-5.10206
-5.11084
-5.12216
-5.13609
-5.15167
-5.16979
-5.18901
-5.20687
-5.22032
-5.2265
-5.22303
-5.21028
-5.18903
-5.16175
-5.13097
-5.09717
-5.06219
-5.02803
-4.99894
-4.97793
-4.96778
-4.96824
-4.97645
-4.98715
-4.99966
-5.01056
-5.02254
-5.03451
-5.04746
-5.05945
-5.07078
-5.07831
-5.08102
-5.07862
-5.07481
-5.06967
-5.06468
-5.06131
-5.06186
-5.06913
-5.0856
-5.10941
-5.14098
-5.17429
-5.20463
-5.22923
-5.2435
-5.25091
-5.25061
-5.24415
-5.23356
-5.21863
-5.20235
-5.1835
-5.16354
-5.14487
-5.12626
-5.1086
-5.09105
-5.07345
-5.05563
-5.03789
-5.01991
-5.00221
-4.988
-4.97585
-4.96866
-4.965
-4.96398
-4.9646
-4.96826
-4.96868
-4.9702
-4.97086
-4.97142
-4.97623
-4.98833
-5.00558
-5.02909
-5.05507
-5.0802
-5.10334
-5.12165
-5.1328
-5.13635
-5.13223
-5.12518
-5.11578
-5.10923
-5.10688
-5.10923
-5.11577
-5.1241
-5.13134
-5.13396
-5.13106
-5.12549
-5.11995
-5.11881
-5.12002
-5.1251
-5.1294
-5.12824
-5.12153
-5.1072
-5.08883
-5.06859
-5.05023
-5.03459
-5.02287
-5.0154
-5.01295
-5.01602
-5.02369
-5.03531
-5.05015
-5.06943
-5.09196
-5.11749
-5.14252
-5.16696
-5.18454
-5.19309
-5.19299
-5.18364
-5.16696
-5.14521
-5.12036
-5.09561
-5.07489
-5.05917
-5.04979
-5.0449
-5.04325
-5.04568
-5.04718
-5.04914
-5.0485
-5.04527
-5.03833
-5.02995
-5.01864
-5.01048
-5.00693
-5.00933
-5.01973
-5.03478
-5.05597
-5.08187
-5.11195
-5.14038
-5.16441
-5.17916
-5.1846
-5.17846
-5.16261
-5.14011
-5.11661
-5.09372
-5.07692
-5.06773
-5.06479
-5.06918
-5.0767
-5.08452
-5.09075
-5.09323
-5.09204
-5.08628
-5.07575
-5.062
-5.04619
-5.03066
-5.01598
-5.00633
-5.00103
-4.99974
-5.00303
-5.01005
-5.02176
-5.03628
-5.05274
-5.06969
-5.08533
-5.09728
-5.10262
-5.10438
-5.10313
-5.10216
-5.10335
-5.1088
-5.11456
-5.11815
-5.11474
-5.10415
-5.08588
-5.06123
-5.03626
-5.01223
-4.99279
-4.98157
-4.97852
-4.98505
-4.99676
-5.01097
-5.02512
-5.0357
-5.04112
-5.04142
-5.03792
-5.03039
-5.02357
-5.01746
-5.01556
-5.01699
-5.02214
-5.03067
-5.04178
-5.05308
-5.06431
-5.07687
-5.0892
-5.09902
-5.10609
-5.10714
-5.1055
-5.09932
-5.09034
-5.08334
-5.08011
-5.08579
-5.1005
-5.12352
-5.15277
-5.18313
-5.2124
-5.23224
-5.24303
-5.24165
-5.22664
-5.20038
-5.16508
-5.12632
-5.0882
-5.05599
-5.03091
-5.01889
-5.01784
-5.02967
-5.05044
-5.07635
-5.10272
-5.12424
-5.13942
-5.14711
-5.14737
-5.14225
-5.13358
-5.12563
-5.11622
-5.10772
-5.09811
-5.08832
-5.08191
-5.08
-5.08645
-5.10084
-5.11785
-5.13629
-5.15021
-5.15768
-5.15596
-5.14587
-5.13179
-5.11288
-5.09144
-5.06804
-5.04117
-5.01628
-4.99392
-4.98081
-4.97653
-4.97984
-4.99013
-5.00583
-5.02678
-5.04985
-5.07165
-5.09034
-5.1009
-5.10279
-5.09562
-5.07878
-5.0575
-5.03477
-5.0243
-5.03351
-5.05912
-5.09599
-5.13234
-5.16431
-5.18823
-5.2022
-5.20698
-5.20416
-5.19562
-5.18376
-5.16907
-5.1545
-5.13973
-5.12618
-5.11327
-5.10257
-5.09554
-5.09048
-5.08502
-5.0815
-5.07937
-5.07727
-5.07334
-5.06783
-5.06139
-5.05551
-5.05376
-5.05541
-5.06077
-5.06707
-5.07566
-5.08739
-5.10306
-5.11902
-5.13455
-5.15029
-5.16329
-5.17478
-5.18744
-5.20269
-5.21816
-5.2316
-5.23925
-5.24137
-5.23791
-5.22813
-5.2165
-5.20293
-5.18636
-5.171
-5.15644
-5.14525
-5.13568
-5.12609
-5.11621
-5.10229
-5.08474
-5.06702
-5.04704
-5.02879
-5.01783
-5.01274
-5.01854
-5.03191
-5.05428
-5.08183
-5.11055
-5.13507
-5.15271
-5.16
-5.15821
-5.15315
-5.14433
-5.13386
-5.12396
-5.11309
-5.10177
-5.09199
-5.08183
-5.07458
-5.07006
-5.06937
-5.07423
-5.08441
-5.09964
-5.11736
-5.13539
-5.15041
-5.16257
-5.17202
-5.17847
-5.18012
-5.17631
-5.16697
-5.1527
-5.13589
-5.1175
-5.10426
-5.09765
-5.09693
-5.10002
-5.10362
-5.10906
-5.11169
-5.11138
-5.10673
-5.10044
-5.09371
-5.08861
-5.08583
-5.0863
-5.08919
-5.09484
-5.10228
-5.11113
-5.1217
-5.12942
-5.1346
-5.13579
-5.13392
-5.12988
-5.12532
-5.12037
-5.11313
-5.10654
-5.09868
-5.09222
-5.08711
-5.08158
-5.07748
-5.07368
-5.06952
-5.06631
-5.06581
-5.06624
-5.0701
-5.08073
-5.09592
-5.11383
-5.13164
-5.14547
-5.15424
-5.15635
-5.15334
-5.14849
-5.14334
-5.14077
-5.14021
-5.14216
-5.13994
-5.13589
-5.12684
-5.1157
-5.10531
-5.09736
-5.09062
-5.08527
-5.08177
-5.07862
-5.07857
-5.08162
-5.09086
-5.10433
-5.12018
-5.13524
-5.1457
-5.14725
-5.13985
-5.12251
-5.09772
-5.06732
-5.03766
-5.01208
-4.99648
-4.99267
-4.99951
-5.01659
-5.0395
-5.06634
-5.09198
-5.11518
-5.13239
-5.14242
-5.1432
-5.13652
-5.12282
-5.10617
-5.09195
-5.08494
-5.0846
-5.09073
-5.10059
-5.11145
-5.12203
-5.12989
-5.13777
-5.1432
-5.1478
-5.1496
-5.14787
-5.14073
-5.128
-5.11035
-5.09215
-5.07508
-5.05822
-5.04144
-5.02345
-5.0031
-4.98373
-4.96915
-4.964
-4.96894
-4.98597
-5.01192
-5.04382
-5.07514
-5.10363
-5.1283
-5.14698
-5.15989
-5.16801
-5.17112
-5.16962
-5.16493
-5.15595
-5.14217
-5.12701
-5.11056
-5.09519
-5.08289
-5.07326
-5.06623
-5.06053
-5.0567
-5.05084
-5.04498
-5.03888
-5.03456
-5.03354
-5.03894
-5.0499
-5.06684
-5.0876
-5.10922
-5.12902
-5.14652
-5.15657
-5.16008
-5.15568
-5.14649
-5.13219
-5.1164
-5.10158
-5.09043
-5.0844
-5.08314
-5.08436
-5.08518
-5.08422
-5.08089
-5.07767
-5.07323
-5.07162
-5.07135
-5.07252
-5.07447
-5.07537
-5.07625
-5.07639
-5.07565
-5.07293
-5.06872
-5.0668
-5.06516
-5.06345
-5.06114
-5.0582
-5.05433
-5.04994
-5.04317
-5.03737
-5.03222
-5.03089
-5.03485
-5.04414
-5.05517
-5.06248
-5.06494
-5.05899
-5.04785
-5.03626
-5.02634
-5.0227
-5.02708
-5.03808
-5.05318
-5.0666
-5.07667
-5.08177
-5.08011
-5.0753
-5.0695
-5.06585
-5.06707
-5.07293
-5.08517
-5.10185
-5.12218
-5.14243
-5.16349
-5.18114
-5.19106
-5.1933
-5.18678
-5.171
-5.14839
-5.12502
-5.10345
-5.08696
-5.07562
-5.06992
-5.07091
-5.07458
-5.08235
-5.09041
-5.09841
-5.10654
-5.11077
-5.11387
-5.11442
-5.11319
-5.10912
-5.10619
-5.10352
-5.10252
-5.10525
-5.1133
-5.12505
-5.13859
-5.15119
-5.16044
-5.16573
-5.16947
-5.17048
-5.17261
-5.17811
-5.18557
-5.19324
-5.1965
-5.196
-5.18767
-5.16952
-5.14349
-5.1112
-5.07702
-5.04504
-5.02068
-5.00535
-4.99985
-5.00101
-5.0087
-5.02141
-5.03557
-5.04954
-5.05945
-5.0644
-5.06397
-5.05481
-5.04083
-5.0206
-4.99778
-4.97578
-4.95672
-4.94272
-4.93361
-4.92498
-4.9167
-4.90587
-4.89458
-4.88275
-4.8689
-4.85718
-4.84788
-4.84275
-4.84303
-4.84894
-4.85738
-4.86652
-4.87561
-4.88596
-4.89634
-4.90972
-4.9258
-4.94741
-4.97041
-4.99078
-5.00761
-5.01668
-5.01995
-5.01716
-5.01194
-5.00634
-4.99942
-4.99333
-4.98858
-4.98508
-4.98575
-4.9908
-5.00113
-5.01335
-5.02655
-5.03887
-5.04499
-5.0464
-5.04142
-5.03181
-5.01903
-5.00823
-5.00367
-5.00702
-5.01496
-5.02496
-5.03587
-5.04228
-5.04313
-5.03717
-5.02616
-5.01223
-4.99823
-4.98642
-4.97741
-4.9732
-4.97321
-4.9766
-4.98442
-4.99612
-5.01256
-5.03333
-5.05633
-5.08142
-5.10791
-5.13371
-5.15765
-5.17944
-5.19876
-5.21325
-5.22477
-5.23036
-5.23096
-5.22763
-5.21951
-5.20521
-5.18405
-5.15594
-5.12277
-5.08701
-5.05255
-5.02195
-4.99824
-4.98268
-4.97026
-4.95849
-4.94851
-4.93987
-4.93293
-4.92777
-4.92975
-4.93519
-4.9441
-4.9535
-4.9632
-4.9723
-4.98127
-4.98919
-5.00142
-5.01521
-5.03365
-5.05439
-5.07461
-5.09264
-5.10685
-5.11497
-5.11744
-5.11576
-5.11108
-5.10554
-5.09703
-5.08879
-5.08178
-5.07374
-5.06597
-5.06097
-5.05931
-5.06375
-5.07276
-5.08519
-5.09835
-5.10943
-5.11719
-5.12198
-5.12358
-5.12425
-5.12502
-5.12684
-5.13063
-5.13569
-5.14177
-5.15051
-5.16213
-5.17327
-5.18049
-5.18409
-5.18279
-5.17893
-5.17409
-5.16848
-5.16208
-5.15436
-5.14522
-5.13236
-5.11571
-5.09519
-5.07418
-5.05425
-5.03825
-5.02989
-5.02839
-5.03378
-5.04342
-5.05692
-5.07001
-5.08302
-5.0974
-5.10983
-5.12052
-5.12855
-5.13159
-5.13343
-5.13185
-5.12683
-5.11923
-5.10858
-5.09615
-5.08469
-5.07619
-5.07192
-5.07111
-5.07197
-5.069
-5.06021
-5.0431
-5.01654
-4.98461
-4.95395
-4.92968
-4.91734
-4.9192
-4.93512
-4.95924
-4.98594
-5.01026
-5.03067
-5.05021
-5.0672
-5.08619
-5.10532
-5.12464
-5.14145
-5.15134
-5.1579
-5.15996
-5.16061
-5.16046
-5.15682
-5.15007
-5.14105
-5.13056
-5.11777
-5.10419
-5.0915
-5.07778
-5.06151
-5.04387
-5.02402
-5.00648
-4.99654
-4.99439
-5.00154
-5.00999
-5.01807
-5.02166
-5.01924
-5.01114
-4.99907
-4.98666
-4.97569
-4.96889
-4.96926
-4.97606
-4.98861
-5.0047
-5.02372
-5.04033
-5.05394
-5.06426
-5.07019
-5.07305
-5.07432
-5.07658
-5.08091
-5.08521
-5.08738
-5.08609
-5.07947
-5.06621
-5.04765
-5.02836
-5.01232
-4.99879
-4.98967
-4.9832
-4.97836
-4.97704
-4.98235
-4.99278
-5.00528
-5.01685
-5.02457
-5.02713
-5.02575
-5.02125
-5.01529
-5.00949
-5.00659
-5.01149
-5.02412
-5.0462
-5.07643
-5.10844
-5.13676
-5.15686
-5.1635
-5.15486
-5.13373
-5.10274
-5.06944
-5.0446
-5.03254
-5.02841
-5.02891
-5.02999
-5.03129
-5.03393
-5.04022
-5.0524
-5.06976
-5.09166
-5.11679
-5.14287
-5.16713
-5.1863
-5.20202
-5.21201
-5.21564
-5.21262
-5.20392
-5.18842
-5.16939
-5.15073
-5.13337
-5.1186
-5.10773
-5.0995
-5.09387
-5.08907
-5.08464
-5.08109
-5.07636
-5.06985
-5.05971
-5.04991
-5.04018
-5.03268
-5.03247
-5.0387
-5.05287
-5.07306
-5.09906
-5.12459
-5.14726
-5.16272
-5.17229
-5.17571
-5.17421
-5.17197
-5.17042
-5.1674
-5.16396
-5.16385
-5.16247
-5.16232
-5.1641
-5.16704
-5.1699
-5.17039
-5.16652
-5.15435
-5.13439
-5.10367
-5.06474
-5.02282
-4.98645
-4.9624
-4.95625
-4.96803
-4.99303
-5.02673
-5.0655
-5.10467
-5.14092
-5.17248
-5.19746
-5.21466
-5.22149
-5.21666
-5.20085
-5.1746
-5.14131
-5.10488
-5.06987
-5.0443
-5.03061
-5.02982
-5.04286
-5.06511
-5.09018
-5.11252
-5.13188
-5.14446
-5.15377
-5.15868
-5.15934
-5.15899
-5.15901
-5.15773
-5.15554
-5.14979
-5.13899
-5.12482
-5.1071
-5.08962
-5.07698
-5.06837
-5.06854
-5.07552
-5.08823
-5.10176
-5.11469
-5.12425
-5.1289
-5.12852
-5.12461
-5.12167
-5.12003
-5.12163
-5.12319
-5.12224
-5.11852
-5.11182
-5.10515
-5.10229
-5.10449
-5.11274
-5.12875
-5.15052
-5.17227
-5.19294
-5.21025
-5.22259
-5.22907
-5.22826
-5.22271
-5.21306
-5.20359
-5.19622
-5.1921
-5.191
-5.19331
-5.19576
-5.19658
-5.19663
-5.19562
-5.1938
-5.19199
-5.18753
-5.18343
-5.17561
-5.16891
-5.16208
-5.15597
-5.15068
-5.14538
-5.14037
-5.13238
-5.12602
-5.11881
-5.11179
-5.10627
-5.09914
-5.09322
-5.08605
-5.07896
-5.07512
-5.0721
-5.06976
-5.06559
-5.0579
-5.04736
-5.03261
-5.01741
-5.00417
-4.99755
-5.001
-5.0129
-5.03053
-5.05007
-5.06548
-5.07321
-5.07043
-5.05847
-5.0405
-5.0175
-4.99382
-4.97293
-4.95809
-4.9502
-4.95293
-4.9634
-4.98142
-5.00105
-5.01903
-5.03223
-5.04075
-5.04429
-5.04237
-5.03521
-5.02597
-5.01611
-5.005
-4.99591
-4.99082
-4.989
-4.98842
-4.98827
-4.98669
-4.98457
-4.98258
-4.98229
-4.98415
-4.99025
-4.99872
-5.01015
-5.02185
-5.03577
-5.04928
-5.0615
-5.07219
-5.08272
-5.08769
-5.08724
-5.08225
-5.06997
-5.05594
-5.04119
-5.03037
-5.02257
-5.01737
-5.01519
-5.01211
-5.00626
-4.99649
-4.9803
-4.96118
-4.94087
-4.92126
-4.9059
-4.89949
-4.9036
-4.9198
-4.94607
-4.97741
-5.00808
-5.03574
-5.0566
-5.07079
-5.07816
-5.08054
-5.08001
-5.07778
-5.07701
-5.07596
-5.07549
-5.07387
-5.07306
-5.07278
-5.07468
-5.07823
-5.08152
-5.08184
-5.0766
-5.06517
-5.04925
-5.03103
-5.01129
-4.99676
-4.98867
-4.98604
-4.99006
-4.99922
-5.01076
-5.02143
-5.03508
-5.04938
-5.06828
-5.08867
-5.11067
-5.13121
-5.14838
-5.16262
-5.17173
-5.17894
-5.18098
-5.17926
-5.1699
-5.15488
-5.13415
-5.11059
-5.08556
-5.0635
-5.04327
-5.02766
-5.01659
-5.01429
-5.02091
-5.0359
-5.05616
-5.07493
-5.0886
-5.09385
-5.0891
-5.07695
-5.06008
-5.04146
-5.02359
-5.01001
-4.99958
-4.99214
-4.98605
-4.98024
-4.97607
-4.97181
-4.96888
-4.96834
-4.9692
-4.97046
-4.97217
-4.96886
-4.96001
-4.94548
-4.926
-4.90785
-4.89437
-4.88946
-4.89659
-4.91555
-4.94626
-4.98431
-5.02764
-5.07269
-5.115
-5.15293
-5.18402
-5.20751
-5.22072
-5.22755
-5.22496
-5.21424
-5.19943
-5.18248
-5.16643
-5.15415
-5.14758
-5.14537
-5.14871
-5.15842
-5.1741
-5.19236
-5.20949
-5.22585
-5.24033
-5.25003
-5.25211
-5.24475
-5.22804
-5.20212
-5.16923
-5.12919
-5.08747
-5.04605
-5.0118
-4.98807
-4.97891
-4.98131
-4.99385
-5.0103
-5.0268
-5.03846
-5.04733
-5.05359
-5.06029
-5.06906
-5.0839
-5.10375
-5.12445
-5.14411
-5.15937
-5.16819
-5.17105
-5.16874
-5.15801
-5.14464
-5.12591
-5.10246
-5.07426
-5.04185
-5.00647
-4.97738
-4.96361
-4.97093
-4.99511
-5.02935
-5.06322
-5.08649
-5.0988
-5.10522
-5.10823
-5.11741
-5.13437
-5.15538
-5.17916
-5.20107
-5.22289
-5.23869
-5.25019
-5.25467
-5.25233
-5.24289
-5.22731
-5.20718
-5.18018
-5.14839
-5.11446
-5.08089
-5.05389
-5.03722
-5.03422
-5.04589
-5.06797
-5.0955
-5.124
-5.14893
-5.16725
-5.17744
-5.18327
-5.18263
-5.18194
-5.18185
-5.18211
-5.18213
-5.18172
-5.17902
-5.17327
-5.16454
-5.15328
-5.13709
-5.11917
-5.10178
-5.08665
-5.07539
-5.07151
-5.07507
-5.08671
-5.10375
-5.1237
-5.14482
-5.16191
-5.17497
-5.18221
-5.18267
-5.17894
-5.17251
-5.16274
-5.15398
-5.14558
-5.14306
-5.14616
-5.15628
-5.16779
-5.17952
-5.18797
-5.18735
-5.17639
-5.15972
-5.13794
-5.11523
-5.09504
-5.07813
-5.06487
-5.05642
-5.05327
-5.05409
-5.05832
-5.06362
-5.06681
-5.06696
-5.06457
-5.05847
-5.05258
-5.0465
-5.03794
-5.03017
-5.02332
-5.01477
-5.00513
-4.99304
-4.97671
-4.95333
-4.92497
-4.89331
-4.86425
-4.84276
-4.83897
-4.85528
-4.89106
-4.94155
-4.99826
-5.05524
-5.10895
-5.15492
-5.19478
-5.22764
-5.2542
-5.27402
-5.28547
-5.29108
-5.29171
-5.28768
-5.28159
-5.27168
-5.25906
-5.24444
-5.22832
-5.21345
-5.19927
-5.18488
-5.17011
-5.15473
-5.13967
-5.12589
-5.11689
-5.1109
-5.10991
-5.11096
-5.11524
-5.12017
-5.12411
-5.12602
-5.12554
-5.12262
-5.11797
-5.1121
-5.10511
-5.09872
-5.09284
-5.08981
-5.08833
-5.09208
-5.10154
-5.11578
-5.13283
-5.15069
-5.16849
-5.18536
-5.20004
-5.21305
-5.22326
-5.2302
-5.2328
-5.22923
-5.22017
-5.20533
-5.1847
-5.16174
-5.13703
-5.11536
-5.09383
-5.07456
-5.05775
-5.0433
-5.03153
-5.02833
-5.03202
-5.04427
-5.0614
-5.07687
-5.08451
-5.08352
-5.07345
-5.0583
-5.04091
-5.02679
-5.02014
-5.02261
-5.03193
-5.04901
-5.07171
-5.09868
-5.12637
-5.15371
-5.17782
-5.19566
-5.20503
-5.20388
-5.19349
-5.17545
-5.15191
-5.12596
-5.09851
-5.07433
-5.05547
-5.04347
-5.03793
-5.03702
-5.03848
-5.03961
-5.03836
-5.03576
-5.03253
-5.03089
-5.03253
-5.0358
-5.04087
-5.0461
-5.04734
-5.0467
-5.04209
-5.0366
-5.03164
-5.02995
-5.03122
-5.03434
-5.03829
-5.04328
-5.04693
-5.04978
-5.05205
-5.05432
-5.05521
-5.0576
-5.05875
-5.06046
-5.064
-5.06791
-5.07137
-5.07879
-5.08777
-5.10001
-5.11447
-5.13073
-5.14764
-5.16097
-5.17255
-5.17639
-5.17566
-5.16994
-5.15952
-5.14618
-5.13288
-5.12372
-5.11792
-5.11847
-5.12114
-5.12375
-5.12424
-5.11773
-5.10511
-5.08688
-5.06564
-5.04627
-5.02997
-5.02323
-5.02464
-5.0344
-5.05265
-5.07841
-5.10909
-5.13845
-5.16552
-5.18845
-5.20665
-5.21936
-5.22766
-5.22981
-5.2275
-5.22344
-5.21718
-5.21166
-5.20481
-5.19678
-5.18812
-5.18042
-5.17288
-5.16458
-5.1574
-5.15195
-5.15096
-5.15103
-5.15414
-5.15757
-5.1597
-5.15783
-5.15048
-5.13826
-5.12216
-5.10408
-5.08707
-5.07065
-5.05538
-5.04211
-5.03046
-5.02086
-5.01268
-5.0071
-5.00321
-5.00154
-5.00172
-5.00286
-5.00603
-5.01271
-5.02179
-5.03448
-5.04641
-5.05284
-5.05325
-5.04576
-5.0361
-5.03018
-5.03049
-5.03917
-5.05054
-5.06249
-5.07413
-5.08324
-5.08983
-5.09702
-5.10429
-5.11322
-5.1225
-5.13202
-5.13885
-5.14284
-5.14515
-5.14339
-5.13687
-5.12594
-5.11503
-5.10255
-5.0895
-5.07878
-5.06725
-5.05476
-5.04137
-5.03091
-5.02553
-5.02576
-5.03125
-5.04049
-5.04974
-5.05723
-5.06296
-5.06828
-5.07752
-5.09207
-5.10994
-5.12735
-5.14147
-5.14893
-5.14989
-5.14751
-5.14475
-5.14145
-5.13957
-5.14015
-5.14252
-5.14578
-5.14799
-5.14598
-5.14096
-5.13201
-5.11872
-5.09946
-5.07652
-5.04994
-5.02463
-5.00026
-4.98009
-4.96177
-4.94558
-4.93237
-4.9196
-4.90909
-4.90312
-4.90324
-4.90997
-4.92451
-4.9452
-4.97103
-4.9995
-5.02889
-5.05379
-5.07158
-5.08048
-5.08112
-5.07716
-5.07138
-5.06549
-5.06009
-5.05927
-5.06363
-5.06971
-5.08045
-5.0903
-5.10076
-5.11048
-5.11846
-5.12215
-5.12123
-5.11657
-5.10946
-5.09785
-5.08391
-5.06894
-5.05385
-5.03975
-5.02801
-5.01923
-5.01445
-5.01303
-5.01312
-5.01306
-5.01163
-5.00601
-5.00049
-4.99713
-4.997
-5.00049
-5.00886
-5.02278
-5.03913
-5.05891
-5.07874
-5.10111
-5.1244
-5.14954
-5.17309
-5.19333
-5.21291
-5.22738
-5.23771
-5.24286
-5.24485
-5.24226
-5.23489
-5.22368
-5.2071
-5.18649
-5.16297
-5.13582
-5.11005
-5.08427
-5.05941
-5.03628
-5.01337
-4.99243
-4.97257
-4.95411
-4.93693
-4.92322
-4.90741
-4.8957
-4.88787
-4.88726
-4.89507
-4.90693
-4.92173
-4.93704
-4.95083
-4.96045
-4.96702
-4.97099
-4.97135
-4.96915
-4.96876
-4.96784
-4.97078
-4.97709
-4.9855
-4.99445
-5.00371
-5.0139
-5.02485
-5.03513
-5.04572
-5.05536
-5.06326
-5.06567
-5.06405
-5.05614
-5.04392
-5.02823
-5.01057
-4.99639
-4.98527
-4.98033
-4.98119
-4.98665
-4.99509
-5.00404
-5.01296
-5.02328
-5.03756
-5.05782
-5.08054
-5.10473
-5.12493
-5.13988
-5.15222
-5.16031
-5.16314
-5.16223
-5.15469
-5.14219
-5.12374
-5.10247
-5.07966
-5.0619
-5.05019
-5.04576
-5.04933
-5.06156
-5.08015
-5.09987
-5.1166
-5.12838
-5.13309
-5.13341
-5.12908
-5.1235
-5.12099
-5.12019
-5.12491
-5.13069
-5.13862
-5.14511
-5.14938
-5.15443
-5.158
-5.16345
-5.1687
-5.17325
-5.17929
-5.18097
-5.18073
-5.17525
-5.16561
-5.15348
-5.13921
-5.12525
-5.11152
-5.10007
-5.0914
-5.08409
-5.08042
-5.07668
-5.07108
-5.0643
-5.05666
-5.04807
-5.03907
-5.03339
-5.03093
-5.03255
-5.03705
-5.04282
-5.04959
-5.05767
-5.06284
-5.0664
-5.06877
-5.07107
-5.07932
-5.09381
-5.11103
-5.12799
-5.14418
-5.15849
-5.17183
-5.18549
-5.19668
-5.20421
-5.20683
-5.20335
-5.19549
-5.18429
-5.17077
-5.1573
-5.14507
-5.13538
-5.12913
-5.12519
-5.12272
-5.11938
-5.11492
-5.10914
-5.10396
-5.10156
-5.10378
-5.11233
-5.12555
-5.14034
-5.15092
-5.1532
-5.14307
-5.11895
-5.08266
-5.03703
-4.99004
-4.95047
-4.92658
-4.9224
-4.93668
-4.96175
-4.99333
-5.0262
-5.05759
-5.08582
-5.11165
-5.13746
-5.15908
-5.17752
-5.19197
-5.20147
-5.2045
-5.20266
-5.19719
-5.18705
-5.17685
-5.16669
-5.15808
-5.1511
-5.14664
-5.14381
-5.14269
-5.14027
-5.13481
-5.12374
-5.10543
-5.08119
-5.05036
-5.01871
-4.99147
-4.97428
-4.97055
-4.98387
-5.0121
-5.04766
-5.08607
-5.12453
-5.15259
-5.1685
-5.17003
-5.16196
-5.14624
-5.12941
-5.11358
-5.10316
-5.09588
-5.08987
-5.08494
-5.08044
-5.07794
-5.07801
-5.07931
-5.08237
-5.08666
-5.09081
-5.09502
-5.09635
-5.09556
-5.09428
-5.0938
-5.09609
-5.10056
-5.10706
-5.11187
-5.11532
-5.118
-5.1193
-5.12461
-5.1349
-5.15033
-5.16792
-5.18087
-5.18668
-5.18546
-5.1768
-5.16293
-5.1452
-5.12321
-5.09805
-5.07023
-5.04585
-5.03001
-5.02754
-5.03785
-5.05308
-5.06887
-5.07917
-5.08487
-5.08783
-5.08893
-5.08919
-5.09025
-5.09209
-5.09261
-5.08871
-5.07883
-5.06488
-5.05013
-5.0411
-5.0455
-5.059
-5.07898
-5.09969
-5.11602
-5.12885
-5.13764
-5.14085
-5.13926
-5.13151
-5.11725
-5.09675
-5.07334
-5.05247
-5.03615
-5.02735
-5.02188
-5.02094
-5.01964
-5.01631
-5.01041
-5.00175
-4.99351
-4.98627
-4.97981
-4.97686
-4.97718
-4.9828
-4.99111
-4.9994
-5.00953
-5.02143
-5.03447
-5.04794
-5.06204
-5.07504
-5.08427
-5.08988
-5.09086
-5.08521
-5.07791
-5.06937
-5.0616
-5.05634
-5.05394
-5.05411
-5.05764
-5.06354
-5.07319
-5.08463
-5.09905
-5.11682
-5.13569
-5.15076
-5.15961
-5.16189
-5.15833
-5.14989
-5.13463
-5.11358
-5.09004
-5.06598
-5.04289
-5.02222
-5.00323
-4.98768
-4.97538
-4.96528
-4.95769
-4.95179
-4.94934
-4.95129
-4.9629
-4.98348
-5.01079
-5.04084
-5.06891
-5.09337
-5.11103
-5.12094
-5.12253
-5.11631
-5.10391
-5.08484
-5.06128
-5.03781
-5.0179
-5.0065
-5.00488
-5.01203
-5.02522
-5.04135
-5.05479
-5.06726
-5.07848
-5.08852
-5.09649
-5.10373
-5.10744
-5.10746
-5.1019
-5.09331
-5.08055
-5.06638
-5.05086
-5.03812
-5.02855
-5.02335
-5.02296
-5.02505
-5.02947
-5.03355
-5.0389
-5.04326
-5.0486
-5.0551
-5.0636
-5.07404
-5.08835
-5.10715
-5.12691
-5.14437
-5.15843
-5.16744
-5.17032
-5.16751
-5.15921
-5.14573
-5.12645
-5.10687
-5.09073
-5.08068
-5.0817
-5.09222
-5.10859
-5.12508
-5.13755
-5.1449
-5.14736
-5.14768
-5.14904
-5.15145
-5.15485
-5.15709
-5.15476
-5.14608
-5.13093
-5.10934
-5.08405
-5.05656
-5.03047
-5.00732
-4.98741
-4.96989
-4.95506
-4.94414
-4.93848
-4.93982
-4.95074
-4.96922
-4.99793
-5.03503
-5.08035
-5.12684
-5.17234
-5.21047
-5.24125
-5.26161
-5.27336
-5.27952
-5.2813
-5.27914
-5.27639
-5.27259
-5.27026
-5.26782
-5.26649
-5.26425
-5.2612
-5.25501
-5.24748
-5.23604
-5.22344
-5.20847
-5.19304
-5.17655
-5.15608
-5.13614
-5.11877
-5.10714
-5.10148
-5.10527
-5.11391
-5.1245
-5.133
-5.13489
-5.13059
-5.12316
-5.11281
-5.10219
-5.09203
-5.0836
-5.0784
-5.07566
-5.07597
-5.08353
-5.09402
-5.1071
-5.1186
-5.12518
-5.12735
-5.12563
-5.11985
-5.11143
-5.10142
-5.09515
-5.09381
-5.09952
-5.10926
-5.11948
-5.12405
-5.12269
-5.11585
-5.10437
-5.09328
-5.08759
-5.09033
-5.10137
-5.11802
-5.13624
-5.15202
-5.16433
-5.1714
-5.17185
-5.16775
-5.15734
-5.14139
-5.12226
-5.10415
-5.08911
-5.08022
-5.0771
-5.08112
-5.09045
-5.1032
-5.11599
-5.12843
-5.13791
-5.14422
-5.14763
-5.15124
-5.15465
-5.16001
-5.16478
-5.17037
-5.17521
-5.17691
-5.17838
-5.17765
-5.17925
-5.18183
-5.18424
-5.1856
-5.18151
-5.17067
-5.15549
-5.13665
-5.11852
-5.09838
-5.07748
-5.05557
-5.03235
-5.00884
-4.98523
-4.96222
-4.94098
-4.92487
-4.91618
-4.91766
-4.93038
-4.95391
-4.98528
-5.02183
-5.05822
-5.09003
-5.11418
-5.12917
-5.13192
-5.12603
-5.11008
-5.0887
-5.06794
-5.05224
-5.04718
-5.05391
-5.06809
-5.08643
-5.1027
-5.11733
-5.12778
-5.13385
-5.13583
-5.13501
-5.12947
-5.11949
-5.10641
-5.08943
-5.06868
-5.04723
-5.02617
-5.00802
-4.99686
-4.99265
-4.99545
-5.00391
-5.01521
-5.02705
-5.03831
-5.04726
-5.05342
-5.05714
-5.05864
-5.05783
-5.05924
-5.06337
-5.07449
-5.08825
-5.10643
-5.12436
-5.13974
-5.1506
-5.15773
-5.15997
-5.15752
-5.15145
-5.14286
-5.13152
-5.11744
-5.10178
-5.08599
-5.07142
-5.06241
-5.05781
-5.05619
-5.05763
-5.05896
-5.06033
-5.06027
-5.05775
-5.05274
-5.04432
-5.0305
-5.01186
-4.99075
-4.97038
-4.96101
-4.96764
-4.99161
-5.02374
-5.05495
-5.07788
-5.08854
-5.08678
-5.07634
-5.05997
-5.04001
-5.01756
-4.99766
-4.98475
-4.97953
-4.98405
