1.89856
1.89344
1.88417
1.86991
1.84949
1.82124
1.78312
1.73283
1.66819
1.58775
1.49178
1.3834
1.2692
1.15847
1.061
0.984586
0.933334
0.907191
0.902477
0.9132
0.932796
0.955527
0.977307
0.995996
1.01123
1.02384
1.03506
1.04586
1.05643
1.06609
1.07363
1.07801
1.07888
1.07688
1.07342
1.07017
1.06871
1.07027
1.07538
1.0835
1.09302
1.10181
1.10803
1.11083
1.11075
1.10936
1.10839
1.10889
1.11089
1.11364
1.11622
1.11804
1.11883
1.11844
1.11659
1.11281
1.10658
1.09786
1.08764
1.07818
1.07214
1.07068
1.07239
1.07412
1.07313
1.06834
1.06055
1.05189
1.04512
1.04257
1.04526
1.05249
1.06215
1.07169
1.07919
1.08392
1.08625
1.08698
1.0868
1.08613
1.08531
1.08465
1.08427
1.08402
1.08365
1.08293
1.0818
1.08023
1.078
1.0747
1.07008
1.06441
1.05855
1.05369
1.05078
1.05014
1.05148
1.05442
1.05858
1.06364
1.06936
1.07581
1.08344
1.09273
1.10378
1.11618
1.12904
1.14117
1.15122
1.15787
1.16014
1.15758
1.15041
1.13939
1.12573
1.11091
1.09659
1.08434
1.07537
1.07016
1.06818
1.06805
1.06794
1.06617
1.06155
1.05352
1.04213
1.02794
1.01198
0.995915
0.982066
0.973239
0.972006
0.979754
0.996054
1.01877
1.04474
1.07068
1.09397
1.11315
1.12779
1.13779
1.1429
1.14277
1.13743
1.12748
1.11384
1.0974
1.07887
1.05897
1.03873
1.01973
1.00396
0.99329
0.988831
0.990402
0.996592
1.00529
1.01439
1.0222
1.02756
1.02969
1.0281
1.02261
1.0136
1.00213
0.989716
0.977802
0.967232
0.958257
0.950884
0.945252
0.941641
0.940289
0.941255
0.944412
0.949707
0.957382
0.967967
0.982039
0.999813
1.02079
1.04356
1.06591
1.08517
1.09885
1.1053
1.10421
1.0967
1.08512
1.07259
1.06216
1.056
1.05469
1.05716
1.06129
1.06484
1.06612
1.06407
1.05827
1.04878
1.03613
1.02141
1.00628
0.992776
0.983014
0.978847
0.981424
0.990826
1.00562
1.02302
1.03957
1.05233
1.05946
1.06023
1.05471
1.0435
1.02777
1.00952
0.99176
0.977966
0.971193
0.97308
0.983251
0.999419
1.01835
1.03695
1.05292
1.06484
1.07205
1.07453
1.07288
1.06824
1.06213
1.05616
1.05167
1.04928
1.04876
1.04905
1.04863
1.0463
1.0417
1.03559
1.02966
1.02598
1.02609
1.0302
1.037
1.04422
1.04957
1.05154
1.04957
1.04395
1.03561
1.02573
1.01554
1.00614
0.998447
0.993151
0.990646
0.990915
0.993496
0.997758
1.00319
1.00953
1.01653
1.02383
1.03088
1.03711
1.04216
1.04598
1.04881
1.05121
1.05406
1.05829
1.06447
1.07242
1.08136
1.09017
1.09784
1.10367
1.10726
1.1086
1.10803
1.10611
1.10342
1.10035
1.09696
1.09311
1.08858
1.08323
1.07732
1.07162
1.06741
1.06614
1.0687
1.0747
1.08244
1.08991
1.09583
1.09955
1.10047
1.09785
1.09109
1.08022
1.06619
1.0508
1.03647
1.02545
1.01901
1.01696
1.01821
1.02165
1.02665
1.03283
1.03984
1.04729
1.05486
1.06211
1.06825
1.07216
1.07271
1.0692
1.06169
1.05099
1.03866
1.02669
1.01714
1.01168
1.01109
1.01508
1.02243
1.03137
1.04006
1.04692
1.05094
1.05163
1.04908
1.04383
1.03673
1.02874
1.02079
1.01372
1.00837
1.00562
1.0063
1.01083
1.01889
1.0294
1.04088
1.05193
1.06148
1.06887
1.07376
1.07633
1.07741
1.07822
1.07958
1.08135
1.08252
1.08191
1.07876
1.07302
1.06537
1.05705
1.04956
1.04416
1.04135
1.04061
1.04055
1.0394
1.03554
1.02801
1.01694
1.00359
0.990077
0.978826
0.972161
0.972057
0.979856
0.9959
1.01896
1.04603
1.07311
1.09651
1.11383
1.12422
1.12802
1.12618
1.11986
1.11026
1.09859
1.08609
1.0739
1.06314
1.05524
1.05206
1.05517
1.06415
1.07601
1.08677
1.09365
1.096
1.09488
1.09207
1.08916
1.08709
1.08603
1.0856
1.08525
1.08476
1.08437
1.08479
1.08687
1.09114
1.09735
1.10428
1.11014
1.11319
1.11247
1.10803
1.10081
1.09211
1.08305
1.07457
1.06767
1.0637
1.06402
1.06917
1.07806
1.08845
1.09789
1.10458
1.10741
1.10574
1.09924
1.08779
1.07169
1.05175
1.02959
1.00765
0.988756
0.975228
0.968102
0.966986
0.970592
0.977485
0.986464
0.996487
1.00635
1.01472
1.02053
1.02366
1.02514
1.0268
1.03033
1.03644
1.04445
1.05275
1.05967
1.0644
1.06731
1.06959
1.07222
1.07527
1.07792
1.07896
1.07734
1.0724
1.0641
1.0531
1.04078
1.02894
1.01936
1.01316
1.01037
1.00994
1.01025
1.00979
1.00773
1.00415
0.999929
0.996446
0.995017
0.99649
1.00108
1.00848
1.01822
1.02988
1.04304
1.05715
1.07124
1.08414
1.0946
1.10168
1.10501
1.10492
1.10235
1.09864
1.09526
1.09338
1.09365
1.09597
1.09963
1.10352
1.10641
1.10706
1.10431
1.09709
1.08436
1.06546
1.04084
1.01328
0.988774
0.974588
0.9743
0.985188
1.00144
1.01843
1.0338
1.04657
1.05625
1.0625
1.06495
1.0633
1.05749
1.04798
1.0361
1.02403
1.01438
1.00929
1.00967
1.0148
1.02264
1.03062
1.03643
1.03849
1.03608
1.02951
1.02012
1.01022
1.0024
0.998679
0.999553
1.00382
1.00917
1.01323
1.01455
1.01302
1.00972
1.00641
1.00473
1.0057
1.00933
1.0148
1.02096
1.02682
1.03199
1.03681
1.04195
1.04794
1.05497
1.06309
1.0724
1.08311
1.09508
1.10774
1.1202
1.13149
1.1407
1.14707
1.15025
1.15055
1.14891
1.14666
1.145
1.1445
1.1449
1.14511
1.14362
1.13922
1.13154
1.12151
1.11137
1.10377
1.10043
1.10118
1.10413
1.10662
1.10633
1.10207
1.09404
1.08394
1.07441
1.06791
1.06578
1.06785
1.07286
1.0792
1.08564
1.0915
1.09655
1.10083
1.10443
1.10744
1.10985
1.11175
1.11347
1.11561
1.11871
1.12307
1.12876
1.13583
1.14414
1.15331
1.16247
1.17026
1.17514
1.17581
1.17181
1.16366
1.15292
1.1417
1.13186
1.12428
1.1185
1.11319
1.10699
1.09935
1.0908
1.08234
1.07473
1.068
1.06185
1.05621
1.05139
1.04789
1.04604
1.0459
1.04746
1.05072
1.05566
1.06198
1.06892
1.07532
1.08001
1.08232
1.08225
1.08021
1.07641
1.0707
1.06301
1.05383
1.0442
1.03524
1.02776
1.02188
1.01695
1.01173
1.00555
1.00047
1.00133
1.01106
1.02653
1.0414
1.05151
1.05623
1.05704
1.05598
1.0548
1.05428
1.05408
1.05296
1.04935
1.04199
1.0304
1.01535
0.998884
0.983802
0.972871
0.968
0.969877
0.977937
0.990631
1.00582
1.02116
1.03457
1.04466
1.05107
1.05457
1.05677
1.0594
1.0635
1.06901
1.07496
1.08004
1.08319
1.08381
1.08176
1.07717
1.0703
1.06142
1.05092
1.03917
1.02642
1.01264
0.997703
0.981649
0.964921
0.948385
0.933208
0.920632
0.911707
0.907112
0.907162
0.911894
0.921162
0.934637
0.95159
0.970695
0.989986
1.00717
1.02011
1.02736
1.02843
1.02409
1.01643
1.00852
1.00341
1.00298
1.00725
1.01475
1.02338
1.03127
1.03722
1.04075
1.04198
1.04139
1.03951
1.03649
1.03212
1.02596
1.01775
1.00776
0.996792
0.985868
0.975755
0.966842
0.959323
0.953424
0.949495
0.947826
0.948502
0.951515
0.956933
0.964923
0.975579
0.98873
1.00377
1.01961
1.03486
1.04803
1.05783
1.06347
1.06475
1.06219
1.05688
1.05028
1.04382
1.03853
1.03485
1.03282
1.03235
1.03351
1.03645
1.04116
1.04714
1.05331
1.0582
1.06055
1.0601
1.05803
1.05686
1.0593
1.06669
1.07815
1.09082
1.10128
1.10691
1.10667
1.10118
1.09219
1.08187
1.07214
1.06435
1.05907
1.05604
1.05422
1.0522
1.04867
1.04294
1.03513
1.02588
1.01597
1.00607
0.996714
0.988337
0.981383
0.976472
0.97454
0.97662
0.983249
0.993889
1.00697
1.02056
1.033
1.04322
1.05056
1.05458
1.05502
1.0519
1.04582
1.03824
1.0315
1.02817
1.03001
1.03715
1.04811
1.06052
1.07205
1.08116
1.08759
1.09246
1.09783
1.10536
1.11479
1.12391
1.13006
1.13164
1.12853
1.12162
1.11214
1.10128
1.09004
1.07934
1.07006
1.06309
1.05923
1.05882
1.0611
1.06403
1.06502
1.06212
1.05466
1.04329
1.02939
1.01463
1.00042
0.987709
0.976927
0.968269
0.962107
0.95918
0.960382
0.96615
0.976142
0.989298
1.00427
1.01984
1.03513
1.04944
1.06218
1.07275
1.08075
1.08618
1.08953
1.09155
1.09314
1.09531
1.09918
1.10556
1.11449
1.12515
1.13623
1.14653
1.15513
1.16139
1.16489
1.16549
1.16336
1.15892
1.1527
1.14523
1.13702
1.12856
1.1203
1.11262
1.10582
1.10006
1.09546
1.09209
1.09006
1.08945
1.09004
1.09126
1.09212
1.09116
1.08661
1.07667
1.06026
1.0382
1.01454
0.996033
0.988342
0.991875
1.00233
1.01486
1.02678
1.03748
1.04734
1.05687
1.06638
1.07599
1.08554
1.09457
1.10217
1.10691
1.10731
1.1024
1.0923
1.07841
1.06313
1.04917
1.03855
1.03192
1.02862
1.02739
1.02713
1.02704
1.02639
1.02423
1.0197
1.01272
1.00457
0.997769
0.994841
0.997139
1.00446
1.01571
1.02976
1.0456
1.06191
1.07663
1.08743
1.09256
1.0915
1.08514
1.0752
1.06372
1.0526
1.0434
1.03718
1.03438
1.03482
1.03785
1.04255
1.04775
1.05215
1.05465
1.05477
1.05282
1.0499
1.04768
1.04805
1.05228
1.06
1.06911
1.07677
1.08066
1.07971
1.07418
1.0656
1.05638
1.04913
1.0458
1.04706
1.0523
1.06008
1.06852
1.07559
1.07939
1.07867
1.07368
1.06687
1.06239
1.06404
1.07276
1.08638
1.10128
1.11413
1.12295
1.12714
1.12704
1.12329
1.11638
1.10643
1.09351
1.07791
1.06037
1.04202
1.02433
1.0089
0.997353
0.990971
0.990423
0.995455
1.00482
1.01656
1.02856
1.03929
1.04829
1.05598
1.06306
1.06966
1.07504
1.078
1.07746
1.07302
1.06526
1.05572
1.04663
1.0402
1.03781
1.03948
1.04388
1.049
1.05301
1.05492
1.05497
1.05422
1.0539
1.05466
1.05643
1.0587
1.06103
1.06287
1.06324
1.06091
1.05517
1.04644
1.03642
1.02744
1.02147
1.01932
1.02043
1.02327
1.02618
1.02794
1.02821
1.02755
1.0272
1.02837
1.03172
1.03712
1.04378
1.05041
1.05554
1.05787
1.05665
1.05159
1.04265
1.02987
1.01345
0.994282
0.974349
0.956609
0.944278
0.939835
0.944363
0.957261
0.976461
0.998939
1.02151
1.04151
1.05726
1.06817
1.07463
1.07763
1.07838
1.07782
1.07636
1.07383
1.06964
1.06314
1.05387
1.04187
1.02781
1.01309
0.999706
0.989764
0.984989
0.986315
0.993809
1.00676
1.02386
1.04329
1.06301
1.08097
1.09536
1.10473
1.10825
1.10588
1.09848
1.08763
1.07518
1.06283
1.05182
1.04269
1.03536
1.02917
1.02313
1.01621
1.00774
0.997592
0.986579
0.976469
0.969699
0.968475
0.973491
0.983206
0.994406
1.00376
1.0092
1.01067
1.00994
1.00969
1.01212
1.01781
1.0257
1.03383
1.04025
1.04358
1.04334
1.04015
1.03559
1.03172
1.0302
1.03168
1.0359
1.04225
1.05011
1.05874
1.0671
1.07388
1.07774
1.07772
1.07357
1.0659
1.05611
1.04604
1.03729
1.0305
1.0251
1.01954
1.01209
1.00171
0.988596
0.974384
0.961821
0.953875
0.952484
0.957627
0.967506
0.979392
0.990439
0.99827
1.00136
0.999286
0.992584
0.982492
0.970584
0.95853
0.948075
0.941047
0.939264
0.944042
0.955491
0.97214
0.991293
1.00996
1.02588
1.03806
1.04683
1.05343
1.05942
1.06608
1.074
1.08289
1.09171
1.09903
1.10355
1.10464
1.10262
1.09874
1.09479
1.09227
1.09175
1.09264
1.09352
1.09274
1.08912
1.08243
1.07365
1.06461
1.05708
1.05167
1.04758
1.04336
1.03766
1.02968
1.01931
1.00717
0.994673
0.983793
0.976409
0.973372
0.973946
0.97607
0.977552
0.977566
0.977354
0.979207
0.984317
0.991776
0.999669
1.00653
1.01185
1.01576
1.01894
1.02261
1.02825
1.03678
1.04781
1.05947
1.0692
1.07476
1.07472
1.06851
1.05632
1.03928
1.01967
1.00119
0.988479
0.985771
0.995076
1.01533
1.0428
1.07245
1.0993
1.11962
1.13164
1.13572
1.13381
1.12864
1.12264
1.11728
1.113
1.10954
1.10655
1.10396
1.10209
1.1014
1.10203
1.10371
1.10594
1.10817
1.10998
1.11093
1.11061
1.10871
1.10525
1.10053
1.09508
1.08955
1.08452
1.08045
1.07742
1.07493
1.07187
1.06679
1.05855
1.04698
1.03327
1.01989
1.00993
1.00603
1.00925
1.01869
1.03202
1.04653
1.05993
1.07069
1.07799
1.08144
1.08105
1.07703
1.06989
1.06051
1.05026
1.041
1.03441
1.03124
1.03105
1.03267
1.03492
1.03685
1.03787
1.03762
1.03587
1.03267
1.02839
1.0236
1.01889
1.01463
1.01093
1.00772
1.0049
1.00235
0.99981
0.996834
0.993024
0.988436
0.983575
0.97909
0.975613
0.9739
0.974799
0.978896
0.98627
0.996597
1.0095
1.02465
1.04154
1.05923
1.07635
1.09136
1.10296
1.11029
1.11292
1.11065
1.10345
1.09158
1.07592
1.05805
1.03998
1.02339
1.00902
0.996651
0.985661
0.975742
0.967204
0.960683
0.95678
0.955851
0.957953
0.962805
0.969779
0.978094
0.987203
0.997055
1.00809
1.02095
1.03608
1.05333
1.07181
1.08993
1.10574
1.11752
1.12419
1.12552
1.12199
1.11449
1.10403
1.09129
1.07648
1.05931
1.03955
1.01766
0.995191
0.974762
0.959332
0.951385
0.952178
0.961362
0.97705
0.996497
1.01697
1.03631
1.05298
1.06579
1.07388
1.07703
1.07613
1.07294
1.06898
1.06419
1.0567
1.0446
1.02782
1.009
0.992494
0.981827
0.977603
0.977676
0.979114
0.979952
0.979639
0.97876
0.97882
0.981796
0.988975
0.999925
1.01293
1.02627
1.03885
1.04994
1.05898
1.06564
1.06999
1.07234
1.07299
1.07217
1.07076
1.07069
1.07406
1.08134
1.09071
1.09892
1.10303
1.10148
1.09415
1.08195
1.06629
1.04884
1.03139
1.01575
1.00378
0.997338
0.998071
1.00687
1.02296
1.04343
1.06386
1.07991
1.08886
1.0906
1.08793
1.08543
1.08679
1.09235
1.09971
1.10641
1.11168
1.11626
1.1212
1.12684
1.13242
1.1362
1.13619
1.13096
1.12018
1.10487
1.08711
1.06947
1.05425
1.04292
1.03584
1.03244
1.03158
1.03211
1.03353
1.03625
1.04117
1.04858
1.05747
1.06589
1.07192
1.07416
1.07178
1.06451
1.05268
1.0376
1.02152
1.00714
0.996596
0.990555
0.988177
0.9879
0.988568
0.989973
0.992661
0.997023
1.00258
1.00801
1.01179
1.01281
1.01075
1.00618
1.00055
0.996056
0.995207
0.999726
1.00963
1.02322
1.03793
1.05143
1.06224
1.06984
1.07437
1.07623
1.07584
1.07357
1.06964
1.06423
1.05751
1.04977
1.04158
1.03376
1.02715
1.02245
1.02001
1.01992
1.02209
1.02652
1.03323
1.04201
1.0524
1.06373
1.07541
1.08681
1.09699
1.1047
1.10864
1.10803
1.10292
1.09444
1.08457
1.07572
1.06991
1.06807
1.06971
1.07338
1.07755
1.08104
1.08304
1.08298
1.08075
1.07716
1.0739
1.07282
1.07505
1.08059
1.08844
1.09714
1.1052
1.11133
1.11443
1.11346
1.10774
1.09731
1.08339
1.06829
1.05483
1.04548
1.04148
1.04258
1.04714
1.05276
1.0571
1.0585
1.05623
1.05053
1.0425
1.03384
1.02624
1.0206
1.01678
1.01389
1.01119
1.00899
1.00892
1.0134
1.02414
1.04085
1.06111
1.0815
1.09891
1.11113
1.11693
1.11593
1.10844
1.09539
1.0784
1.05963
1.04167
1.02702
1.0175
1.01356
1.01415
1.01715
1.02036
1.02239
1.02305
1.02321
1.02413
1.0266
1.03066
1.03571
1.04096
1.04597
1.05096
1.05675
1.06434
1.07412
1.08565
1.09768
1.10875
1.11753
1.12303
1.12465
1.12206
1.11524
1.10447
1.09047
1.07429
1.05724
1.04051
1.0248
1.01014
0.996123
0.982652
0.970616
0.961855
0.958004
0.959264
0.964365
0.971695
0.98035
0.99036
1.00232
1.01681
1.03378
1.05205
1.06947
1.08337
1.09152
1.09269
1.08706
1.07619
1.06272
1.04975
1.04011
1.03565
1.03696
1.04339
1.05345
1.06525
1.07687
1.08665
1.09335
1.09634
1.09563
1.09182
1.08582
1.07873
1.07165
1.06555
1.06133
1.05968
1.06108
1.0654
1.07168
1.0782
1.08299
1.08448
1.08187
1.0753
1.06573
1.05465
1.04372
1.03422
1.02687
1.02196
1.01972
1.02072
1.02565
1.03467
1.04668
1.05929
1.06954
1.07489
1.07377
1.06554
1.05057
1.03069
1.0098
0.993276
0.985525
0.98784
0.998605
1.01499
1.03412
1.05342
1.07075
1.08465
1.09455
1.10072
1.10427
1.10693
1.11051
1.11623
1.12409
1.13268
1.13982
1.14334
1.14204
1.13625
1.12779
1.11924
1.11259
1.10836
1.10556
1.10248
1.09765
1.09049
1.08146
1.07185
1.06321
1.05691
1.0536
1.05309
1.05435
1.05591
1.05649
1.05552
1.05339
1.0513
1.05062
1.05215
1.05573
1.06024
1.06414
1.06605
1.06508
1.06092
1.0536
1.04309
1.02917
1.01175
0.991578
0.970817
0.952981
0.94184
0.939631
0.945813
0.957496
0.97117
0.984077
0.994711
1.00278
1.00892
1.01423
1.01978
1.02609
1.03293
1.03938
1.04425
1.04653
1.04569
1.04173
1.03501
1.02598
1.0153
1.00413
0.994509
0.988954
0.989629
0.997262
1.01088
1.02836
1.04724
1.06533
1.08091
1.0929
1.10086
1.10493
1.10557
1.10324
1.09839
1.09162
1.0838
1.07603
1.06925
1.06391
1.05986
1.05645
1.05274
1.04768
1.0404
1.03065
1.01922
1.00792
0.999185
0.995377
0.998081
1.00772
1.0235
1.04356
1.06542
1.08632
1.10367
1.11534
1.12005
1.11757
1.1089
1.09597
1.08102
1.0658
1.05115
1.03715
1.02368
1.01092
0.999597
0.990812
0.985513
0.984066
0.986168
0.991222
0.998691
1.00817
1.0191
1.03047
1.04073
1.04823
1.05173
1.05072
1.04547
1.03688
1.02619
1.01476
1.0039
0.994897
0.989315
0.989215
0.996667
1.01221
1.03366
1.05674
1.07713
1.09203
1.10044
1.1028
1.10042
1.09511
1.08864
1.08238
1.07701
1.07256
1.06857
1.06441
1.05953
1.05365
1.04678
1.03931
1.03189
1.02523
1.01996
1.0164
1.01461
1.01452
1.01599
1.01889
1.02299
1.02805
1.03402
1.04105
1.04942
1.05918
1.0697
1.07954
1.0867
1.08926
1.08626
1.07818
1.06694
1.05521
1.0452
1.03774
1.03209
1.02666
1.01978
1.01015
0.997161
0.981324
0.964751
0.95106
0.943966
0.94531
0.954129
0.967634
0.982752
0.997079
1.00908
1.01801
1.02376
1.02658
1.02678
1.02451
1.01975
1.01258
1.00397
0.996585
0.994313
0.999609
1.01068
1.02232
1.0294
1.02906
1.02084
1.00607
0.987497
0.969057
0.955127
0.949214
0.952644
0.963895
0.979138
0.993601
1.003
1.00459
0.997804
0.984479
0.968483
0.95425
0.944926
0.941351
0.942493
0.946703
0.952724
0.959978
0.968351
0.977918
0.988705
1.00055
1.01291
1.02464
1.03394
1.03894
1.03843
1.03243
1.02199
1.00862
0.993488
0.977094
0.959556
0.941504
0.924788
0.912439
0.90762
0.912017
0.924886
0.943446
0.964188
0.984155
1.00155
1.01567
1.02628
1.03324
1.0366
1.03704
1.03608
1.03565
1.03719
1.04102
1.04636
1.05197
1.05676
1.06014
1.06214
1.06345
1.06519
1.06849
1.07371
1.07998
1.0855
1.08833
1.08709
1.08108
1.07026
1.05562
1.0393
1.02411
1.01245
1.00535
1.00226
1.00162
1.00177
1.00167
1.00115
1.00071
1.00127
1.00371
1.00861
1.01601
1.0255
1.03629
1.04725
1.05705
1.06418
1.06734
1.06572
1.05919
1.0484
1.03464
1.01951
1.00462
0.991283
0.980351
0.97228
0.967321
0.96572
0.967795
0.973866
0.983993
0.997772
1.01423
1.03205
1.04981
1.06623
1.08013
1.09047
1.09636
1.09718
1.09288
1.08413
1.07248
1.06014
1.04955
1.04265
1.04008
1.04088
1.04294
1.04404
1.04277
1.03869
1.03195
1.02308
1.01359
1.00585
1.00165
1.00064
1.00085
1.00042
0.99868
0.996041
0.993087
0.989962
0.986171
0.98089
0.973358
0.96322
0.950578
0.93598
0.920531
0.90609
0.89529
0.890928
0.8948
0.906692
0.924595
0.945839
0.968158
0.990022
1.01041
1.02856
1.04392
1.05623
1.06555
1.07215
1.07646
1.07896
1.08002
1.07979
1.07828
1.07548
1.0714
1.06607
1.05951
1.05177
1.04296
1.03305
1.02193
1.00993
0.998474
0.99033
0.988368
0.993584
1.00418
1.0167
1.02796
1.03616
1.04072
1.04178
1.04003
1.03709
1.03562
1.0385
1.04698
1.05947
1.07244
1.08256
1.08826
1.08944
1.08665
1.08011
1.06981
1.05609
1.04022
1.02427
1.01067
1.00151
0.998013
1.00051
1.00843
1.02034
1.03412
1.04754
1.05878
1.06686
1.07156
1.07314
1.07195
1.06829
1.06238
1.05449
1.04517
1.03538
1.0266
1.02062
1.01909
1.02272
1.03095
1.04203
1.05363
1.06358
1.0704
1.07348
1.07302
1.06977
1.06477
1.05906
1.05356
1.04897
1.04571
1.04399
1.04382
1.04514
1.04785
1.05169
1.05627
1.06118
1.06598
1.07028
1.07369
1.07568
1.07568
1.07344
1.06915
1.06357
1.05777
1.05288
1.04973
1.04863
1.04932
1.05132
1.05444
1.05905
1.06573
1.07456
1.08454
1.09378
1.10026
1.10273
1.10113
1.0966
1.091
1.08605
1.08261
1.0804
1.07854
1.0764
1.07399
1.0713
1.06745
1.06053
1.04869
1.03135
1.00973
0.986537
0.96513
0.948641
0.939348
0.938319
0.945325
0.958905
0.97677
0.996322
1.01517
1.03144
1.04393
1.05196
1.05527
1.05398
1.04862
1.04016
1.02981
1.01873
1.00791
0.998339
0.991023
0.986758
0.985792
0.98757
0.990977
0.994912
0.998949
1.00367
1.01035
1.01997
1.03264
1.04761
1.06397
1.08127
1.09945
1.11825
1.13659
1.15258
1.16401
1.16895
1.16606
1.15491
1.13632
1.11257
1.08709
1.06371
1.0457
1.03512
1.03262
1.03772
1.04905
1.0644
1.08099
1.09605
1.1076
1.11476
1.11755
1.11651
1.11243
1.10622
1.09885
1.09129
1.08447
1.07914
1.07571
1.07428
1.07491
1.07791
1.0837
1.09204
1.10144
1.10956
1.1142
1.11405
1.10877
1.09863
1.08435
1.0672
1.04898
1.03203
1.01863
1.01043
1.00802
1.01099
1.01831
1.02876
1.04118
1.05457
1.06809
1.08109
1.09304
1.10338
1.11116
1.11491
1.11304
1.10446
1.0889
1.06697
1.03991
1.00931
0.976978
0.94515
0.916821
0.895663
0.884691
0.88421
0.891438
0.902486
0.914437
0.925951
0.937085
0.948824
0.96246
0.979052
0.999044
1.02203
1.04674
1.07102
1.0922
1.10758
1.11513
1.114
1.105
1.09047
1.07382
1.0585
1.04727
1.04183
1.04278
1.04938
1.05934
1.06948
1.07695
1.07998
1.07771
1.06975
1.05603
1.03718
1.01529
0.994171
0.978846
0.973611
0.979748
0.994854
1.01438
1.03414
1.05156
1.06557
1.07588
1.08255
1.08562
1.08512
1.08103
1.07356
1.06323
1.0509
1.0377
1.02493
1.01404
1.00667
1.00423
1.00701
1.01339
1.02042
1.02531
1.02675
1.02508
1.02168
1.01829
1.01663
1.01796
1.02283
1.03088
1.04102
1.05189
1.06222
1.07113
1.07811
1.08294
1.0854
1.08523
1.0822
1.07638
1.0688
1.06165
1.05772
1.05876
1.06427
1.07216
1.08025
1.0872
1.09252
1.09621
1.09856
1.10004
1.10116
1.10229
1.10343
1.10399
1.10285
1.09879
1.0912
1.08068
1.06915
1.05915
1.05254
1.04942
1.04802
1.04546
1.03901
1.02715
1.01007
0.989704
0.969391
0.953235
0.945131
0.947448
0.959768
0.978734
0.999461
1.01747
1.03026
1.03768
1.04128
1.0431
1.04446
1.04534
1.04487
1.04196
1.036
1.027
1.01568
1.00336
0.991713
0.982474
0.97694
0.975522
0.977679
0.982216
0.987935
0.994171
1.00084
1.00821
1.01644
1.02536
1.03436
1.04254
1.04876
1.05186
1.05091
1.04563
1.03665
1.02558
1.01472
1.00633
1.00183
1.0013
1.00371
1.00765
1.01195
1.01583
1.01859
1.0193
1.01689
1.0109
1.00235
0.994153
0.990168
0.992881
1.00142
1.01206
1.02073
1.02494
1.0243
1.0201
1.0145
1.0097
1.0072
1.00722
1.00868
1.00966
1.00823
1.00329
0.995107
0.985595
0.978041
0.976125
0.982181
0.995638
1.01313
1.0304
1.04415
1.05257
1.05512
1.0523
1.04549
1.03674
1.02839
1.0222
1.01878
1.0174
1.01679
1.01603
1.01527
1.0155
1.01787
1.02287
1.02982
1.03722
1.04353
1.04778
1.04978
1.04993
1.04893
1.0474
1.04559
1.04341
1.04058
1.03717
1.03387
1.0319
1.03247
1.03616
1.04271
1.05116
1.06015
1.06845
1.07525
1.08042
1.08444
1.08818
1.09255
1.09812
1.1049
1.11224
1.11892
1.12344
1.12444
1.12121
1.11379
1.10275
1.08878
1.07259
1.05533
1.03864
1.02417
1.01293
1.00526
1.00131
1.00139
1.00564
1.01352
1.0235
1.03353
1.04182
1.04754
1.05093
1.05268
1.05309
1.05184
1.04824
1.0418
1.03259
1.02145
1.00991
1.00001
0.993758
0.992379
0.995846
1.00299
1.01215
1.02195
1.03171
1.04154
1.05194
1.06306
1.07403
1.08293
1.08756
1.08656
1.08001
1.06951
1.05753
1.04631
1.03694
1.02925
1.02239
1.01551
1.00808
0.999846
0.990664
0.980399
0.969062
0.957097
0.945578
0.936235
0.93121
0.932616
0.941973
0.959675
0.984698
1.01468
1.04645
1.07674
1.1028
1.12278
1.13591
1.1424
1.14337
1.14048
1.13545
1.12953
1.12333
1.11686
1.10982
1.10198
1.09341
1.0847
1.077
1.07175
1.06988
1.07112
1.07376
1.07531
1.07359
1.06755
1.0576
1.04558
1.03418
1.02599
1.02255
1.02386
1.02856
1.03457
1.03978
1.0423
1.04063
1.03377
1.02145
1.00452
0.985408
0.968074
0.957079
0.955589
0.963769
0.979063
0.997933
1.01755
1.03638
1.05352
1.0677
1.07698
1.07953
1.07455
1.0627
1.04592
1.02714
1.00969
0.996791
0.990495
0.991004
0.996777
1.00539
1.01439
1.02174
1.02585
1.02571
1.021
1.01212
1.00019
0.986878
0.97399
0.963221
0.955834
0.952536
0.953441
0.958212
0.966262
0.976943
0.989584
1.00344
1.01762
1.0311
1.04271
1.05102
1.05442
1.05148
1.04159
1.02576
1.00686
0.989148
0.976584
0.971128
0.972383
0.978931
0.989675
1.00419
1.02219
1.04298
1.06506
1.08634
1.10445
1.11735
1.12405
1.12524
1.1233
1.12135
1.12168
1.12497
1.13054
1.13721
1.14393
1.15002
1.15511
1.15882
1.16063
1.15995
1.15627
1.14951
1.14013
1.12904
1.11739
1.10616
1.09594
1.08666
1.07787
1.06906
1.06004
1.05101
1.04246
1.03493
1.02894
1.02485
1.02272
1.02228
1.02305
1.02445
1.0258
1.02626
1.02496
1.02128
1.01535
1.00848
1.00291
1.00087
1.00341
1.00975
1.01781
1.02525
1.03043
1.03275
1.03256
1.03076
1.02835
1.02602
1.02395
1.0219
1.0194
1.01616
1.0123
1.00825
1.00457
1.00177
1.00005
0.999337
0.99942
1.00023
1.0021
1.00557
1.011
1.01798
1.02518
1.03081
1.03325
1.03159
1.02593
1.01737
1.00773
0.999101
0.993398
0.991798
0.994241
0.999116
1.00363
1.00483
1.00083
0.991632
0.97926
0.967153
0.95911
0.957745
0.963188
0.973074
0.984018
0.993187
0.999137
1.00182
1.00237
1.0028
1.00549
1.01231
1.02398
1.03973
1.05796
1.07687
1.09496
1.11107
1.12438
1.13435
1.14059
1.14275
1.14054
1.13391
1.1233
1.10989
1.09533
1.0813
1.06896
1.0588
1.0507
1.04428
1.03903
1.03441
1.02982
1.02462
1.0181
1.00969
0.999363
0.987936
0.976933
0.968093
0.96293
0.962551
0.967358
0.976594
0.988386
1.00049
1.01112
1.01928
1.02466
1.02749
1.02831
1.0279
1.02702
1.0262
1.0256
1.02512
1.0247
1.02469
1.02591
1.02922
1.03514
1.04355
1.05373
1.0648
1.07599
1.08676
1.09673
1.10556
1.1129
1.11852
1.12244
1.12488
1.1261
1.12602
1.12419
1.12013
1.11373
1.10541
1.09607
1.08673
1.07831
1.07137
1.06602
1.06206
1.05896
1.05574
1.05099
1.04311
1.03119
1.01585
0.999517
0.985575
0.976617
0.973124
0.973697
0.976506
0.980466
0.985455
0.991959
1.00053
1.0113
1.02378
1.03692
1.04958
1.06084
1.07039
1.0785
1.0857
1.09223
1.09769
1.1011
1.10135
1.09762
1.08975
1.07831
1.06438
1.0492
1.03377
1.01859
1.00368
0.988875
0.974196
0.960102
0.947634
0.938276
0.933666
0.935022
0.942383
0.954166
0.967691
0.980293
0.990105
0.996231
0.998503
0.997143
0.992619
0.985541
0.976651
0.966828
0.957232
0.949319
0.944644
0.944671
0.950617
0.963235
0.982386
1.0065
1.03236
1.05573
1.07272
1.08113
1.08088
1.07363
1.06193
1.04846
1.03549
1.02472
1.01707
1.01286
1.01196
1.01397
1.01826
1.02392
1.0301
1.03625
1.04237
1.04883
1.05621
1.06479
1.07434
1.08413
1.09309
1.1002
1.10471
1.10625
1.10467
1.09989
1.09186
1.08054
1.06616
1.04953
1.03231
1.01708
1.00663
1.00266
1.00486
1.01114
1.01857
1.02423
1.02577
1.02175
1.01191
0.997562
0.98179
0.96887
0.962709
0.964922
0.97425
0.987663
1.00189
1.01461
1.02478
1.03237
1.03775
1.04119
1.0427
1.0423
1.04032
1.0375
1.03486
1.0334
1.03367
1.03568
1.03887
1.04248
1.04584
1.04883
1.052
1.05627
1.06215
1.06885
1.07442
1.07674
1.07474
1.06887
1.06077
1.05212
1.04399
1.03679
1.03088
1.02676
1.02469
1.02444
1.02542
1.02734
1.03051
1.03567
1.04314
1.052
1.06001
1.06418
1.06185
1.0515
1.03317
1.00868
0.98139
0.955585
0.935208
0.922648
0.918192
0.920435
0.927174
0.936215
0.945779
0.954565
0.961646
0.966415
0.968682
0.968904
0.968307
0.96882
0.972532
0.980773
0.99317
1.00759
1.02121
1.03173
1.03818
1.04088
1.04109
1.04051
1.04068
1.04256
1.0462
1.05089
1.0558
1.06029
1.06401
1.06655
1.06737
1.06598
1.0624
1.05718
1.05133
1.04591
1.0418
1.03967
1.04012
1.04378
1.05119
1.06239
1.07646
1.09136
1.10437
1.11303
1.11592
1.11319
1.10638
1.09774
1.08932
1.08269
1.07885
1.07827
1.08069
1.08513
1.09029
1.09492
1.09826
1.10013
1.10092
1.10128
1.10169
1.10236
1.10336
1.10488
1.10729
1.1107
1.11462
1.11795
1.11974
1.11982
1.11888
1.11784
1.11707
1.1162
1.11423
1.11016
1.10339
1.09399
1.08269
1.07078
1.05984
1.05137
1.04651
1.04596
1.05014
1.05925
1.07303
1.09043
1.10946
1.12761
1.14251
1.15252
1.15701
1.15622
1.15087
1.14178
1.12957
1.11473
1.09782
1.07975
1.06188
1.04581
1.03289
1.02373
1.01809
1.01531
1.01489
1.01687
1.02159
1.02927
1.03965
1.05179
1.06428
1.07551
1.08415
1.08941
1.09122
1.09005
1.08674
1.08208
1.07673
1.07112
1.06558
1.06044
1.05604
1.05277
1.05098
1.05088
1.0525
1.05572
1.0603
1.06585
1.07181
1.07761
1.083
1.08815
1.09342
1.09898
1.10427
1.10795
1.10824
1.10366
1.09362
1.07867
1.06031
1.04051
1.02126
1.0043
0.991277
0.983924
0.983963
0.992157
1.00747
1.02731
1.04863
1.06888
1.08634
1.10004
1.10946
1.11423
1.11393
1.10804
1.09621
1.07843
1.0553
1.02814
0.999001
0.970461
0.945275
0.925811
0.913574
0.908976
0.911442
0.91963
0.931819
0.946275
0.961604
0.976868
0.991426
1.00454
1.01528
1.02281
1.02696
1.02827
1.02774
1.02634
1.02455
1.02238
1.01965
1.01631
1.01277
1.00983
1.00831
1.00856
1.0102
1.01236
1.01427
1.01576
1.01739
1.02009
1.02455
1.03072
1.03775
1.04438
1.04943
1.05208
1.05205
1.0497
1.0461
1.04291
1.04195
1.0444
1.05019
1.05805
1.06619
1.073
1.07746
1.07916
1.07818
1.07495
1.07003
1.06396
1.05716
1.04986
1.04218
1.03417
1.02592
1.01766
1.01001
1.00415
1.00156
1.00326
1.00926
1.01846
1.02918
1.03962
1.04821
1.05383
1.05592
1.05452
1.05014
1.04341
1.03496
1.02544
1.0157
1.00685
0.999987
0.995662
0.993691
0.993416
0.994116
0.995285
0.996728
0.998513
1.00095
1.00454
1.00978
1.01687
1.0255
1.03491
1.04398
1.05152
1.05655
1.05857
1.05767
1.05439
1.04949
1.04373
1.03785
1.03279
1.02983
1.03043
1.03576
1.04598
1.06001
1.07574
1.09063
1.10238
1.1094
1.11099
1.1073
1.09918
1.08797
1.0754
1.06347
1.05418
1.04916
1.04895
1.05252
1.05726
1.05979
1.05734
1.04882
1.03526
1.01947
1.00488
0.994018
0.987536
0.984232
0.98232
0.980913
0.98082
0.984
0.992272
1.0061
1.02442
1.04531
1.06676
1.08701
1.10464
1.11851
1.12775
1.1318
1.13047
1.12407
1.11342
1.09967
1.08414
1.06808
1.05281
1.04012
1.0323
1.03123
1.03696
1.04757
1.06044
1.07344
1.08529
1.09506
1.10182
1.10469
1.10317
1.09758
1.08914
1.07981
1.07175
1.06671
1.06567
1.06879
1.07569
1.08574
1.09806
1.1115
1.12463
1.13603
1.14449
1.14902
1.14879
1.143
1.13115
1.11353
1.09201
1.07033
1.05314
1.04366
1.04179
1.04478
1.04972
1.05522
1.06134
1.06851
1.07657
1.08456
1.09092
1.09395
1.0922
1.08489
1.07266
1.05809
1.04521
1.03717
1.03403
1.03315
1.03164
1.02798
1.02215
1.01491
1.00733
1.00069
0.996397
0.99583
0.999995
1.00916
1.02264
1.03891
1.056
1.07199
1.08554
1.096
1.10331
1.10775
1.10969
1.10942
1.10703
1.10261
1.09654
1.08986
1.08432
1.08179
1.08331
1.08852
1.09582
1.1031
1.10848
1.11079
1.1097
1.1055
1.09884
1.0903
1.08026
1.06913
1.05782
1.0478
1.04053
1.03669
1.0357
1.03591
1.0353
1.03217
1.0256
1.01565
1.00346
0.991513
0.983587
0.983908
0.995073
1.0162
1.04309
1.07043
1.09384
1.11091
1.12098
1.12485
1.12444
1.1223
1.12106
1.12274
1.12826
1.13729
1.14858
1.16032
1.17057
1.17756
1.17987
1.17652
1.16723
1.15283
1.13524
1.11683
1.09937
1.08365
1.07021
1.06006
1.05431
1.05319
1.05571
1.05991
1.06382
1.06613
1.0665
1.0654
1.06364
1.06177
1.05993
1.05812
1.05623
1.05392
1.05063
1.04599
1.04025
1.03427
1.02908
1.02528
1.02285
1.02133
1.02027
1.01952
1.01924
1.01982
1.02146
1.02409
1.02722
1.03017
1.0322
1.0328
1.03182
1.0296
1.02694
1.02486
1.02424
1.02538
1.02769
1.02991
1.03072
1.02943
1.0265
1.02346
1.02264
1.02636
1.03603
1.05129
1.06983
1.08801
1.10222
1.11021
1.1116
1.10767
1.10023
1.09082
1.08037
1.06951
1.05892
1.04944
1.04196
1.03718
1.03555
1.0373
1.04267
1.05194
1.06514
1.08138
1.09875
1.11468
1.12661
1.1324
1.13079
1.12194
1.10782
1.09194
1.07792
1.06767
1.06079
1.05555
1.05037
1.04456
1.03821
1.03174
1.02559
1.02
1.01509
1.01097
1.00784
1.00613
1.00668
1.01053
1.01842
1.03023
1.04479
1.06014
1.07408
1.08471
1.09076
1.09176
1.08793
1.08012
1.0695
1.05721
1.04425
1.03156
1.02008
1.0106
1.00367
0.999626
0.998861
1.0018
1.00871
1.01955
1.03366
1.0497
1.06575
1.07956
1.08917
1.09336
1.09201
1.08613
1.0775
1.06802
1.0589
1.05022
1.04111
1.03067
1.01884
1.00705
0.998056
0.994646
0.997901
1.00642
1.01744
1.02847
1.03825
1.04661
1.05374
1.05965
1.06385
1.06574
1.06494
1.06142
1.05532
1.04693
1.03687
1.02636
1.01721
1.01119
1.0091
1.01031
1.01324
1.01628
1.01841
1.01933
1.01935
1.01907
1.01909
1.01976
1.02111
1.02284
1.02448
1.02549
1.02541
1.02408
1.02187
1.01956
1.01805
1.01762
1.01779
1.01759
1.01631
1.01409
1.01194
1.01139
1.01393
1.0205
1.0312
1.04547
1.06225
1.0804
1.09891
1.11705
1.13434
1.15031
1.16446
1.17612
1.18453
1.18898
1.18881
1.1836
1.17315
1.15756
1.13742
1.11385
1.08863
1.06395
1.04197
1.02425
1.0115
1.00361
0.999892
0.999517
1.00168
1.00573
1.01114
1.01736
1.02375
1.02975
1.03508
1.03998
1.0452
1.0518
1.06053
1.07114
1.08212
1.09122
1.0964
1.09651
1.09138
1.08175
1.06888
1.05435
1.03986
1.027
1.01701
1.01059
1.00767
1.00764
1.00974
1.01345
1.01854
1.02507
1.03325
1.04334
1.05553
1.06968
1.08507
1.10026
1.11316
1.12149
1.12326
1.11706
1.10271
1.08184
1.0584
1.03781
1.02403
1.01667
1.01226
1.00804
1.00442
1.004
1.00876
1.01811
1.02954
1.04027
1.0483
1.05246
1.0522
1.04741
1.03833
1.02532
1.00881
0.989417
0.968244
0.947256
0.929438
0.918358
0.917352
0.928155
0.949799
0.978619
1.0095
1.03752
1.05909
1.07232
1.0768
1.07322
1.06295
1.04765
1.02899
1.00848
0.987414
0.967071
0.94903
0.935288
0.927745
0.927319
0.93367
0.945854
0.963041
0.984394
1.00835
1.03231
1.05307
1.06776
1.07484
1.07452
1.06857
1.05946
1.0491
1.03803
1.02587
1.01273
0.999957
0.98976
0.983911
0.982904
0.985993
0.99206
1.00069
1.01244
1.02769
1.04519
1.06222
1.07606
1.08491
1.08782
1.08443
1.07516
1.06122
1.04448
1.02695
1.01009
0.994586
0.980556
0.96811
0.957769
0.950454
0.947488
0.950685
0.962027
0.981924
1.00726
1.03212
1.05098
1.06111
1.0627
1.05778
1.04906
1.03914
1.02999
1.02291
1.01876
1.01809
1.02101
1.02706
1.03524
1.04438
1.0536
1.06281
1.07279
1.08462
1.09868
1.11412
1.12923
1.14221
1.15165
1.15661
1.1566
1.15152
1.14167
1.12784
1.11125
1.09353
1.07651
1.06204
1.05148
1.04523
1.04263
1.0425
1.04373
1.04565
1.04809
1.05108
1.05474
1.05908
1.06388
1.06863
1.07256
1.07486
1.07485
1.07218
1.06705
1.0602
1.05273
1.04562
1.03936
1.03384
1.02861
1.02345
1.01874
1.01532
1.01406
1.0154
1.01923
1.02531
1.03354
1.04393
1.05623
1.06963
1.08271
1.09366
1.10089
1.10351
1.10181
1.09734
1.0926
1.09019
1.09185
1.09792
1.10739
1.11849
1.12935
1.13846
1.14489
1.14808
1.14778
1.14384
1.13613
1.12454
1.10899
1.08966
1.06728
1.04336
1.02033
1.00116
0.988525
0.983643
0.985714
0.992259
1.00025
1.00728
1.01216
1.01489
1.01616
1.01676
1.01717
1.01758
1.01797
1.01811
1.01756
1.01572
1.01207
1.00652
0.999744
0.993064
0.98795
0.985465
0.985888
0.988921
0.994245
1.00191
1.01235
1.02597
1.04256
1.06092
1.07895
1.09421
1.10471
1.10959
1.10933
1.10556
1.10036
1.09539
1.09125
1.08756
1.08361
1.07914
1.07461
1.07103
1.06927
1.0695
1.07086
1.07181
1.07081
1.06706
1.06114
1.05494
1.05094
1.0511
1.05597
1.06436
1.0738
1.08141
1.08477
1.08247
1.07439
1.06171
1.04668
1.03218
1.02085
1.01417
1.01211
1.01344
1.01656
1.02023
1.02384
1.02718
1.03035
1.03376
1.03804
1.04344
1.04938
1.05465
1.05836
1.06064
1.06257
1.06549
1.06986
1.07469
1.07784
1.0775
1.07367
1.06865
1.06559
1.06634
1.07073
1.07809
1.08863
1.10272
1.11958
1.13708
1.15304
1.1664
1.17724
1.18607
1.19291
1.19707
1.19763
1.19387
1.18537
1.17187
1.15344
1.1306
1.10462
1.07773
1.05294
1.03367
1.02297
1.02265
1.03265
1.05121
1.07535
1.1014
1.12537
1.14365
1.15371
1.15449
1.1463
1.13039
1.10861
1.08306
1.05597
1.02956
1.00607
0.987829
0.976903
0.974498
0.980339
0.992447
1.00761
1.02234
1.03392
1.04118
1.04449
1.04512
1.04449
1.0436
1.04282
1.04194
1.04062
1.03923
1.03897
1.04117
1.04613
1.0526
1.05814
1.06027
1.05756
1.05006
1.03915
1.02682
1.0148
1.00409
0.994946
0.987271
0.981018
0.97608
0.971777
0.966687
0.959755
0.952071
0.947166
0.948312
0.955484
0.965692
0.975843
0.9843
0.990614
0.994747
0.996801
0.997035
0.995936
0.994126
0.992258
0.991078
0.991581
0.994958
1.00208
1.01267
1.02502
1.03675
1.04595
1.05197
1.05538
1.0574
1.05917
1.06138
1.06425
1.06773
1.07163
1.07565
1.07944
1.08269
1.08524
1.08708
1.08828
1.08878
1.08831
1.08644
1.08261
1.07647
1.06809
1.05817
1.04806
1.03937
1.03327
1.02998
1.02853
1.02739
1.02517
1.02126
1.01577
1.00936
1.00288
0.997286
0.993466
0.992217
0.994091
0.999277
1.00755
1.01837
1.03092
1.04406
1.05644
1.06653
1.0728
1.07396
1.06931
1.05893
1.04393
1.02641
1.0092
0.995142
0.98632
0.983268
0.984956
0.989319
0.994264
0.99853
1.00202
1.00534
1.0093
1.01458
1.02183
1.03177
1.04501
1.06143
1.07977
1.09752
1.11171
1.11983
1.12059
1.11406
1.10149
1.08484
1.06643
1.0485
1.0329
1.02092
1.01319
1.00977
1.01029
1.01409
1.02038
1.02861
1.03848
1.04983
1.06218
1.07454
1.08544
1.09327
1.09675
1.09526
1.08891
1.07848
1.06526
1.05067
1.03603
1.02238
1.01049
1.00084
0.993745
0.989331
0.987519
0.988049
0.990581
0.994785
1.00038
1.00707
1.01452
1.02218
1.02923
1.03448
1.03669
1.03502
1.02953
1.02122
1.01185
1.00354
0.998233
0.99725
1.0009
1.00851
1.01864
1.02949
1.03922
1.04623
1.0494
1.04818
1.0427
1.03386
1.02343
1.01357
1.00607
1.00165
0.999835
0.999597
0.999906
0.999986
0.999239
0.99733
0.994356
0.991138
0.989274
0.990901
0.997909
1.01096
1.02882
1.04849
1.06616
1.07856
1.0841
1.08327
1.07832
1.07225
1.06722
1.06338
1.05898
1.05195
1.04192
1.03095
1.02258
1.01939
1.02157
1.02776
1.03669
1.0478
1.06071
1.07451
1.08748
1.09735
1.10187
1.09936
1.08904
1.07098
1.04579
1.01466
0.979903
0.945641
0.917107
0.898691
0.892091
0.896201
0.908729
0.927752
0.951957
0.979753
1.00861
1.03529
1.05674
1.07102
1.07771
1.07802
1.07434
1.06951
1.06587
1.0646
1.06564
1.06806
1.07078
1.07292
1.07401
1.07396
1.07304
1.07179
1.07082
1.0707
1.07158
1.07314
1.07454
1.07481
1.07327
1.07015
1.06693
1.06582
1.06854
1.07494
1.08282
1.08913
1.09138
1.08847
1.08083
1.07014
1.05876
1.04906
1.04261
1.03949
1.03861
1.03842
1.03763
1.03548
1.03171
1.02671
1.02148
1.01737
1.01558
1.0167
1.0208
1.02776
1.03741
1.0493
1.06247
1.07527
1.08579
1.09237
1.09424
1.09179
1.08656
1.08084
1.07704
1.07708
1.08169
1.09017
1.10069
1.11095
1.11891
1.12327
1.12347
1.11964
1.11238
1.10247
1.09069
1.07765
1.06384
1.0497
1.03566
1.02211
1.00944
0.998181
0.989074
0.982978
0.980622
0.982486
0.988754
0.999315
1.01363
1.03061
1.04857
1.06551
1.07949
1.08916
1.09374
1.09287
1.08644
1.07489
1.05951
1.0424
1.02594
1.01209
1.00214
0.996665
0.995778
0.9992
1.00627
1.01596
1.02704
1.03832
1.04886
1.05798
1.06527
1.07039
1.073
1.07286
1.06989
1.06427
1.05635
1.04667
1.0359
1.02479
1.01423
1.00511
0.998282
0.994448
0.994054
0.997247
1.00392
1.01381
1.02636
1.0404
1.05414
1.06576
1.0742
1.07952
1.08231
1.08314
1.08211
1.07909
1.07418
1.06802
1.0617
1.05637
1.05283
1.05139
1.05184
1.05369
1.05644
1.05971
1.06322
1.06677
1.0704
1.07441
1.07933
1.08565
1.09354
1.10267
1.11235
1.12175
1.13009
1.13659
1.14057
1.14151
1.13933
1.13435
1.12734
1.11938
1.11148
1.10439
1.09838
1.09331
1.08873
1.08403
1.07865
1.07217
1.06448
1.05589
1.0472
1.03962
1.03457
1.03308
1.03534
1.04052
1.04723
1.05408
1.06034
1.06592
1.07105
1.07576
1.07953
1.08136
1.08009
1.0749
1.06573
1.05348
1.04
1.02773
1.01904
1.01536
1.0166
1.02087
1.02515
1.02621
1.02166
1.0108
0.994924
0.97718
0.961856
0.953117
0.953657
0.96354
0.979833
0.997777
1.0129
1.02256
1.02632
1.02548
1.02234
1.01961
1.01981
1.02456
1.03418
1.04759
1.06299
1.07865
1.0932
1.10563
1.11486
1.11964
1.11864
1.11101
1.09686
1.07747
1.05538
1.03392
1.01655
1.00592
1.00308
1.00697
1.01483
1.02319
1.02904
1.03053
1.02735
1.02048
1.01172
1.00298
0.995666
0.990483
0.987468
0.986189
0.985984
0.986019
0.985431
0.983535
0.980025
0.975073
0.969274
0.963586
0.959313
0.957941
0.960816
0.968695
0.981377
0.997718
1.01601
1.03459
1.05232
1.06867
1.08349
1.09665
1.10791
1.11708
1.12415
1.12907
1.13164
1.13139
1.12788
1.12088
1.11053
1.09756
1.08331
1.06963
1.05834
1.05056
1.04631
1.04457
1.04389
1.04289
1.04083
1.03784
1.03507
1.03469
1.03928
1.05059
1.06816
1.08918
1.10991
1.1272
1.13929
1.14572
1.14687
1.14348
1.13631
1.12618
1.11418
1.10175
1.09033
1.08089
1.07385
1.06934
1.06697
1.06546
1.06275
1.05689
1.04683
1.03254
1.01479
0.99471
0.973728
0.95363
0.93659
0.924919
0.920564
0.924483
0.936189
0.953901
0.975163
0.997654
1.0197
1.04021
1.05835
1.07315
1.08367
1.0894
1.09065
1.08871
1.08572
1.08403
1.08557
1.09133
1.10108
1.11327
1.12532
1.13438
1.13818
1.13556
1.12638
1.11122
1.09117
1.06793
1.04406
1.02279
1.00744
1.00039
1.00226
1.01165
1.02566
1.04102
1.05509
1.06635
1.07433
1.07937
1.08234
1.0844
1.08666
1.08979
1.0939
1.0986
1.10316
1.10693
1.10954
1.11109
1.11195
1.11254
1.11297
1.11295
1.11183
1.10877
1.10299
1.09408
1.08212
1.06767
1.05132
1.03319
1.01321
0.992117
0.972646
0.959098
0.954986
0.960553
0.972804
0.987717
1.00241
1.01597
1.02914
1.04336
1.05959
1.07756
1.09561
1.11126
1.12188
1.12549
1.12108
1.10878
1.08976
1.06603
1.04013
1.015
0.993702
0.979004
0.972739
0.975295
0.985504
1.00114
1.01967
1.03885
1.05682
1.07198
1.0828
1.08807
1.08728
1.08099
1.07084
1.05933
1.04905
1.04189
1.03849
1.03816
1.03946
1.04077
1.04084
1.03907
1.03555
1.03105
1.02665
1.02331
1.02142
1.02072
1.02066
1.02083
1.02107
1.02132
1.0213
1.02034
1.01757
1.01228
1.00437
0.994678
0.984939
0.977417
0.974204
0.976632
0.98491
0.99818
1.01485
1.03299
1.05072
1.06646
1.07902
1.08751
1.09124
1.08984
1.08326
1.07211
1.05779
1.04236
1.02801
1.01638
1.00814
1.003
1.00002
0.998112
0.996517
0.995163
0.994649
0.995836
0.99927
1.00476
1.01143
1.01802
1.0235
1.02741
1.03023
1.03311
1.03728
1.04325
1.05039
1.05732
1.06256
1.06507
1.06458
1.06155
1.0571
1.05278
1.05019
1.05061
1.05466
1.06216
1.0722
1.08338
1.09415
1.10292
1.10829
1.10909
1.10458
1.09464
1.08
1.06241
1.04445
1.02901
1.0185
1.01423
1.01601
1.02238
1.03117
1.04045
1.04907
1.05669
1.06339
1.06914
1.07352
1.07578
1.07503
1.07063
1.06227
1.05005
1.03446
1.01653
0.997836
0.980465
0.966752
0.958877
0.958227
0.964843
0.977121
0.992235
1.0071
1.01938
1.02793
1.03267
1.03424
1.03352
1.03143
1.0287
1.02579
1.02292
1.02014
1.01747
1.01502
1.0132
1.01271
1.01478
1.02101
1.03297
1.05151
1.07587
1.10351
1.13063
1.15313
1.16744
1.17102
1.16262
1.14251
1.11265
1.07667
1.03943
1.0062
0.981699
0.969414
0.970913
0.985669
1.01117
1.04353
1.07812
1.11034
1.13631
1.15344
1.16056
1.15776
1.14619
1.1278
1.10507
1.08078
1.05757
1.03761
1.02243
1.01289
1.00907
1.01015
1.01458
1.02077
1.02755
1.03413
1.03991
1.04446
1.04762
1.04977
1.0518
1.05493
1.06029
1.0684
1.07872
1.08962
1.09885
1.10461
1.10627
1.10463
1.10098
1.09589
1.08866
1.07819
1.06403
1.04685
1.02832
1.01075
0.996739
0.988582
0.987511
0.993168
1.00364
1.01611
1.02787
1.03699
1.04261
1.04476
1.044
1.04102
1.03645
1.03084
1.02477
1.01914
1.01545
1.01568
1.0216
1.03355
1.04992
1.06764
1.08353
1.09541
1.10244
1.10489
1.10375
1.10034
1.0961
1.09223
1.08935
1.08734
1.08527
1.08196
1.0765
1.06875
1.05927
1.04909
1.03935
1.03103
1.02502
1.02197
1.0222
1.02546
1.03094
1.03743
1.0437
1.04887
1.05254
1.05478
1.05596
1.05656
1.05705
1.05781
1.05906
1.06071
1.06241
1.06357
1.0636
1.06202
1.05865
1.0536
1.04721
1.03996
1.03249
1.02556
1.02002
1.01647
1.01493
1.01464
1.01425
1.01242
1.00836
1.00207
0.994201
0.985667
0.977226
0.969249
0.961687
0.954271
0.946843
0.939781
0.934228
0.93205
0.935304
0.945232
0.961336
0.981157
1.0011
1.01757
1.02807
1.03163
1.02888
1.02191
1.0138
1.0079
1.00683
1.01165
1.02171
1.03506
1.04924
1.06201
1.07195
1.07862
1.08244
1.08413
1.08414
1.08245
1.07871
1.07271
1.06469
1.0554
1.04599
1.03785
1.0323
1.0302
1.03173
1.03641
1.04342
1.05186
1.0609
1.0699
1.07841
1.08602
1.09224
1.0965
1.09822
1.09696
1.0926
1.08551
1.07663
1.0673
1.05914
1.05357
1.05149
1.05307
1.05774
1.06438
1.07163
1.0782
1.08305
1.08546
1.08516
1.08251
1.07849
1.0745
1.07192
1.07197
1.0757
1.0835
1.09447
1.10644
1.11708
1.12484
1.12941
1.13138
1.13181
1.13179
1.13207
1.13294
1.13413
1.13496
1.1346
1.13242
1.12828
1.12254
1.11586
1.10898
1.1023
1.09579
1.08928
1.08294
1.07761
1.07472
1.07578
1.08155
1.0916
1.10417
1.11678
1.12705
1.13324
1.13451
1.13092
1.12326
1.1129
1.10144
1.09053
1.08166
1.07586
1.07357
1.07441
1.07721
1.08037
1.08242
1.08237
1.07974
1.07454
1.06715
1.05867
1.05094
1.04609
1.0454
1.04854
1.0539
1.05972
1.06475
1.06838
1.07031
1.07033
1.0683
1.06452
1.05995
1.05615
1.05451
1.05549
1.05859
1.06308
1.06857
1.075
1.08225
1.08986
1.09704
1.10286
1.10643
1.10715
1.10487
1.1001
1.09416
1.089
1.08656
1.08777
1.092
1.09737
1.10165
1.10292
1.09995
1.09243
1.0809
1.06667
1.05144
1.03704
1.02499
1.01629
1.01126
1.00965
1.01082
1.0141
1.01898
1.02515
1.03231
1.03997
1.0476
1.05512
1.06344
1.07387
1.08691
1.10138
1.11481
1.12469
1.12941
1.12849
1.12255
1.11297
1.10155
1.08998
1.07957
1.07111
1.06501
1.06143
1.06038
1.06162
1.06453
1.06816
1.07139
1.07321
1.07292
1.07034
1.06579
1.05997
1.0538
1.04814
1.0437
1.04094
1.04008
1.041
1.04332
1.04651
1.04988
1.0527
1.05414
1.05351
1.05051
1.04572
1.04089
1.03849
1.04047
1.04693
1.05616
1.06587
1.07432
1.08064
1.08444
1.08543
1.0833
1.07801
1.07006
1.06064
1.05147
1.04431
1.04022
1.03913
1.03985
1.04067
1.04026
1.03833
1.03571
1.03379
1.0334
1.0342
1.03492
1.0343
1.03194
1.02852
1.02534
1.02361
1.02404
1.02669
1.03124
1.03713
1.04355
1.04945
1.05361
1.05519
1.05424
1.05219
1.05123
1.05254
1.05511
1.05671
1.05581
1.05251
1.04803
1.04378
1.04071
1.03908
1.03856
1.03844
1.03811
1.03753
1.03749
1.03927
1.0437
1.05061
1.05875
1.06641
1.07188
1.07361
1.07046
1.06225
1.05059
1.03936
1.03333
1.03474
1.04107
1.04692
1.04815
1.04386
1.03593
1.02739
1.0208
1.01688
1.01441
1.01119
1.00521
0.995314
0.981576
0.965506
0.950397
0.940996
0.941715
0.953899
0.974465
0.997389
1.01682
1.0294
1.0347
1.0344
1.03106
1.0271
1.02416
1.02286
1.02306
1.02432
1.0265
1.03
1.03557
1.04402
1.05588
1.07103
1.08856
1.10684
1.12415
1.13928
1.15176
1.16159
1.16858
1.17207
1.17102
1.16466
1.15315
1.13793
1.12142
1.1064
1.09516
1.08852
1.08547
1.08366
1.08081
1.07561
1.06789
1.05837
1.04828
1.03894
1.03111
1.02457
1.01843
1.01221
1.00645
1.00264
1.00251
1.00695
1.0153
1.02551
1.03532
1.0433
1.04901
1.05265
1.05453
1.05474
1.05274
1.0474
1.03754
1.02286
1.00466
0.985702
0.969362
0.95822
0.953212
0.953837
0.959021
0.96787
0.979759
0.993728
1.00799
1.02028
1.02874
1.03264
1.03252
1.02999
1.02709
1.0254
1.02564
1.02762
1.03092
1.03517
1.03995
1.0445
1.04793
1.04972
1.05041
1.05189
1.05657
1.06565
1.0775
1.08831
1.09413
1.09285
1.0848
1.07247
1.05942
1.04915
1.04397
1.0445
1.04993
1.0587
1.06926
1.08037
1.09112
1.10066
1.10804
1.11227
1.11256
1.10847
1.09991
1.08694
1.06976
1.04872
1.02438
0.997461
0.968843
0.939672
0.911823
0.888308
0.872884
0.868581
0.875815
0.891672
0.911299
0.930432
0.946838
0.96014
0.970965
0.980168
0.988522
0.996765
1.00574
1.01642
1.02928
1.04365
1.05747
1.06809
1.07344
1.07271
1.06641
1.056
1.04358
1.03143
1.02165
1.01587
1.01496
1.01891
1.02683
1.0371
1.04779
1.05684
1.06256
1.06384
1.06038
1.05263
1.04156
1.02831
1.01389
0.999117
0.984695
0.971281
0.959549
0.950173
0.943808
0.94104
0.942436
0.948599
0.960123
0.977355
1.00006
1.02716
1.05675
1.0864
1.11359
1.13613
1.15246
1.16182
1.16425
1.16045
1.15163
1.13941
1.1256
1.11183
1.09908
1.08753
1.0768
1.06648
1.05649
1.04701
1.03838
1.03088
1.02473
1.02012
1.01737
1.01707
1.02056
1.03
1.04737
1.07225
1.10076
1.12707
1.14622
1.15575
1.15558
1.14695
1.13158
1.11132
1.08834
1.06512
1.04418
1.02739
1.0156
1.00865
1.00563
1.00552
1.00756
1.01157
1.01784
1.02671
1.03803
1.05091
1.06381
1.07503
1.08318
1.08769
1.08906
1.0887
1.08809
1.08741
1.08466
1.07627
1.05959
1.03585
1.01129
0.993603
0.985307
0.982368
0.979464
0.97418
0.967084
0.960102
0.955215
0.953794
0.956612
0.964252
0.977106
0.994833
1.01577
1.03708
1.05573
1.06944
1.07718
1.07899
1.07558
1.0681
1.05794
1.04665
1.03571
1.02641
1.02
1.01783
1.02118
1.03031
1.04375
1.05845
1.07094
1.07879
1.08132
1.07966
1.07603
1.0728
1.0715
1.0725
1.07523
1.07875
1.08211
1.0844
1.0847
1.08213
1.07618
1.06705
1.05575
1.04389
1.03301
1.02404
1.0171
1.0118
1.00772
1.00477
1.00314
1.00283
1.00345
1.0043
1.00477
1.00467
1.00418
1.0036
1.00322
1.00338
1.00457
1.00743
1.01237
1.01911
1.02681
1.03444
1.04135
1.04749
1.05318
1.05875
1.0644
1.07018
1.07619
1.08261
1.08945
1.09631
1.1022
1.10578
1.10553
1.10017
1.089
1.07233
1.05167
1.02942
1.0082
0.990158
0.976585
0.967971
0.96418
0.964665
0.968614
0.975053
0.983078
0.992032
1.00155
1.01142
1.02132
1.03071
1.03882
1.04489
1.04822
1.04822
1.0443
1.03618
1.02412
1.00909
0.992658
0.976571
0.962297
0.951095
0.944506
0.94467
0.953653
0.9719
0.997176
1.02518
1.05136
1.07251
1.08724
1.09561
1.0987
1.09799
1.09504
1.09106
1.0868
1.08241
1.07755
1.07179
1.06501
1.05777
1.05144
1.04778
1.04831
1.05353
1.06261
1.07351
1.08354
1.09009
1.09141
1.08719
1.07873
1.06873
1.06051
1.05655
1.05734
1.06112
1.0649
1.0661
1.0641
1.0607
1.0593
1.06304
1.0731
1.08848
1.10679
1.12537
1.14204
1.15526
1.16415
1.16821
1.16723
1.16117
1.15024
1.13499
1.1164
1.09598
1.07553
1.05685
1.04127
1.02934
1.02081
1.01491
1.01078
1.00783
1.00603
1.00574
1.00744
1.01126
1.01686
1.02355
1.03063
1.03774
1.04492
1.05258
1.06139
1.07187
1.08425
1.0982
1.11288
1.12713
1.13965
1.14921
1.15487
1.15619
1.15331
1.14688
1.13776
1.12656
1.1135
1.09876
1.08332
1.06955
1.06057
1.05841
1.06256
1.07036
1.07852
1.08424
1.08572
1.08226
1.07396
1.06153
1.04619
1.02969
1.01409
1.00133
0.992871
0.989398
0.990717
0.995726
1.00264
1.00952
1.01486
1.01799
1.01913
1.01905
1.0187
1.01911
1.02136
1.02649
1.03521
1.0476
1.06293
1.07993
1.09715
1.11343
1.12794
1.14015
1.1496
1.15582
1.15835
1.15691
1.15158
1.14283
1.13144
1.11826
1.10418
1.09017
1.0773
1.06634
1.05733
1.04957
1.04256
1.03661
1.0329
1.03276
1.03686
1.0447
1.05469
1.06485
1.0735
1.07961
1.0828
1.08311
1.08072
1.07583
1.06874
1.06019
1.05123
1.04301
1.03638
1.03163
1.02862
1.02714
1.02708
1.02846
1.03135
1.03584
1.04203
1.05004
1.05975
1.07058
1.08132
1.09033
1.09585
1.09652
1.09169
1.08169
1.0677
1.0515
1.03512
1.0206
1.00951
1.00257
0.999309
0.998276
0.997632
0.996047
0.993391
0.990967
0.99085
0.994848
1.00357
1.01604
1.03011
1.04316
1.05285
1.05761
1.05683
1.05091
1.04099
1.0287
1.01565
1.00312
0.991916
0.982843
0.9772
0.976757
0.982753
0.994692
1.0102
1.02636
1.04127
1.05476
1.06784
1.08142
1.0952
1.10764
1.11675
1.1211
1.12005
1.11351
1.10172
1.0854
1.06599
1.04586
1.02778
1.01391
1.00509
1.00102
1.0009
1.00365
1.0078
1.01152
1.01314
1.01154
1.00628
0.997464
0.985553
0.971581
0.957418
0.945784
0.939655
0.940973
0.949465
0.962688
0.97733
0.990741
1.00172
1.01033
1.01729
1.02337
1.02906
1.03442
1.03907
1.04238
1.04381
1.04322
1.04099
1.03795
1.03523
1.03409
1.03577
1.04111
1.05004
1.06146
1.07356
1.08419
1.09114
1.09242
1.08688
1.07477
1.05778
1.03861
1.02018
1.00469
0.992877
0.984089
0.976918
0.970324
0.96442
0.960389
0.959442
0.961683
0.965864
0.970243
0.973533
0.975288
0.975742
0.975596
0.97587
0.977717
0.981993
0.988728
0.996859
1.00458
1.0101
1.0123
1.01105
1.00724
1.00252
0.998824
0.997944
1.00094
1.00781
1.01757
1.02868
1.03972
1.04981
1.05865
1.06622
1.07256
1.07756
1.08106
1.08295
1.0832
1.08183
1.07881
1.07413
1.06792
1.06051
1.05234
1.04393
1.0357
1.028
1.02115
1.01554
1.01164
1.0099
1.01059
1.01367
1.019
1.02648
1.03608
1.04746
1.05985
1.07204
1.08269
1.09059
1.09493
1.09558
1.09317
1.08904
1.08504
1.08292
1.0837
1.08718
1.09208
1.09638
1.09796
1.09506
1.08686
1.07391
1.05846
1.04386
1.03311
1.02713
1.02457
1.02353
1.02298
1.02296
1.02392
1.02618
1.02975
1.03442
1.03981
1.04538
1.05052
1.05468
1.05758
1.05929
1.06021
1.06085
1.06158
1.06237
1.06279
1.06216
1.05987
1.05579
1.05025
1.0438
1.03689
1.02982
1.02291
1.01668
1.01188
1.00938
1.00998
1.01415
1.02153
1.03063
1.03924
1.04535
1.04801
1.04764
1.04566
1.0438
1.04339
1.04488
1.04797
1.05185
1.05552
1.05789
1.05798
1.05491
1.04834
1.03874
1.02753
1.01669
1.00816
1.00306
1.00155
1.00311
1.00701
1.01247
1.01874
1.02508
1.03084
1.03552
1.03895
1.04128
1.04288
1.04413
1.04518
1.04576
1.04522
1.04286
1.0383
1.03175
1.0239
1.01561
1.00757
1.00011
0.993186
0.986505
0.979481
0.971404
0.961785
0.950964
0.940673
0.934211
0.935332
0.946242
0.96609
0.99145
1.01817
1.04296
1.06406
1.08114
1.09458
1.10485
1.11205
1.11615
1.11725
1.11586
1.11292
1.10951
1.10649
1.1041
1.10192
1.09917
1.09538
1.09088
1.0867
1.0838
1.0822
1.08096
1.07896
1.07579
1.07181
1.06788
1.06489
1.06349
1.06414
1.06715
1.0728
1.08121
1.09214
1.10471
1.11756
1.12917
1.13839
1.1446
1.14759
1.14731
1.14352
1.13574
1.12381
1.1085
1.09159
1.07502
1.05976
1.0457
1.03261
1.02119
1.01312
1.01017
1.01338
1.02258
1.03676
1.05476
1.07551
1.09765
1.11918
1.13755
1.15045
1.15641
1.15491
1.14624
1.13126
1.11111
1.08714
1.06093
1.03456
1.01065
0.991822
0.979561
0.973458
0.971706
0.972448
0.974538
0.97753
0.981089
0.984927
0.989085
0.994156
1.00091
1.00964
1.01982
1.03039
1.04043
1.04974
1.05885
1.06855
1.07908
1.08981
1.09928
1.1058
1.10795
1.10498
1.09696
1.08469
1.0694
1.05234
1.03436
1.01591
0.997321
0.979234
0.963076
0.95103
0.945365
0.947153
0.955312
0.966837
0.97806
0.985918
0.988918
0.987862
0.985837
0.986699
0.992697
1.00336
1.01652
1.0298
1.04145
1.05048
1.05662
1.06028
1.06247
1.06451
1.06759
1.07228
1.07853
1.08577
1.09314
1.09962
1.1041
1.10552
1.10322
1.09723
1.08832
1.07793
1.06793
1.06035
1.05691
1.05845
1.06469
1.07449
1.08635
1.09875
1.11046
1.12057
1.12852
1.13407
1.13723
1.13817
1.13708
1.13413
1.12938
1.12267
1.11358
1.10156
1.08622
1.0678
1.04743
1.02693
1.00839
0.99355
0.983561
0.978908
0.979562
0.985064
0.994562
1.00691
1.02085
1.03519
1.04874
1.06046
1.06961
1.076
1.07997
1.0822
1.08347
1.08456
1.08617
1.08876
1.09241
1.09673
1.10088
1.10395
1.10525
1.10454
1.10222
1.09917
1.0965
1.09498
1.09472
1.09515
1.09536
1.09467
1.09306
1.09135
1.09088
1.09297
1.09822
1.106
1.11455
1.12143
1.12416
1.12083
1.11052
1.09352
1.0716
1.04776
1.02569
1.00878
0.999347
0.998213
1.00479
1.01738
1.03358
1.0509
1.06722
1.08117
1.09234
1.1011
1.10802
1.11331
1.11668
1.11768
1.11624
1.11288
1.10838
1.10335
1.09795
1.09176
1.08406
1.0743
1.0626
1.05002
1.03826
1.02892
1.0226
1.01872
1.01588
1.01274
1.00852
1.00335
0.998096
0.993845
0.991136
0.989769
0.989381
0.990412
0.994326
1.00274
1.01613
1.03333
1.05237
1.0715
1.08962
1.1059
1.11932
1.1285
1.13212
1.12947
1.12086
1.1076
1.09159
1.0747
1.05845
1.04393
1.03195
1.02292
1.01656
1.01177
1.00699
1.00082
0.992526
0.982386
0.971892
0.96348
0.960013
0.96413
0.977543
0.99976
1.02735
1.05543
1.0802
1.10011
1.11528
1.12649
1.13452
1.13983
1.14241
1.1418
1.13753
1.12987
1.1203
1.11122
1.10483
1.10236
1.10376
1.10777
1.11197
1.11378
1.11152
1.105
1.09523
1.08395
1.0731
1.06437
1.05863
1.05554
1.05386
1.05226
1.05003
1.04719
1.04432
1.04215
1.04128
1.04205
1.04436
1.04777
1.05165
1.05539
1.05866
1.06145
1.06424
1.06773
1.07234
1.07761
1.08206
1.08383
1.08144
1.07433
1.06301
1.04872
1.03298
1.01706
1.00189
0.988348
0.977597
0.971019
0.969517
0.972939
0.980145
0.989594
1.00009
1.01119
1.02313
1.03625
1.05032
1.06441
1.07733
1.08814
1.09629
1.10148
1.10353
1.10234
1.09801
1.09102
1.08215
1.07229
1.06214
1.05203
1.04193
1.03185
1.02215
1.01368
1.00763
1.00516
1.00716
1.01388
1.02462
1.03756
1.05036
1.06134
1.07021
1.07779
1.08496
1.09177
1.09737
1.10077
1.10159
1.10027
1.09768
1.0946
1.09111
1.08621
1.07816
1.06541
1.04763
1.02607
1.00315
0.98165
0.963782
0.950702
0.942597
0.939217
0.940435
0.946494
0.95753
0.97284
0.990823
1.00969
1.02836
1.04663
1.06459
1.08209
1.09869
1.1138
1.12675
1.13675
1.14298
1.14478
1.14182
1.13415
1.12218
1.10662
1.08845
1.06892
1.04969
1.03275
1.02012
1.01321
1.01236
1.01672
1.02477
1.03481
1.04537
1.05509
1.06263
1.06678
1.06685
1.06293
1.05609
1.04797
1.04041
1.03498
1.03275
1.03424
1.03944
1.04796
1.05918
1.07237
1.08668
1.10106
1.11426
1.12492
1.13162
1.13317
1.12891
1.11911
1.1053
1.09007
1.07634
1.06616
1.05986
1.05618
1.05325
1.04983
1.04594
1.0427
1.04166
1.04397
1.04981
1.05842
1.0686
1.07911
1.08905
1.09788
1.10542
1.11166
1.11662
1.12025
1.12229
1.12221
1.11917
1.11212
1.09998
1.08223
1.05972
1.03505
1.01194
0.993536
0.980955
0.973677
0.970883
0.972124
0.977081
0.985205
0.995651
1.00741
1.01965
1.03176
1.04338
1.05409
1.06328
1.07002
1.07314
1.07137
1.06351
1.04873
1.02685
0.999007
0.968393
0.940453
0.921354
0.915077
0.921704
0.938557
0.962289
0.990006
1.01929
1.04803
1.07439
1.09686
1.11445
1.1267
1.13364
1.13568
1.13345
1.12779
1.11959
1.10973
1.09911
1.08859
1.07896
1.07084
1.06445
1.0594
1.05485
1.05013
1.04557
1.04263
1.04289
1.04671
1.05267
1.05832
1.06152
1.06121
1.05745
1.05087
1.04241
1.03326
1.02489
1.01887
1.01636
1.01776
1.02264
1.03016
1.03929
1.04881
1.05729
1.06346
1.06672
1.06737
1.06624
1.0641
1.06143
1.05863
1.05631
1.05537
1.05632
1.05864
1.06099
1.06196
1.06086
1.0579
1.05401
1.05046
1.04857
1.04924
1.0527
1.05836
1.06494
1.07091
1.0748
1.0755
1.07235
1.06516
1.05417
1.04009
1.02419
1.00845
0.995429
0.987619
0.98657
0.992311
1.00346
1.01779
1.03296
1.04703
1.05876
1.06767
1.07389
1.07791
1.08025
1.0812
1.08086
1.07933
1.07702
1.07466
1.07307
1.07274
1.07346
1.07422
1.07369
1.07081
1.06548
1.05863
1.05178
1.04625
1.04254
1.0403
1.0387
1.03688
1.03434
1.03102
1.0275
1.02484
1.02419
1.02626
1.03093
1.03723
1.04363
1.04851
1.05062
1.04931
1.04468
1.03766
1.02992
1.02368
1.02094
1.02285
1.02924
1.03898
1.05039
1.06164
1.07109
1.07754
1.08045
1.08001
1.07708
1.07298
1.06912
1.06655
1.06554
1.06557
1.06569
1.06501
1.06299
1.05933
1.05384
1.04652
1.0378
1.02883
1.0215
1.0181
1.02064
1.02988
1.04473
1.06227
1.07891
1.09172
1.09955
1.10307
1.10417
1.1049
1.10653
1.10895
1.11073
1.10989
1.10495
1.09567
1.08318
1.06956
1.05734
1.04879
1.04518
1.04621
1.05027
1.05545
1.06038
1.06438
1.06725
1.06892
1.06922
1.06778
1.06421
1.05822
1.04991
1.04002
1.03015
1.02268
1.02021
1.02458
1.03597
1.05252
1.07084
1.08711
1.0984
1.10335
1.10221
1.09643
1.0881
1.07945
1.07265
1.07008
1.074
1.08543
1.10289
1.1226
1.14024
1.15266
1.15864
1.15856
1.15367
1.14543
1.13507
1.12354
1.11163
1.10036
1.09095
1.0844
1.08087
1.07939
1.07826
1.07602
1.07212
1.06709
1.06217
1.05851
1.05662
1.0562
1.05643
1.05634
1.05503
1.0517
1.04561
1.03612
1.02275
1.00548
0.985017
0.963335
0.943966
0.931187
0.927778
0.933047
0.943517
0.955278
0.965561
0.97293
0.977002
0.978333
0.978422
0.979434
0.98354
0.992106
1.00528
1.02221
1.04149
1.06148
1.08058
1.09742
1.11109
1.12134
1.12866
1.13415
1.13908
1.14433
1.14976
1.15421
1.15602
1.15371
1.14652
1.13458
1.11882
1.10075
1.08205
1.06434
1.049
1.03745
1.03144
1.03276
1.04232
1.05931
1.08114
1.10419
1.12491
1.14055
1.14959
1.15175
1.14789
1.13969
1.12907
1.11741
1.10514
1.09172
1.07624
1.05812
1.03756
1.01588
0.995413
0.97887
0.968168
0.963421
0.963105
0.965117
0.967719
0.969997
0.971829
0.973769
0.976718
0.98152
0.988612
0.997917
1.00886
1.02038
1.03118
1.04008
1.04645
1.05027
1.05213
1.05306
1.05423
1.05665
1.06084
1.06676
1.07408
1.08235
1.09111
1.09963
1.10674
1.11102
1.11121
1.10672
1.09794
1.08635
1.0744
1.06501
1.0608
1.063
1.07096
1.08236
1.09434
1.1047
1.11237
1.11726
1.11942
1.11862
1.11465
1.10827
1.10164
1.09739
1.09681
1.09894
1.10151
1.10257
1.10134
1.09806
1.09343
1.08825
1.08326
1.07904
1.07594
1.07411
1.07359
1.07422
1.07523
1.07559
1.07468
1.07252
1.06964
1.06649
1.06301
1.05846
1.05208
1.04409
1.03622
1.03093
1.02986
1.03261
1.03695
1.04007
1.03998
1.03649
1.0316
1.02885
1.03162
1.0411
1.05552
1.07149
1.08609
1.09797
1.10706
1.11369
1.11797
1.11949
1.11769
1.11242
1.10421
1.09392
1.08257
1.07169
1.06356
1.0604
1.06306
1.07069
1.08132
1.09284
1.10365
1.11275
1.11951
1.12334
1.12362
1.1199
1.11243
1.10272
1.0933
1.08651
1.08302
1.0818
1.0812
1.07983
1.0768
1.07176
1.06481
1.05653
1.04778
1.03954
1.03265
1.02761
1.02428
1.02193
1.01948
1.01594
1.01082
1.00419
0.996537
0.988386
0.980241
0.972865
0.967592
0.966028
0.9691
0.976149
0.984917
0.992608
0.996993
0.997097
0.993332
0.98724
0.980996
0.976782
0.976152
0.979589
0.986515
0.995649
1.0054
1.01409
1.02026
1.02303
1.02261
1.02048
1.01889
1.01963
1.02289
1.02713
1.0303
1.03108
1.02942
1.02638
1.02341
1.02174
1.02198
1.02406
1.02743
1.03138
1.03534
1.03901
1.04239
1.04571
1.04926
1.05326
1.05779
1.06273
1.06764
1.0718
1.07432
1.0744
1.07156
1.06594
1.05841
1.05071
1.04502
1.04295
1.04471
1.04893
1.05319
1.0552
1.05424
1.05219
1.05255
1.05714
1.06397
1.06909
1.06984
1.06601
1.05919
1.05159
1.04529
1.0418
1.04185
1.04548
1.05217
1.06092
1.07053
1.07968
1.0871
1.09168
1.09266
1.08974
1.08328
1.07441
1.065
1.0572
1.05242
1.05058
1.05009
1.04858
1.04385
1.03436
1.01976
1.00174
0.984886
0.975747
0.979218
0.994851
1.01722
1.03926
1.0552
1.06201
1.05986
1.05185
1.04268
1.03677
1.03682
1.04321
1.05419
1.06687
1.0783
1.0862
1.0892
1.08674
1.07862
1.06493
1.04642
1.02507
1.0044
0.988727
0.981095
0.981397
0.986569
0.992769
0.997636
1.0014
1.00678
1.01739
1.0348
1.05686
1.07919
1.09775
1.1102
1.11587
1.11514
1.10889
1.09813
1.08408
1.06825
1.05241
1.03825
1.02686
1.0182
1.01123
1.0047
0.998128
0.992125
0.988066
0.987579
0.992023
1.00204
1.01705
1.03481
1.05165
1.06386
1.06935
1.06837
1.06292
1.05554
1.04829
1.04248
1.03862
1.03639
1.03486
1.03271
1.02878
1.02236
1.01331
1.00209
0.989783
0.978042
0.968869
0.96438
0.966407
0.97598
0.992851
1.01533
1.04073
1.0661
1.08896
1.10749
1.12062
1.12805
1.1302
1.12816
1.12351
1.11796
1.11293
1.1092
1.10704
1.10648
1.10765
1.11083
1.11631
1.12412
1.13377
1.14443
1.15514
1.16505
1.17357
1.18029
1.1849
1.18704
1.18629
1.18224
1.17468
1.16373
1.15007
1.13493
1.11984
1.10599
1.09359
1.08161
1.06845
1.05288
1.03475
1.01526
0.996551
0.980893
0.969725
0.963106
0.959843
0.958215
0.956955
0.955943
0.956258
0.95961
0.967369
0.979824
0.996094
1.01456
1.03349
1.05139
1.06715
1.08006
1.08997
1.09724
1.1024
1.10566
1.1067
1.10484
1.09966
1.09141
1.08123
1.07091
1.06237
1.05719
1.05599
1.05837
1.06305
1.06854
1.07361
1.0775
1.07992
1.08085
1.08028
1.07807
1.07383
1.06724
1.05844
1.04821
1.03792
1.02915
1.02312
1.02028
1.02014
1.02147
1.0229
1.02355
1.02326
1.02248
1.02187
1.02183
1.02233
1.02308
1.02365
1.02376
1.02337
1.02274
1.02241
1.02307
1.02525
1.02912
1.0343
1.03994
1.04486
1.04779
1.04757
1.04332
1.03466
1.0218
1.00565
0.987711
0.969906
0.954323
0.942848
0.936821
0.936826
0.942643
0.953407
0.967849
0.9845
1.00191
1.01887
1.03459
1.0487
1.06114
1.072
1.08136
1.08911
1.09487
1.09807
1.09809
1.09459
1.0879
1.07891
1.06883
1.05863
1.04898
1.04056
1.03401
1.0297
1.02732
1.02574
1.02326
1.01826
1.00979
0.997831
0.983326
0.967885
0.953436
0.94178
0.934136
0.930848
0.931429
0.93493
0.940535
0.948088
0.958151
0.971633
0.988912
1.00899
1.02929
1.04663
1.05847
1.06383
1.06324
1.05835
1.05129
1.04412
1.03837
1.03473
1.03327
1.03365
1.0354
1.03798
1.04087
1.04342
1.0449
1.04459
1.04205
1.03756
1.03228
1.02808
1.02673
1.0291
1.03465
1.04176
1.0485
1.05338
1.05574
1.05579
1.05443
1.053
1.05301
1.05572
1.06179
1.07107
1.08285
1.09616
1.11002
1.12353
1.13583
1.14607
1.15344
1.15734
1.15741
1.15347
1.14554
1.13392
1.11928
1.10274
1.08575
1.0698
1.0561
1.04522
1.03722
1.03172
1.02807
1.0255
1.0232
1.02065
1.01766
1.01452
1.01198
1.01135
1.01437
1.02248
1.03562
1.05167
1.06723
1.07925
1.08623
1.08837
1.0871
1.08438
1.08192
1.08071
1.08073
1.08115
1.08062
1.07779
1.07172
1.06235
1.05064
1.03852
1.02842
1.02262
1.02251
1.02821
1.03859
1.05157
1.06456
1.07495
1.08056
1.07995
1.07264
1.05937
1.04199
1.02294
1.00468
0.989046
0.977305
0.970526
0.969777
0.975834
0.988645
1.00693
1.02834
1.04997
1.06895
1.08308
1.09106
1.09271
1.08871
1.08028
1.06876
1.05535
1.04105
1.0268
1.0138
1.00373
0.998582
0.999993
1.00832
1.02222
1.03912
1.05635
1.07192
1.08478
1.09472
1.10218
1.10798
1.11292
1.11743
1.12133
1.12379
1.12358
1.11946
1.11055
1.09654
1.07791
1.05595
1.03255
1.00995
0.99011
0.974188
0.962346
0.954218
0.949783
0.949839
0.95554
0.967563
0.985613
1.00817
1.03243
1.05489
1.07245
1.08331
1.08712
1.08465
1.0774
1.06732
1.05662
1.04749
1.04179
1.04081
1.04504
1.05408
1.06668
1.08084
1.09414
1.10443
1.11018
1.11097
1.1075
1.10142
1.09469
1.08888
1.08456
1.08144
1.07875
1.07581
1.0723
1.06833
1.06433
1.06079
1.058
1.0559
1.05419
1.05263
1.05122
1.05012
1.04949
1.04943
1.05005
1.05149
1.05382
1.05674
1.05966
1.06189
1.06309
1.06369
1.06485
1.06774
1.07278
1.07966
1.08808
1.09819
1.11011
1.1231
1.1354
1.14477
1.14926
1.14768
1.13988
1.1266
1.10906
1.08849
1.0659
1.0424
1.01955
0.999618
0.98507
0.977476
0.976761
0.981244
0.98852
0.996641
1.00465
1.01244
1.02038
1.02877
1.0373
1.04492
1.05031
1.05273
1.05228
1.04979
1.04631
1.04283
1.0404
1.04052
1.04503
1.05539
1.07173
1.09256
1.11508
1.13603
1.15276
1.16386
1.16924
1.1696
1.16585
1.15887
1.14943
1.13821
1.12592
1.11322
1.10065
1.08841
1.07642
1.06443
1.05222
1.03976
1.0273
1.01533
1.00441
0.994967
0.987369
0.981942
0.978866
0.977993
0.978697
0.980023
0.98107
0.981438
0.981461
0.982279
0.985464
0.992401
1.0036
1.01838
1.03528
1.0525
1.06827
1.08088
1.08892
1.09171
1.08968
1.08438
1.07808
1.073
1.0707
1.07182
1.07587
1.08121
1.08563
1.08731
1.08576
1.08214
1.07862
1.07719
1.07846
1.0813
1.08346
1.08267
1.07763
1.06844
1.05638
1.0433
1.03091
1.02045
1.01264
1.00794
1.00657
1.00859
1.01372
1.02153
1.03169
1.04412
1.05881
1.0754
1.09263
1.10839
1.12039
1.12699
1.12753
1.12224
1.11196
1.09795
1.08189
1.06578
1.05167
1.04101
1.03418
1.03065
1.02946
1.02977
1.03083
1.03188
1.03209
1.03064
1.02704
1.02142
1.01479
1.00904
1.00629
1.00783
1.01376
1.02352
1.03689
1.05374
1.07314
1.09274
1.10943
1.12043
1.12421
1.12062
1.11069
1.09639
1.08026
1.06498
1.05295
1.0457
1.04356
1.04564
1.05022
1.05536
1.05948
1.0615
1.06078
1.05714
1.05069
1.04191
1.03166
1.02115
1.01179
1.00477
1.00072
0.999759
1.00177
1.00667
1.01432
1.0243
1.03579
1.04754
1.05816
1.06633
1.07115
1.07253
1.07161
1.07064
1.07168
1.07513
1.07942
1.08202
1.08064
1.07402
1.06229
1.04683
1.0298
1.01366
1.00068
0.992558
0.990062
0.992923
0.999911
1.00909
1.01823
1.02537
1.02925
1.02949
1.02661
1.0218
1.0166
1.01255
1.01072
1.01151
1.01473
1.01986
1.02634
1.0338
1.04194
1.05041
1.0586
1.06562
1.07049
1.07242
1.07114
1.06713
1.06169
1.05676
1.05452
1.05703
1.0656
1.08021
1.09929
1.12014
1.13956
1.15457
1.16276
1.16252
1.15339
1.13618
1.11308
1.08714
1.06162
1.03938
1.02271
1.0133
1.01207
1.01882
1.03205
1.04911
1.0668
1.08212
1.09296
1.09842
1.09884
1.09551
1.09015
1.08424
1.07846
1.07263
1.06628
1.0597
1.05455
1.05319
1.05715
1.06595
1.07756
1.08937
1.09881
1.10372
1.10304
1.09716
1.08747
1.07536
1.06145
1.04572
1.02842
1.01092
0.995812
0.985765
0.981984
0.983977
0.990628
1.00106
1.01448
1.02959
1.04438
1.0566
1.06437
1.06645
1.06229
1.05211
1.03758
1.0229
1.01479
1.01898
1.03572
1.05983
1.08495
1.10673
1.12308
1.13331
1.13757
1.13656
1.13141
1.12342
1.11382
1.10363
1.09354
1.08411
1.07578
1.06881
1.06318
1.05879
1.05554
1.05339
1.05203
1.0506
1.04804
1.0439
1.03898
1.03507
1.03362
1.0348
1.03783
1.04219
1.04813
1.05614
1.06612
1.07722
1.08825
1.09818
1.10667
1.11434
1.12256
1.13227
1.1429
1.1524
1.1587
1.16084
1.15908
1.15423
1.14699
1.13789
1.12762
1.11714
1.1075
1.09938
1.09269
1.08661
1.07985
1.0713
1.06043
1.04764
1.03427
1.02226
1.01362
1.00996
1.01229
1.0209
1.03513
1.05316
1.07209
1.08864
1.10018
1.10565
1.10562
1.10181
1.09605
1.08952
1.08265
1.07552
1.06827
1.06121
1.05475
1.04946
1.04611
1.04553
1.0484
1.05494
1.06463
1.07624
1.08812
1.09881
1.10753
1.11406
1.1183
1.11982
1.11786
1.11193
1.1024
1.09087
1.07966
1.07091
1.06573
1.06412
1.06534
1.06825
1.07143
1.07346
1.07339
1.07109
1.06729
1.06317
1.05985
1.05802
1.05795
1.0597
1.0632
1.06823
1.07436
1.08082
1.0866
1.09058
1.09204
1.09101
1.08833
1.08493
1.08116
1.0769
1.07213
1.06728
1.06281
1.05894
1.05562
1.05265
1.0499
1.04731
1.04502
1.04347
1.04345
1.04592
1.05166
1.06069
1.07199
1.08365
1.09346
1.09972
1.10183
1.1004
1.09705
1.09373
1.09183
1.09163
1.09214
1.09174
1.0891
1.0839
1.07697
1.06979
1.06364
1.05899
1.05563
1.05313
1.05142
1.0511
1.05331
1.05909
1.06839
1.0796
1.09007
1.09711
1.09875
1.09406
1.08309
1.06689
1.04751
1.02771
1.01062
0.999127
0.99518
0.999187
1.01
1.02545
1.04305
1.06056
1.07611
1.08812
1.09525
1.09666
1.09242
1.08381
1.07333
1.06407
1.05863
1.05803
1.06158
1.06761
1.07444
1.08095
1.08668
1.09161
1.09581
1.09909
1.1008
1.09987
1.09531
1.08687
1.07559
1.06335
1.05176
1.04108
1.03028
1.01832
1.00522
0.992357
0.982214
0.977506
0.980209
0.990726
1.00771
1.02855
1.05029
1.07045
1.08747
1.10071
1.11018
1.11614
1.11883
1.11843
1.11508
1.10896
1.10039
1.09001
1.07885
1.06819
1.05918
1.05234
1.0474
1.04355
1.0399
1.03593
1.03164
1.02751
1.02446
1.02368
1.02638
1.03327
1.04411
1.05768
1.07211
1.08551
1.09629
1.10332
1.10592
1.10394
1.09777
1.08848
1.07769
1.06744
1.05968
1.0555
1.0546
1.05552
1.05654
1.05645
1.05496
1.05255
1.05006
1.04828
1.04767
1.04825
1.04961
1.05113
1.05219
1.0523
1.0513
1.04945
1.04725
1.04523
1.0436
1.04224
1.04091
1.0393
1.0371
1.03406
1.03021
1.02603
1.02255
1.02126
1.02343
1.02896
1.03592
1.0414
1.043
1.03988
1.03302
1.02477
1.01806
1.01526
1.01748
1.02423
1.03375
1.04352
1.05106
1.05479
1.05445
1.05122
1.04721
1.04463
1.04508
1.04923
1.05695
1.06771
1.08069
1.09484
1.10879
1.12077
1.12878
1.13111
1.12691
1.11671
1.10232
1.08643
1.07172
1.06005
1.05229
1.04851
1.04834
1.05105
1.05561
1.06095
1.06623
1.07083
1.07438
1.07659
1.07731
1.07653
1.07452
1.07188
1.06959
1.0689
1.07091
1.07608
1.08383
1.09265
1.1007
1.1067
1.11035
1.11225
1.11361
1.11562
1.11895
1.12345
1.12812
1.13135
1.13124
1.12615
1.11516
1.09842
1.0774
1.05462
1.0332
1.01601
1.00485
1.00006
1.00094
1.00621
1.01438
1.02379
1.03274
1.03962
1.0432
1.04266
1.0376
1.02819
1.01519
1.00017
0.985181
0.972195
0.962334
0.955418
0.95019
0.945125
0.939138
0.931838
0.923433
0.91459
0.906352
0.899994
0.896638
0.89678
0.900055
0.905438
0.911704
0.917983
0.924161
0.930956
0.939539
0.950785
0.964583
0.979601
0.993783
1.00509
1.0121
1.01451
1.01315
1.0096
1.00537
1.00132
0.997717
0.994675
0.992694
0.992687
0.995535
1.00153
1.00992
1.01905
1.02698
1.03203
1.03309
1.02988
1.02314
1.01482
1.00775
1.00437
1.00555
1.01055
1.01763
1.02463
1.02934
1.03014
1.02658
1.01941
1.01024
1.00083
0.992677
0.986636
0.983072
0.982108
0.983876
0.988589
0.99638
1.00716
1.02057
1.03604
1.05287
1.07031
1.08757
1.10387
1.1185
1.13091
1.14083
1.14816
1.15287
1.15477
1.1535
1.1485
1.13912
1.12499
1.10627
1.08392
1.05983
1.03645
1.01606
0.999917
0.987878
0.978859
0.971598
0.965275
0.959724
0.955349
0.952881
0.953013
0.95597
0.961229
0.967652
0.973979
0.979522
0.984509
0.989971
0.997183
1.00701
1.01939
1.03334
1.04731
1.05967
1.06917
1.07524
1.07791
1.07765
1.07512
1.07104
1.06604
1.06058
1.05491
1.04923
1.04397
1.04003
1.0387
1.04097
1.04687
1.05521
1.06412
1.07189
1.07751
1.08081
1.08231
1.0829
1.08348
1.08462
1.08655
1.08942
1.09353
1.09928
1.10645
1.11367
1.11906
1.12137
1.12066
1.11793
1.11433
1.1106
1.10668
1.10196
1.09565
1.08713
1.07608
1.06278
1.04829
1.03451
1.02365
1.01737
1.01618
1.01948
1.02606
1.03462
1.04411
1.05379
1.06314
1.07164
1.07874
1.08399
1.08723
1.08845
1.08761
1.08459
1.07933
1.07218
1.06403
1.05626
1.05035
1.04721
1.04667
1.04717
1.04611
1.04079
1.02951
1.01232
0.991239
0.969889
0.952576
0.943113
0.94355
0.953188
0.968793
0.986294
1.00271
1.01693
1.02946
1.04148
1.05397
1.06701
1.07961
1.09028
1.0979
1.10236
1.10442
1.10506
1.10467
1.10292
1.09923
1.0935
1.08622
1.07814
1.06981
1.06128
1.05213
1.04173
1.02981
1.01707
1.00561
0.998147
0.996429
0.99989
1.00594
1.01144
1.014
1.01259
1.00742
0.999643
0.991043
0.98361
0.979106
0.978706
0.982802
0.990926
1.00186
1.01392
1.02535
1.03468
1.04116
1.04485
1.04658
1.04763
1.04915
1.05165
1.05471
1.05704
1.05682
1.05256
1.04383
1.03177
1.01884
1.00759
0.99911
0.992859
0.988012
0.984776
0.984265
0.987423
0.993999
1.00246
1.01063
1.01657
1.01923
1.01852
1.0152
1.01067
1.00656
1.0047
1.00695
1.01494
1.02926
1.04866
1.07001
1.0894
1.10321
1.10877
1.10461
1.09097
1.07061
1.049
1.03204
1.02265
1.01954
1.01953
1.02015
1.0207
1.022
1.02559
1.03271
1.04379
1.0584
1.07531
1.09284
1.10921
1.12309
1.13372
1.14067
1.14361
1.14224
1.13646
1.12677
1.11444
1.10145
1.08968
1.08019
1.07304
1.06771
1.06365
1.06048
1.0578
1.05508
1.05163
1.04692
1.04088
1.03398
1.0273
1.02234
1.02077
1.02399
1.03269
1.04642
1.06346
1.08117
1.09682
1.1084
1.11515
1.11759
1.11719
1.11563
1.11406
1.11283
1.11175
1.11066
1.10979
1.1096
1.11039
1.11199
1.11366
1.11409
1.1116
1.10436
1.09091
1.07077
1.04512
1.01724
0.992209
0.975325
0.970006
0.976476
0.992376
1.01441
1.03949
1.06516
1.08953
1.11113
1.12857
1.14055
1.14592
1.14387
1.13418
1.1175
1.09559
1.07134
1.04838
1.03036
1.02014
1.01918
1.027
1.04127
1.05849
1.0752
1.0889
1.0985
1.10425
1.10714
1.1083
1.10854
1.1082
1.10723
1.10512
1.10103
1.09422
1.08462
1.07311
1.06145
1.05189
1.04647
1.04617
1.05061
1.05844
1.06781
1.07678
1.08346
1.08672
1.08665
1.08454
1.0823
1.08135
1.0819
1.08289
1.08274
1.08039
1.07606
1.07133
1.0685
1.0696
1.07553
1.08583
1.09913
1.1137
1.12782
1.13993
1.14875
1.15341
1.15369
1.1502
1.14432
1.13786
1.13255
1.12946
1.12872
1.12965
1.13118
1.13239
1.13282
1.13242
1.13128
1.12936
1.12648
1.12263
1.11807
1.11329
1.1088
1.10478
1.10113
1.0975
1.0936
1.08931
1.08478
1.08027
1.07596
1.07187
1.06783
1.06369
1.0595
1.05562
1.05248
1.05019
1.04833
1.04587
1.0416
1.03465
1.02512
1.01438
1.00496
0.999778
1.00099
1.00875
1.02095
1.03399
1.0443
1.04935
1.04813
1.04091
1.02891
1.01396
0.998223
0.984024
0.973551
0.968494
0.969604
0.976392
0.987214
0.999755
1.01171
1.02131
1.02756
1.03009
1.02904
1.02494
1.01864
1.01129
1.00419
0.998461
0.994669
0.992702
0.991845
0.991168
0.989985
0.988206
0.986424
0.985664
0.986874
0.9905
0.996441
1.00413
1.01278
1.02167
1.0304
1.03887
1.04688
1.05368
1.05802
1.05864
1.05502
1.04774
1.03829
1.02867
1.02063
1.01508
1.01183
1.00982
1.00757
1.00361
0.996896
0.987104
0.974673
0.960789
0.947254
0.936403
0.930861
0.932868
0.943183
0.960367
0.981194
1.0021
1.0204
1.03464
1.04444
1.05004
1.05222
1.05212
1.05098
1.04974
1.04881
1.04817
1.04769
1.04741
1.04774
1.0491
1.0514
1.05369
1.05427
1.05148
1.04448
1.03368
1.02063
1.00763
0.997085
0.990717
0.989106
0.991725
0.997312
1.0045
1.01246
1.02116
1.03122
1.04322
1.05698
1.07145
1.08519
1.09706
1.10659
1.1138
1.11874
1.1211
1.12013
1.11504
1.10554
1.09224
1.07649
1.05999
1.04424
1.03031
1.01908
1.01165
1.00943
1.01341
1.02313
1.03619
1.04903
1.05833
1.06204
1.05965
1.052
1.04079
1.0282
1.01631
1.0066
0.9995
0.994573
0.990935
0.987755
0.984574
0.981497
0.979125
0.978193
0.978926
0.980649
0.981757
0.980301
0.974835
0.965127
0.952506
0.939648
0.929874
0.926084
0.930028
0.94208
0.961489
0.98669
1.01554
1.0456
1.07444
1.10012
1.12126
1.13699
1.14689
1.15091
1.1494
1.14317
1.13354
1.12229
1.11136
1.10249
1.09692
1.09534
1.09788
1.1042
1.1136
1.12503
1.13725
1.14889
1.15852
1.16479
1.16649
1.16268
1.15277
1.13669
1.11497
1.08882
1.0603
1.03233
1.00841
0.99173
0.98418
0.9855
0.993295
1.00406
1.0146
1.02303
1.02896
1.03331
1.03776
1.04414
1.05361
1.06601
1.07988
1.09307
1.10359
1.1102
1.11244
1.11049
1.10479
1.09579
1.08371
1.0685
1.04994
1.0282
1.00505
0.985091
0.974747
0.978227
0.994004
1.01608
1.03779
1.05437
1.06396
1.06808
1.07095
1.07692
1.08768
1.10205
1.11786
1.13338
1.14733
1.1586
1.16618
1.16941
1.1681
1.16234
1.15237
1.13842
1.12086
1.10031
1.07806
1.05628
1.03796
1.02624
1.02339
1.02989
1.0441
1.06272
1.08196
1.09865
1.11103
1.11877
1.12258
1.12375
1.12357
1.12301
1.12256
1.12227
1.12175
1.12029
1.11708
1.11151
1.10344
1.09322
1.08165
1.0699
1.0594
1.05173
1.04835
1.05018
1.05725
1.06858
1.08236
1.09642
1.10878
1.11796
1.1232
1.12439
1.12202
1.11694
1.11031
1.10349
1.09807
1.0957
1.09761
1.1038
1.11257
1.121
1.12609
1.12586
1.11981
1.10889
1.09495
1.08019
1.06645
1.05492
1.04609
1.04016
1.03734
1.03769
1.04045
1.04392
1.04624
1.04645
1.04472
1.04166
1.03771
1.03302
1.02776
1.02227
1.01689
1.01152
1.00543
0.997427
0.986298
0.97131
0.952617
0.931693
0.911607
0.896872
0.89239
0.901451
0.923997
0.956616
0.994285
1.03242
1.06798
1.09948
1.12641
1.14869
1.16626
1.17913
1.18741
1.19145
1.19188
1.18953
1.18515
1.17902
1.17108
1.16156
1.15133
1.14144
1.13224
1.12318
1.1136
1.10348
1.09347
1.08462
1.07786
1.07379
1.07247
1.07347
1.07602
1.07912
1.08174
1.08307
1.08271
1.0808
1.07779
1.07412
1.07009
1.06593
1.06204
1.05925
1.05869
1.06134
1.06751
1.07666
1.0877
1.09948
1.11119
1.12231
1.13251
1.14143
1.14864
1.15354
1.15541
1.15362
1.14779
1.13797
1.1248
1.10943
1.09336
1.07789
1.06379
1.05111
1.03959
1.02938
1.0216
1.01813
1.02048
1.0284
1.0394
1.04978
1.05612
1.05641
1.05055
1.04024
1.0285
1.01872
1.01354
1.0141
1.02021
1.03106
1.04576
1.06332
1.08242
1.10129
1.11781
1.13002
1.13649
1.13657
1.13043
1.11896
1.10357
1.08598
1.06811
1.05192
1.03914
1.03078
1.0268
1.02606
1.02678
1.02732
1.02671
1.02496
1.02288
1.02164
1.02214
1.02447
1.02781
1.03081
1.03215
1.03124
1.02841
1.02476
1.02164
1.02011
1.02057
1.02263
1.02553
1.02848
1.03097
1.03283
1.03418
1.0353
1.03639
1.03757
1.03892
1.04053
1.04254
1.04517
1.04868
1.05339
1.05961
1.06759
1.07728
1.08815
1.09909
1.1087
1.11563
1.11898
1.11838
1.1141
1.10696
1.09833
1.08986
1.08311
1.07914
1.07814
1.07928
1.08088
1.08087
1.07745
1.06967
1.05794
1.04397
1.03045
1.02007
1.01453
1.01451
1.02031
1.0321
1.04906
1.06897
1.08906
1.10726
1.12264
1.13491
1.14383
1.14921
1.15117
1.15018
1.14712
1.14292
1.13826
1.13341
1.12838
1.12312
1.1177
1.11226
1.10709
1.10261
1.09933
1.09777
1.09813
1.10009
1.10261
1.10411
1.10309
1.09864
1.0908
1.08036
1.06858
1.05668
1.04562
1.03582
1.02726
1.01979
1.01338
1.00819
1.00443
1.0021
1.00098
1.00081
1.00157
1.00362
1.00763
1.01415
1.02261
1.03085
1.03589
1.03579
1.03112
1.02492
1.02098
1.0217
1.027
1.03504
1.04357
1.05099
1.05672
1.06118
1.06535
1.07003
1.07542
1.08119
1.08678
1.09164
1.09517
1.09674
1.09575
1.0918
1.08506
1.07648
1.06761
1.05961
1.05243
1.04502
1.03659
1.02764
1.01992
1.01542
1.01525
1.01899
1.02503
1.03137
1.03651
1.04031
1.04415
1.0501
1.05946
1.07144
1.08349
1.09297
1.09846
1.10004
1.09886
1.09645
1.09426
1.09327
1.09372
1.09523
1.09702
1.0982
1.09795
1.09547
1.09004
1.08114
1.06873
1.05337
1.03625
1.01891
1.00287
0.989078
0.977488
0.96731
0.957838
0.949116
0.942073
0.938023
0.938059
0.942691
0.951846
0.96515
0.981972
1.00112
1.02052
1.03751
1.04973
1.05614
1.05722
1.05456
1.05007
1.04556
1.04246
1.04175
1.04379
1.04824
1.05437
1.06139
1.06859
1.07518
1.0802
1.08283
1.08261
1.07957
1.07413
1.06685
1.05818
1.04848
1.03824
1.02825
1.01962
1.01339
1.01002
1.00909
1.00941
1.00955
1.00854
1.0062
1.00323
1.00086
1.00042
1.00284
1.00841
1.01683
1.02753
1.03997
1.05377
1.06869
1.08445
1.1006
1.11647
1.13123
1.14402
1.15416
1.16134
1.16556
1.16697
1.16562
1.16141
1.15415
1.1438
1.13053
1.11485
1.09757
1.0796
1.06176
1.0446
1.02837
1.01311
0.998838
0.985679
0.973755
0.962921
0.952812
0.943387
0.935452
0.930549
0.929976
0.933958
0.941582
0.951238
0.961199
0.970057
0.976988
0.981695
0.984243
0.98494
0.984365
0.983381
0.983134
0.984678
0.988467
0.994044
1.00048
1.00706
1.01364
1.02041
1.02744
1.03452
1.04105
1.04612
1.04864
1.04765
1.04275
1.03439
1.02377
1.01256
1.00251
0.995071
0.991194
0.991104
0.994273
0.99956
1.00561
1.01165
1.0182
1.02699
1.03951
1.05517
1.0714
1.08557
1.09656
1.10455
1.11
1.11278
1.11224
1.10773
1.09909
1.08689
1.07243
1.05765
1.0447
1.03561
1.03187
1.03415
1.04202
1.05384
1.0671
1.07903
1.08741
1.09121
1.09086
1.08792
1.08445
1.08227
1.0824
1.08485
1.08881
1.0932
1.09719
1.10049
1.10337
1.10633
1.10971
1.11349
1.11726
1.12039
1.1221
1.12167
1.11861
1.11275
1.10454
1.095
1.08534
1.07656
1.06918
1.06326
1.05867
1.05514
1.05213
1.04887
1.04458
1.03891
1.03231
1.02608
1.02174
1.02013
1.021
1.02357
1.02731
1.03196
1.03696
1.04124
1.04397
1.0455
1.04756
1.05239
1.06107
1.07268
1.08495
1.09601
1.10557
1.11439
1.12294
1.13047
1.1356
1.13731
1.13543
1.13046
1.12326
1.11482
1.10612
1.09806
1.09142
1.08666
1.08368
1.08178
1.07992
1.07715
1.07337
1.06953
1.06744
1.06882
1.07434
1.08304
1.09258
1.09983
1.10173
1.09585
1.08089
1.05718
1.02717
0.995569
0.96859
0.951838
0.948052
0.95624
0.972762
0.993483
1.0153
1.03645
1.05614
1.07414
1.0905
1.10519
1.11783
1.12768
1.13408
1.13677
1.13596
1.13226
1.12647
1.11953
1.11242
1.10606
1.10113
1.0979
1.0961
1.09503
1.09354
1.09017
1.08341
1.07209
1.05598
1.03609
1.01493
0.996198
0.983906
0.981081
0.988827
1.00604
1.0298
1.05609
1.08061
1.09963
1.11062
1.11278
1.10733
1.09713
1.08575
1.07596
1.06876
1.06365
1.05967
1.05624
1.05337
1.05147
1.05097
1.05199
1.05433
1.05745
1.06065
1.06316
1.06439
1.06428
1.06344
1.06302
1.06406
1.06688
1.07086
1.07475
1.0774
1.07868
1.07976
1.08279
1.08954
1.09996
1.11173
1.12153
1.12684
1.12675
1.12172
1.11272
1.10058
1.08577
1.06868
1.05043
1.03363
1.02222
1.01944
1.02514
1.03549
1.0459
1.0536
1.05801
1.05987
1.06046
1.06099
1.06214
1.06359
1.06403
1.06178
1.05569
1.04613
1.03574
1.0291
1.03016
1.03922
1.05274
1.0665
1.07797
1.08643
1.09188
1.09425
1.09308
1.08783
1.07841
1.0656
1.05115
1.03735
1.02631
1.01914
1.0156
1.01433
1.0136
1.01194
1.00858
1.00364
0.997869
0.992351
0.988164
0.986148
0.986708
0.989728
0.994622
1.00067
1.00737
1.01463
1.02264
1.03145
1.04066
1.04925
1.05596
1.05973
1.06011
1.05742
1.05259
1.047
1.04199
1.03868
1.03756
1.0385
1.04103
1.04483
1.05009
1.05729
1.0667
1.07774
1.08899
1.0986
1.10498
1.10723
1.1051
1.09876
1.08872
1.07573
1.06078
1.04497
1.0294
1.01496
1.0023
0.991724
0.983227
0.976537
0.971251
0.967261
0.965259
0.966806
0.973649
0.986494
1.00423
1.0243
1.04373
1.06013
1.07208
1.07901
1.08078
1.07753
1.06951
1.05727
1.04198
1.02584
1.01214
1.00397
1.00272
1.0075
1.01605
1.02597
1.03553
1.04396
1.05133
1.05789
1.06362
1.06809
1.07069
1.07078
1.06789
1.06195
1.05345
1.04339
1.03308
1.02399
1.01741
1.01402
1.01361
1.01526
1.01794
1.02095
1.02402
1.02712
1.03035
1.034
1.0388
1.04579
1.05565
1.06791
1.08101
1.09305
1.10253
1.10861
1.11091
1.10933
1.10387
1.09472
1.08268
1.06951
1.05792
1.05092
1.0506
1.05685
1.06724
1.07825
1.08698
1.09223
1.09449
1.09535
1.09647
1.09868
1.10155
1.10354
1.10276
1.09775
1.08801
1.07407
1.0573
1.0394
1.0219
1.00579
0.991516
0.979229
0.969108
0.961622
0.957645
0.958227
0.964316
0.976509
0.995023
1.0196
1.04903
1.08087
1.11178
1.13864
1.15951
1.17391
1.18246
1.18645
1.18728
1.18617
1.18409
1.18175
1.17966
1.17808
1.17696
1.17589
1.17418
1.17104
1.16592
1.15878
1.15001
1.14012
1.12933
1.11753
1.10476
1.09172
1.08001
1.07162
1.06803
1.0695
1.07478
1.08155
1.08715
1.08951
1.08776
1.08247
1.07526
1.06783
1.06125
1.05581
1.0516
1.04915
1.04951
1.05357
1.06092
1.06964
1.07741
1.0826
1.08467
1.08362
1.0798
1.0741
1.06814
1.06398
1.06329
1.06654
1.07258
1.07899
1.0831
1.08297
1.07831
1.0707
1.0632
1.05913
1.06057
1.06755
1.0783
1.09035
1.10146
1.11008
1.11527
1.11649
1.11347
1.1064
1.09604
1.08377
1.07149
1.06117
1.05451
1.05246
1.05493
1.06097
1.06914
1.07789
1.08582
1.09195
1.09595
1.09834
1.10013
1.10233
1.10542
1.10916
1.11285
1.11569
1.11725
1.1177
1.1178
1.11847
1.12011
1.12207
1.12279
1.12062
1.11468
1.10526
1.09347
1.08054
1.06724
1.05364
1.03951
1.02462
1.00891
0.992689
0.976664
0.962075
0.950618
0.944215
0.944561
0.95257
0.967897
0.988883
1.0129
1.03701
1.0585
1.07527
1.08584
1.08939
1.08585
1.07605
1.06222
1.04798
1.03754
1.034
1.038
1.04766
1.05981
1.07161
1.08132
1.08827
1.09239
1.09387
1.09286
1.08941
1.08342
1.07477
1.0635
1.05004
1.03538
1.02101
1.0088
1.00049
0.997164
0.998782
1.00423
1.01184
1.02004
1.02766
1.0339
1.03822
1.0404
1.04074
1.04021
1.04038
1.04301
1.04923
1.05901
1.0711
1.08362
1.0947
1.10298
1.10779
1.10911
1.10743
1.10339
1.09744
1.08975
1.08042
1.06985
1.05907
1.04955
1.04263
1.03886
1.03777
1.03832
1.03941
1.04018
1.04006
1.03863
1.03549
1.03004
1.02157
1.00975
0.995663
0.982537
0.975408
0.978674
0.992917
1.01383
1.03469
1.04992
1.05705
1.05637
1.0497
1.03899
1.02585
1.01179
0.998705
0.98885
0.98426
0.986023
