-3.88151
-3.88166
-3.88124
-3.88103
-3.8809
-3.88158
-3.88152
-3.88192
-3.88286
-3.88296
-3.88382
-3.88468
-3.88536
-3.88476
-3.88527
-3.88545
-3.88571
-3.88575
-3.88608
-3.88563
-3.88483
-3.88364
-3.8836
-3.88379
-3.88323
-3.88375
-3.88463
-3.88503
-3.88491
-3.88459
-3.88443
-3.88496
-3.88428
-3.88393
-3.88392
-3.88352
-3.88292
-3.88359
-3.88415
-3.88511
-3.88648
-3.88738
-3.88863
-3.88939
-3.8889
-3.88885
-3.88795
-3.88705
-3.88594
-3.88562
-3.88494
-3.88486
-3.88479
-3.88366
-3.88492
-3.88428
-3.8847
-3.88541
-3.88692
-3.88697
-3.88717
-3.88655
-3.88763
-3.88712
-3.88626
-3.88673
-3.88656
-3.8868
-3.88574
-3.88567
-3.88619
-3.88542
-3.88574
-3.88583
-3.88593
-3.8862
-3.88653
-3.88687
-3.8868
-3.88613
-3.88515
-3.88577
-3.88631
-3.88725
-3.88876
-3.88895
-3.88941
-3.88935
-3.88768
-3.88578
-3.88463
-3.88463
-3.88558
-3.88526
-3.88538
-3.88469
-3.88466
-3.88479
-3.8852
-3.88534
-3.88601
-3.88713
-3.88718
-3.88654
-3.88663
-3.88694
-3.88755
-3.88792
-3.88756
-3.88867
-3.88803
-3.88854
-3.88861
-3.88876
-3.88976
-3.88974
-3.89061
-3.8899
-3.89015
-3.89132
-3.89071
-3.89135
-3.89052
-3.89099
-3.89069
-3.89104
-3.89073
-3.89173
-3.89148
-3.89145
-3.89058
-3.89142
-3.89031
-3.89088
-3.89117
-3.89165
-3.89188
-3.89248
-3.89313
-3.89319
-3.8929
-3.89277
-3.89258
-3.8923
-3.89194
-3.89146
-3.89114
-3.89083
-3.89079
-3.8903
-3.89084
-3.89156
-3.89265
-3.89234
-3.89221
-3.89267
-3.89281
-3.89266
-3.8929
-3.89222
-3.89302
-3.8931
-3.89206
-3.89112
-3.89023
-3.89047
-3.88914
-3.88903
-3.88927
-3.88947
-3.89009
-3.88992
-3.89049
-3.89052
-3.89062
-3.88979
-3.88829
-3.88709
-3.88643
-3.88634
-3.88652
-3.88727
-3.88704
-3.8867
-3.88743
-3.88798
-3.88739
-3.88851
-3.88863
-3.88846
-3.88899
-3.88926
-3.88996
-3.89078
-3.89107
-3.89088
-3.89025
-3.88916
-3.8888
-3.88836
-3.88778
-3.88829
-3.88749
-3.88704
-3.88689
-3.88679
-3.88756
-3.88747
-3.88603
-3.8857
-3.88544
-3.8856
-3.88575
-3.88514
-3.88471
-3.88416
-3.88475
-3.88512
-3.88601
-3.88631
-3.88655
-3.88639
-3.88691
-3.88634
-3.88689
-3.88636
-3.88766
-3.88805
-3.88835
-3.88964
-3.88988
-3.89085
-3.89062
-3.88986
-3.88908
-3.88888
-3.88818
-3.88847
-3.88944
-3.88928
-3.89
-3.88924
-3.8886
-3.88859
-3.88849
-3.88936
-3.89054
-3.89209
-3.89212
-3.89237
-3.89355
-3.89444
-3.89463
-3.89419
-3.89559
-3.89494
-3.89498
-3.89581
-3.89646
-3.8975
-3.89752
-3.89789
-3.89742
-3.89734
-3.89631
-3.89396
-3.89368
-3.89371
-3.89327
-3.8927
-3.892
-3.89125
-3.89028
-3.89012
-3.88952
-3.88873
-3.88901
-3.88849
-3.88845
-3.88971
-3.88953
-3.88929
-3.88964
-3.88897
-3.88916
-3.88851
-3.88835
-3.88937
-3.89107
-3.89169
-3.89252
-3.89282
-3.89209
-3.89122
-3.89208
-3.89077
-3.88919
-3.88858
-3.88697
-3.88676
-3.88582
-3.88447
-3.88305
-3.88282
-3.88244
-3.88268
-3.88185
-3.88112
-3.88149
-3.88205
-3.88321
-3.88347
-3.88416
-3.8841
-3.88494
-3.88634
-3.88719
-3.88681
-3.8873
-3.8867
-3.88587
-3.88639
-3.88624
-3.88738
-3.8863
-3.88597
-3.88548
-3.88558
-3.88495
-3.88451
-3.88423
-3.885
-3.88404
-3.88332
-3.88243
-3.88208
-3.88133
-3.88115
-3.88229
-3.88332
-3.88485
-3.88524
-3.88636
-3.88712
-3.88721
-3.88731
-3.88752
-3.88854
-3.88945
-3.89126
-3.89028
-3.88966
-3.88885
-3.8882
-3.88743
-3.88671
-3.88674
-3.88599
-3.88565
-3.88512
-3.88549
-3.88543
-3.88527
-3.88562
-3.88572
-3.88601
-3.88664
-3.88642
-3.88716
-3.88824
-3.88781
-3.88779
-3.88771
-3.88729
-3.88674
-3.88623
-3.88699
-3.88659
-3.88755
-3.88789
-3.88816
-3.88832
-3.88865
-3.88886
-3.88959
-3.88863
-3.88683
-3.88663
-3.88627
-3.88636
-3.88597
-3.88566
-3.88616
-3.88726
-3.88815
-3.88801
-3.88742
-3.88683
-3.8878
-3.88763
-3.88667
-3.88677
-3.88675
-3.88645
-3.88601
-3.88601
-3.88631
-3.88604
-3.88562
-3.88625
-3.88669
-3.88768
-3.88875
-3.88946
-3.89031
-3.8904
-3.89016
-3.8894
-3.88884
-3.88691
-3.88613
-3.88561
-3.88496
-3.88448
-3.88335
-3.88365
-3.88358
-3.88331
-3.8838
-3.88496
-3.88683
-3.88758
-3.88994
-3.89134
-3.89147
-3.89119
-3.89107
-3.89017
-3.88947
-3.88962
-3.88975
-3.88825
-3.88805
-3.88785
-3.88752
-3.88692
-3.88722
-3.88701
-3.88748
-3.88666
-3.88637
-3.88753
-3.88907
-3.89033
-3.89043
-3.89094
-3.89
-3.88898
-3.88781
-3.88766
-3.88724
-3.886
-3.88471
-3.88442
-3.88411
-3.88468
-3.88465
-3.8858
-3.88566
-3.88611
-3.8865
-3.8862
-3.88688
-3.88599
-3.88582
-3.88634
-3.88734
-3.88864
-3.88842
-3.88773
-3.88722
-3.88618
-3.88653
-3.8858
-3.88592
-3.88541
-3.88621
-3.88685
-3.88743
-3.88865
-3.88944
-3.89095
-3.89132
-3.89096
-3.89112
-3.89154
-3.8918
-3.8925
-3.89255
-3.89193
-3.89199
-3.89226
-3.89107
-3.88974
-3.88885
-3.88831
-3.88802
-3.88748
-3.88751
-3.8868
-3.88567
-3.88583
-3.886
-3.88715
-3.88792
-3.88758
-3.88726
-3.88716
-3.88819
-3.88819
-3.88779
-3.88738
-3.88598
-3.88506
-3.88444
-3.88421
-3.88372
-3.88373
-3.88304
-3.88265
-3.88249
-3.88287
-3.88318
-3.88363
-3.88495
-3.88567
-3.88668
-3.88737
-3.88727
-3.88775
-3.88666
-3.88621
-3.88659
-3.88744
-3.88806
-3.88687
-3.88703
-3.88709
-3.88712
-3.88712
-3.88639
-3.8857
-3.88412
-3.88388
-3.88513
-3.88486
-3.88536
-3.88559
-3.88643
-3.88736
-3.88829
-3.8882
-3.88838
-3.8894
-3.88916
-3.88874
-3.88894
-3.88814
-3.88699
-3.88716
-3.88701
-3.88638
-3.88637
-3.88609
-3.88529
-3.88461
-3.88558
-3.8853
-3.88492
-3.88469
-3.88429
-3.88509
-3.88484
-3.88572
-3.88503
-3.8846
-3.88377
-3.8834
-3.88432
-3.88302
-3.8836
-3.88384
-3.88381
-3.88385
-3.88364
-3.88497
-3.88482
-3.88544
-3.88594
-3.88604
-3.88621
-3.88575
-3.88624
-3.88591
-3.88615
-3.88628
-3.88548
-3.88558
-3.88573
-3.88638
-3.88589
-3.88543
-3.88434
-3.88351
-3.88406
-3.88532
-3.88622
-3.88734
-3.88804
-3.88758
-3.8882
-3.88913
-3.88946
-3.8886
-3.88829
-3.88787
-3.88799
-3.88822
-3.88672
-3.88603
-3.88609
-3.88611
-3.88548
-3.88559
-3.8857
-3.88557
-3.88613
-3.88511
-3.88522
-3.88564
-3.88569
-3.88608
-3.88542
-3.88493
-3.88453
-3.88354
-3.8843
-3.8832
-3.8834
-3.88427
-3.88484
-3.88507
-3.8848
-3.88537
-3.88574
-3.88606
-3.88589
-3.88674
-3.88713
-3.88678
-3.88559
-3.8859
-3.88637
-3.88757
-3.88749
-3.88752
-3.88864
-3.88867
-3.88825
-3.8876
-3.88681
-3.88747
-3.88837
-3.88828
-3.88819
-3.88776
-3.88742
-3.88716
-3.88727
-3.8873
-3.88592
-3.88532
-3.88635
-3.88567
-3.88485
-3.88462
-3.8844
-3.88503
-3.88571
-3.88532
-3.88495
-3.88443
-3.88451
-3.8847
-3.88534
-3.88637
-3.88675
-3.8856
-3.88532
-3.88472
-3.88407
-3.88327
-3.88195
-3.88176
-3.88105
-3.88115
-3.88115
-3.88118
-3.88034
-3.88186
-3.88277
-3.88311
-3.88438
-3.88561
-3.88625
-3.8871
-3.88732
-3.88779
-3.88812
-3.88886
-3.88885
-3.88883
-3.88998
-3.88876
-3.88787
-3.88749
-3.88644
-3.88595
-3.88576
-3.88544
-3.88489
-3.8849
-3.88583
-3.886
-3.88629
-3.88724
-3.88727
-3.8872
-3.88686
-3.88597
-3.88415
-3.88482
-3.88475
-3.88549
-3.88445
-3.8861
-3.88552
-3.88532
-3.88543
-3.88626
-3.88615
-3.88484
-3.88392
-3.88343
-3.88291
-3.88341
-3.88373
-3.8847
-3.88536
-3.88529
-3.88516
-3.88463
-3.88415
-3.88298
-3.8825
-3.88217
-3.88242
-3.8828
-3.88366
-3.8846
-3.88524
-3.88534
-3.88515
-3.88517
-3.88461
-3.88413
-3.88295
-3.88382
-3.88355
-3.8842
-3.88467
-3.88516
-3.88553
-3.88676
-3.88699
-3.88833
-3.88832
-3.88769
-3.88734
-3.88761
-3.8869
-3.8871
-3.88692
-3.88698
-3.88667
-3.88645
-3.88617
-3.88662
-3.88719
-3.88861
-3.8899
-3.89019
-3.89182
-3.89101
-3.89007
-3.89031
-3.88941
-3.88998
-3.88928
-3.88981
-3.89012
-3.89028
-3.89086
-3.88974
-3.88898
-3.88858
-3.88703
-3.88765
-3.88778
-3.88745
-3.88704
-3.88733
-3.88678
-3.88764
-3.88801
-3.88899
-3.88914
-3.88963
-3.88977
-3.88945
-3.89064
-3.88935
-3.88972
-3.88842
-3.88749
-3.88732
-3.8872
-3.88735
-3.88697
-3.88595
-3.8856
-3.88564
-3.88607
-3.88455
-3.88457
-3.88552
-3.88688
-3.88761
-3.88843
-3.88945
-3.88936
-3.88923
-3.88941
-3.88894
-3.88852
-3.8867
-3.88567
-3.88517
-3.88543
-3.88526
-3.88406
-3.88434
-3.88446
-3.88433
-3.88408
-3.88405
-3.88432
-3.88358
-3.88439
-3.8846
-3.88542
-3.88553
-3.88532
-3.88532
-3.88541
-3.88675
-3.88692
-3.88925
-3.89041
-3.89128
-3.8898
-3.88926
-3.88807
-3.88822
-3.88848
-3.88779
-3.88758
-3.88778
-3.88769
-3.88774
-3.88722
-3.88666
-3.88706
-3.88706
-3.88614
-3.8868
-3.88628
-3.88599
-3.88677
-3.88801
-3.88925
-3.89027
-3.89014
-3.88922
-3.88739
-3.88593
-3.88572
-3.88469
-3.88662
-3.88619
-3.88615
-3.88632
-3.88701
-3.88743
-3.88638
-3.88719
-3.88691
-3.88769
-3.88785
-3.88934
-3.8886
-3.88903
-3.88757
-3.88794
-3.88702
-3.88704
-3.88647
-3.8868
-3.88701
-3.88877
-3.88973
-3.89011
-3.89024
-3.89004
-3.88979
-3.89064
-3.88951
-3.88839
-3.8864
-3.88639
-3.88687
-3.88664
-3.88682
-3.88687
-3.88714
-3.8875
-3.88763
-3.88937
-3.8903
-3.89093
-3.89094
-3.89082
-3.89094
-3.89118
-3.89067
-3.89075
-3.89185
-3.89106
-3.89077
-3.89085
-3.89102
-3.89023
-3.88942
-3.88846
-3.88766
-3.88745
-3.88647
-3.8861
-3.88499
-3.88397
-3.88295
-3.88317
-3.88329
-3.88355
-3.8848
-3.88594
-3.88721
-3.88827
-3.8888
-3.88923
-3.88929
-3.88899
-3.8882
-3.88829
-3.88803
-3.88722
-3.88809
-3.88776
-3.88715
-3.88614
-3.88598
-3.88593
-3.88526
-3.88527
-3.8856
-3.88401
-3.88351
-3.88438
-3.88443
-3.88513
