1.63354
1.60795
1.57556
1.53843
1.49875
1.45872
1.42023
1.38494
1.35406
1.3284
1.30831
1.29384
1.28481
1.28077
1.28092
1.28389
1.28769
1.29
1.28886
1.28325
1.27352
1.26122
1.24866
1.23833
1.23223
1.23129
1.23524
1.24269
1.25166
1.26
1.26595
1.26843
1.26708
1.26202
1.25363
1.2424
1.22906
1.21509
1.20324
1.19736
1.20099
1.21546
1.23941
1.2698
1.30317
1.33621
1.36608
1.39073
1.40906
1.42092
1.42695
1.42831
1.42653
1.42326
1.41991
1.41739
1.41604
1.41582
1.41687
1.41962
1.42441
1.43097
1.43839
1.44568
1.45212
1.45736
1.46113
1.46303
1.46237
1.45837
1.4505
1.43898
1.42506
1.41084
1.39832
1.38854
1.38115
1.37489
1.36842
1.36116
1.35379
1.34828
1.34703
1.35174
1.36277
1.37935
1.40007
1.42297
1.44565
1.46563
1.48091
1.4904
1.49398
1.49233
1.48659
1.47797
1.46732
1.45489
1.44065
1.4246
1.4072
1.38956
1.37319
1.35926
1.34795
1.33864
1.33086
1.32489
1.32127
1.31998
1.32032
1.32147
1.32317
1.32593
1.33064
1.33803
1.34826
1.36088
1.375
1.38947
1.40305
1.41453
1.42279
1.42701
1.42677
1.4222
1.41396
1.40307
1.39059
1.37747
1.36441
1.35191
1.34033
1.32984
1.3206
1.3129
1.30717
1.30407
1.30421
1.30797
1.31516
1.32488
1.33543
1.3445
1.34965
1.34905
1.34206
1.32947
1.31343
1.29686
1.28277
1.27349
1.27028
1.27334
1.28187
1.29441
1.30924
1.32477
1.33997
1.35448
1.36818
1.38037
1.3894
1.39309
1.38982
1.37936
1.36322
1.34418
1.32568
1.31087
1.30177
1.29884
1.30107
1.3064
1.31244
1.31711
1.31918
1.31824
1.31475
1.30967
1.30423
1.29961
1.29683
1.29653
1.29899
1.30412
1.31137
1.31978
1.32834
1.33657
1.34498
1.35502
1.3684
1.38579
1.40597
1.42609
1.44291
1.45411
1.45868
1.45692
1.44998
1.43952
1.42754
1.41606
1.40683
1.40092
1.39848
1.39877
1.40054
1.40255
1.40383
1.40384
1.40238
1.3994
1.39499
1.38941
1.38322
1.37723
1.37225
1.36873
1.36647
1.36471
1.36249
1.3592
1.35496
1.35069
1.34794
1.34837
1.35306
1.36205
1.37426
1.38803
1.40173
1.41429
1.42519
1.4342
1.44105
1.44516
1.44579
1.44212
1.43365
1.42039
1.40309
1.38315
1.36256
1.34347
1.32778
1.31669
1.31056
1.30894
1.31077
1.31471
1.31956
1.32461
1.32982
1.33574
1.34313
1.35261
1.36428
1.37766
1.39185
1.40579
1.41854
1.42927
1.43745
1.44298
1.44656
1.44959
1.45361
1.45947
1.4667
1.4736
1.47796
1.47817
1.47367
1.46515
1.45405
1.44177
1.42899
1.41553
1.40071
1.38381
1.36442
1.34261
1.31904
1.29524
1.27391
1.25893
1.25449
1.26339
1.28524
1.31613
1.35034
1.38258
1.40947
1.42952
1.44262
1.44929
1.45011
1.44556
1.436
1.42175
1.40343
1.38206
1.35903
1.33603
1.3146
1.29592
1.28073
1.26943
1.26219
1.25904
1.25989
1.2647
1.27342
1.28584
1.30129
1.31845
1.33549
1.35048
1.36205
1.36974
1.37395
1.37548
1.37506
1.37294
1.36901
1.36311
1.35528
1.34582
1.33509
1.3231
1.3094
1.29334
1.27448
1.25309
1.23056
1.20923
1.19187
1.18085
1.17742
1.18144
1.19167
1.20614
1.22263
1.23929
1.25516
1.27032
1.28531
1.30039
1.31516
1.32878
1.34052
1.35019
1.35802
1.36443
1.36969
1.37368
1.37601
1.37623
1.37412
1.36972
1.36347
1.35589
1.34752
1.33877
1.33007
1.32186
1.31469
1.30909
1.30528
1.30305
1.30185
1.30117
1.30088
1.30128
1.30292
1.30634
1.31185
1.3194
1.32852
1.33834
1.34766
1.35517
1.3598
1.36099
1.3589
1.35428
1.34834
1.3425
1.3381
1.33627
1.33769
1.34264
1.35078
1.3612
1.37257
1.38341
1.39239
1.39855
1.4013
1.4005
1.39628
1.38895
1.3787
1.36552
1.34929
1.33008
1.30877
1.28755
1.26991
1.26004
1.2613
1.27481
1.29873
1.32909
1.36111
1.3905
1.41404
1.42964
1.43622
1.43325
1.42063
1.39852
1.36751
1.3291
1.28625
1.2436
1.20704
1.18246
1.17394
1.18261
1.20638
1.24092
1.28105
1.32205
1.36032
1.39349
1.42014
1.43951
1.4512
1.45526
1.45222
1.44328
1.4301
1.41452
1.39816
1.38224
1.36761
1.35493
1.34495
1.33854
1.33657
1.33959
1.34727
1.3582
1.3701
1.38049
1.3875
1.39013
1.38834
1.38272
1.3742
1.36379
1.3526
1.34187
1.33304
1.32751
1.32631
1.32976
1.33747
1.34867
1.3625
1.37834
1.39575
1.41417
1.43272
1.45002
1.46447
1.47444
1.47846
1.47547
1.46513
1.44817
1.42648
1.40275
1.37965
1.3592
1.34257
1.33043
1.32308
1.32048
1.32207
1.3268
1.33359
1.3417
1.35093
1.36122
1.37228
1.38357
1.39434
1.40383
1.41108
1.41485
1.41361
1.40598
1.3911
1.36896
1.34035
1.30674
1.2699
1.23186
1.19525
1.16349
1.14051
1.12956
1.13211
1.14717
1.17168
1.20153
1.23253
1.26105
1.28432
1.3005
1.30887
1.30985
1.30483
1.29581
1.28487
1.27378
1.2637
1.25543
1.24979
1.2479
1.25103
1.25995
1.27401
1.29071
1.30665
1.31909
1.32746
1.33386
1.34213
1.35527
1.37313
1.39221
1.40771
1.41594
1.41544
1.40663
1.39105
1.37059
1.34703
1.3219
1.29649
1.27212
1.2503
1.23282
1.2214
1.21734
1.22113
1.23222
1.2492
1.27006
1.29264
1.31498
1.33549
1.35302
1.36679
1.3764
1.38159
1.38215
1.37797
1.36924
1.35655
1.34092
1.32368
1.30611
1.28903
1.27274
1.25714
1.24197
1.22722
1.2133
1.20101
1.1914
1.18533
1.18316
1.18457
1.18867
1.19442
1.20118
1.20897
1.21828
1.22978
1.24388
1.26082
1.28082
1.30419
1.33074
1.35889
1.38572
1.4081
1.42435
1.43474
1.44086
1.4444
1.44606
1.44531
1.44104
1.43227
1.41865
1.40089
1.38089
1.3616
1.34608
1.33616
1.33192
1.33232
1.3362
1.34247
1.34982
1.35669
1.36165
1.36377
1.36293
1.35971
1.35517
1.35035
1.34595
1.34223
1.3389
1.33555
1.33184
1.32769
1.32341
1.31969
1.31741
1.31739
1.32004
1.32516
1.33186
1.33877
1.34446
1.34798
1.349
1.34802
1.34601
1.34402
1.34284
1.34284
1.34389
1.34554
1.3472
1.34831
1.34835
1.34691
1.34358
1.33809
1.33042
1.32106
1.31102
1.30174
1.29477
1.2912
1.29124
1.29411
1.29828
1.30205
1.3042
1.30437
1.30307
1.30124
1.2997
1.29877
1.2983
1.29782
1.29664
1.29401
1.28909
1.28118
1.27009
1.25647
1.24212
1.22987
1.22294
1.22372
1.23278
1.24858
1.26822
1.28863
1.30756
1.32418
1.33901
1.35345
1.36875
1.38516
1.40166
1.41634
1.42737
1.43362
1.43481
1.43141
1.42416
1.41389
1.40133
1.38701
1.37129
1.35453
1.33732
1.32078
1.30659
1.29664
1.29241
1.29461
1.3029
1.31588
1.33162
1.34837
1.36516
1.38178
1.39826
1.41442
1.42955
1.44251
1.45215
1.45765
1.45846
1.45435
1.44536
1.43195
1.41501
1.3959
1.37616
1.35717
1.3399
1.3246
1.31074
1.29716
1.28271
1.26671
1.24938
1.23192
1.21619
1.20419
1.19755
1.19706
1.20258
1.21307
1.22683
1.24199
1.25686
1.2704
1.28212
1.29185
1.29926
1.30395
1.30588
1.306
1.30603
1.30744
1.31027
1.31271
1.31222
1.30712
1.29774
1.28625
1.27558
1.26812
1.26518
1.26715
1.27367
1.28367
1.29523
1.30571
1.31254
1.31403
1.31
1.30194
1.29262
1.28509
1.28165
1.28333
1.29002
1.30104
1.31545
1.33207
1.34939
1.36567
1.3793
1.38913
1.39485
1.39685
1.39594
1.39301
1.3889
1.38448
1.3808
1.37914
1.38066
1.38599
1.39479
1.40577
1.41713
1.42727
1.43538
1.4416
1.44684
1.45215
1.4582
1.46482
1.47092
1.47475
1.4744
1.4684
1.45641
1.4397
1.42122
1.40423
1.39027
1.37809
1.36528
1.35088
1.33694
1.32749
1.32578
1.33163
1.34169
1.3519
1.35962
1.36399
1.3655
1.36541
1.36514
1.36583
1.3679
1.37087
1.37339
1.3734
1.36866
1.3577
1.34052
1.31875
1.29509
1.2728
1.25523
1.24545
1.24548
1.25571
1.27457
1.29906
1.32558
1.35089
1.37252
1.38892
1.39936
1.40379
1.40278
1.39744
1.38939
1.38053
1.37239
1.36558
1.3596
1.35327
1.34551
1.33588
1.32459
1.31211
1.29873
1.28443
1.26941
1.25453
1.2415
1.23261
1.23009
1.2352
1.24773
1.2658
1.28658
1.30735
1.32629
1.34261
1.35601
1.3662
1.37274
1.37549
1.37507
1.37284
1.37037
1.36863
1.36764
1.36665
1.36468
1.36104
1.35597
1.35073
1.34742
1.34807
1.35365
1.3635
1.37572
1.38795
1.398
1.40409
1.40502
1.4005
1.39181
1.38208
1.3753
1.37397
1.37735
1.38217
1.38498
1.38378
1.3783
1.36935
1.35827
1.34657
1.33554
1.32601
1.31806
1.31107
1.30397
1.29564
1.2857
1.27508
1.26608
1.2619
1.26537
1.27742
1.29644
1.31896
1.34124
1.36047
1.37507
1.38447
1.38867
1.38789
1.38236
1.37235
1.35824
1.34081
1.32135
1.30182
1.28461
1.27212
1.26601
1.26653
1.27271
1.28293
1.29564
1.30982
1.32503
1.34117
1.35821
1.3759
1.39365
1.41059
1.42579
1.43845
1.44801
1.45414
1.45671
1.45574
1.45121
1.44304
1.43111
1.41549
1.39669
1.37587
1.35476
1.33528
1.31916
1.3076
1.30124
1.30015
1.30397
1.31202
1.3234
1.33727
1.35292
1.36994
1.38807
1.40692
1.42578
1.4435
1.45868
1.46994
1.47617
1.47653
1.47051
1.45785
1.43876
1.41435
1.38715
1.36129
1.34172
1.33218
1.33353
