-5.51506
-5.48961
-5.4568
-5.41946
-5.37965
-5.34029
-5.30176
-5.26686
-5.23692
-5.21135
-5.19214
-5.17852
-5.17016
-5.16553
-5.16618
-5.16935
-5.1734
-5.17575
-5.17494
-5.16888
-5.15836
-5.14486
-5.13226
-5.12213
-5.11546
-5.11505
-5.11987
-5.12772
-5.13657
-5.1446
-5.15039
-5.1534
-5.15136
-5.14594
-5.13756
-5.12592
-5.11198
-5.09867
-5.08739
-5.08247
-5.08747
-5.10284
-5.12804
-5.15919
-5.19207
-5.22506
-5.25404
-5.27778
-5.295
-5.30655
-5.31189
-5.31316
-5.31132
-5.30692
-5.30483
-5.30167
-5.30074
-5.30123
-5.30379
-5.30659
-5.31158
-5.31752
-5.32602
-5.3328
-5.33838
-5.34409
-5.3477
-5.34983
-5.34811
-5.34404
-5.33669
-5.3244
-5.3108
-5.29666
-5.28424
-5.27474
-5.26768
-5.26176
-5.25522
-5.24728
-5.23894
-5.23405
-5.23334
-5.23899
-5.25153
-5.2683
-5.28948
-5.31233
-5.33333
-5.35141
-5.36554
-5.37503
-5.37956
-5.37759
-5.37197
-5.36267
-5.35198
-5.33968
-5.32586
-5.30994
-5.29321
-5.27669
-5.26037
-5.24581
-5.23458
-5.22558
-5.21842
-5.21281
-5.20883
-5.20865
-5.20835
-5.21001
-5.21178
-5.21469
-5.22039
-5.22777
-5.23887
-5.25079
-5.26515
-5.28079
-5.29376
-5.30587
-5.31331
-5.318
-5.31747
-5.31325
-5.30469
-5.2948
-5.28207
-5.26893
-5.255
-5.24333
-5.23064
-5.22072
-5.21178
-5.20455
-5.19905
-5.19655
-5.19735
-5.20116
-5.20806
-5.21765
-5.22801
-5.23679
-5.24159
-5.24051
-5.2332
-5.2203
-5.20422
-5.18716
-5.17361
-5.16505
-5.16293
-5.16567
-5.17408
-5.18708
-5.20205
-5.21743
-5.23287
-5.2467
-5.2612
-5.27347
-5.28146
-5.28421
-5.28005
-5.26984
-5.25235
-5.23321
-5.21495
-5.20034
-5.19186
-5.18876
-5.19156
-5.19692
-5.20305
-5.20691
-5.20746
-5.20533
-5.20118
-5.19601
-5.19074
-5.18688
-5.18387
-5.18323
-5.18643
-5.1921
-5.19876
-5.20829
-5.21697
-5.22503
-5.23397
-5.24428
-5.25836
-5.27657
-5.29704
-5.31697
-5.33317
-5.34326
-5.34748
-5.34529
-5.33775
-5.32781
-5.31503
-5.30311
-5.29372
-5.28771
-5.28604
-5.28623
-5.28658
-5.28825
-5.28927
-5.28944
-5.28812
-5.28454
-5.2797
-5.27358
-5.26797
-5.26235
-5.25826
-5.25504
-5.25302
-5.2511
-5.2494
-5.24555
-5.24185
-5.23704
-5.2356
-5.23642
-5.24141
-5.25169
-5.26414
-5.27887
-5.29235
-5.30416
-5.31427
-5.32308
-5.32923
-5.33364
-5.33523
-5.3314
-5.32364
-5.30964
-5.29169
-5.27174
-5.25105
-5.23283
-5.21832
-5.20878
-5.20268
-5.20131
-5.20431
-5.20916
-5.2142
-5.2188
-5.22541
-5.23068
-5.23811
-5.24842
-5.26075
-5.27516
-5.28937
-5.30369
-5.31597
-5.32661
-5.33376
-5.33694
-5.34024
-5.3433
-5.34688
-5.35217
-5.35871
-5.36484
-5.36825
-5.36828
-5.36318
-5.35388
-5.34306
-5.33027
-5.31744
-5.30524
-5.29023
-5.2731
-5.25407
-5.23158
-5.20821
-5.18375
-5.16226
-5.1483
-5.14556
-5.15508
-5.17776
-5.20896
-5.24243
-5.2738
-5.30155
-5.32029
-5.33182
-5.33787
-5.33708
-5.33232
-5.32182
-5.30622
-5.28649
-5.26488
-5.24147
-5.21871
-5.19645
-5.17704
-5.16222
-5.15147
-5.14541
-5.14251
-5.14406
-5.1488
-5.15837
-5.17219
-5.18848
-5.20527
-5.22279
-5.23718
-5.24792
-5.25613
-5.26019
-5.26286
-5.26136
-5.25891
-5.25449
-5.24869
-5.24022
-5.23032
-5.21933
-5.20809
-5.19343
-5.17666
-5.15691
-5.13518
-5.11189
-5.09038
-5.07417
-5.06417
-5.06227
-5.06668
-5.07803
-5.09325
-5.10984
-5.1266
-5.14268
-5.15886
-5.17476
-5.19165
-5.20544
-5.21845
-5.22938
-5.23839
-5.24545
-5.25114
-5.25643
-5.25967
-5.26166
-5.26135
-5.25961
-5.25515
-5.24875
-5.24152
-5.23324
-5.22478
-5.21671
-5.20828
-5.20185
-5.19732
-5.19309
-5.19084
-5.18956
-5.18847
-5.18762
-5.18751
-5.18991
-5.19293
-5.1994
-5.20729
-5.21668
-5.22666
-5.23631
-5.24403
-5.24938
-5.24963
-5.24572
-5.24091
-5.23462
-5.22886
-5.22407
-5.22193
-5.22386
-5.22991
-5.23893
-5.24921
-5.25999
-5.27024
-5.28019
-5.28618
-5.28797
-5.28727
-5.28303
-5.2754
-5.2647
-5.25153
-5.23559
-5.21612
-5.19439
-5.1738
-5.1566
-5.14771
-5.15005
-5.16427
-5.18904
-5.21948
-5.25127
-5.2799
-5.30287
-5.31656
-5.32234
-5.31886
-5.30559
-5.283
-5.25086
-5.21275
-5.16983
-5.1269
-5.09084
-5.06742
-5.06078
-5.07019
-5.09631
-5.13225
-5.17252
-5.21324
-5.25139
-5.28365
-5.30961
-5.32913
-5.34095
-5.34351
-5.34027
-5.33112
-5.31762
-5.30144
-5.28538
-5.26925
-5.25509
-5.24159
-5.23132
-5.22607
-5.22564
-5.22992
-5.23771
-5.24914
-5.26009
-5.26947
-5.27531
-5.27779
-5.27558
-5.26872
-5.25891
-5.24821
-5.2367
-5.22655
-5.21769
-5.21331
-5.21197
-5.21587
-5.22398
-5.23487
-5.24937
-5.26434
-5.28157
-5.30051
-5.32006
-5.33866
-5.35289
-5.36217
-5.36568
-5.36166
-5.35166
-5.33396
-5.3124
-5.28816
-5.26586
-5.24605
-5.23
-5.21908
-5.21252
-5.21143
-5.21339
-5.21776
-5.22471
-5.23324
-5.24273
-5.25371
-5.26483
-5.27549
-5.28633
-5.29609
-5.30215
-5.30459
-5.30247
-5.29428
-5.27912
-5.25643
-5.22786
-5.19354
-5.15557
-5.11769
-5.08124
-5.05064
-5.02843
-5.01715
-5.01937
-5.03433
-5.05988
-5.08972
-5.12032
-5.14843
-5.1703
-5.18557
-5.19331
-5.19406
-5.18855
-5.17955
-5.16792
-5.15642
-5.14619
-5.1383
-5.13298
-5.13153
-5.13597
-5.14563
-5.16068
-5.17807
-5.19392
-5.20684
-5.21411
-5.22007
-5.22872
-5.2427
-5.26119
-5.27907
-5.29474
-5.30303
-5.30256
-5.29375
-5.27745
-5.2563
-5.23116
-5.20579
-5.18163
-5.15698
-5.13567
-5.11841
-5.10783
-5.1047
-5.10941
-5.12042
-5.13758
-5.15946
-5.1818
-5.20372
-5.22444
-5.24116
-5.25378
-5.26356
-5.2686
-5.26853
-5.26434
-5.25533
-5.24183
-5.22552
-5.20926
-5.19141
-5.17395
-5.15744
-5.14143
-5.12706
-5.11206
-5.09901
-5.08605
-5.07599
-5.0691
-5.06656
-5.06889
-5.07169
-5.07801
-5.08502
-5.09278
-5.10213
-5.11342
-5.12886
-5.14564
-5.16626
-5.19013
-5.21678
-5.24511
-5.27147
-5.29434
-5.31026
-5.32089
-5.32714
-5.32988
-5.33163
-5.33104
-5.32742
-5.31817
-5.30408
-5.28523
-5.2644
-5.24566
-5.2314
-5.22237
-5.21926
-5.22036
-5.22378
-5.23067
-5.23895
-5.24615
-5.25025
-5.25207
-5.2508
-5.2477
-5.24339
-5.23707
-5.23199
-5.22832
-5.22501
-5.22103
-5.21742
-5.2134
-5.20898
-5.20581
-5.20252
-5.2026
-5.20567
-5.21085
-5.21795
-5.22418
-5.22939
-5.23251
-5.23255
-5.23232
-5.22921
-5.22741
-5.2271
-5.22768
-5.22896
-5.23033
-5.23257
-5.23405
-5.23442
-5.2328
-5.23033
-5.22521
-5.21719
-5.20665
-5.19692
-5.18811
-5.18234
-5.17869
-5.17876
-5.18274
-5.18695
-5.1903
-5.19179
-5.19118
-5.19054
-5.18961
-5.18798
-5.18696
-5.18606
-5.18524
-5.1838
-5.18128
-5.17639
-5.1671
-5.15541
-5.14282
-5.12778
-5.11472
-5.10756
-5.10812
-5.11781
-5.13429
-5.15353
-5.17358
-5.19199
-5.20868
-5.22371
-5.2388
-5.25512
-5.27191
-5.28726
-5.30166
-5.31209
-5.31768
-5.31808
-5.31336
-5.30592
-5.29493
-5.28248
-5.26816
-5.25247
-5.23488
-5.21918
-5.20354
-5.1897
-5.18101
-5.17802
-5.18086
-5.19
-5.2032
-5.21941
-5.23649
-5.25402
-5.27063
-5.28709
-5.3044
-5.31831
-5.33038
-5.33964
-5.34409
-5.34441
-5.34011
-5.3308
-5.31683
-5.29992
-5.28173
-5.26216
-5.24346
-5.22714
-5.21187
-5.19794
-5.18402
-5.16868
-5.15085
-5.1342
-5.11667
-5.10168
-5.08865
-5.08365
-5.08258
-5.0879
-5.0985
-5.11309
-5.12814
-5.14171
-5.15432
-5.16554
-5.17476
-5.18267
-5.18768
-5.19058
-5.19136
-5.19133
-5.19261
-5.1949
-5.19686
-5.1952
-5.18962
-5.17991
-5.16867
-5.15837
-5.15178
-5.14978
-5.15239
-5.15901
-5.16881
-5.1804
-5.19032
-5.19667
-5.19699
-5.19382
-5.18549
-5.17682
-5.16977
-5.16681
-5.16886
-5.17678
-5.18803
-5.20378
-5.22039
-5.23708
-5.25302
-5.26691
-5.27602
-5.28195
-5.28377
-5.28292
-5.27968
-5.27536
-5.27065
-5.26741
-5.26633
-5.26927
-5.27589
-5.28498
-5.29759
-5.30813
-5.31734
-5.32569
-5.33102
-5.33681
-5.34142
-5.34801
-5.35494
-5.3612
-5.3656
-5.36414
-5.35739
-5.34498
-5.32673
-5.30887
-5.29201
-5.27772
-5.26513
-5.25261
-5.23767
-5.22458
-5.2155
-5.21477
-5.22078
-5.23132
-5.24168
-5.24907
-5.25462
-5.25486
-5.25514
-5.25356
-5.25332
-5.25521
-5.25807
-5.26074
-5.26037
-5.25461
-5.2433
-5.22617
-5.20482
-5.17964
-5.15736
-5.14075
-5.13233
-5.1331
-5.14413
-5.16402
-5.18842
-5.2148
-5.2403
-5.26146
-5.27744
-5.28606
-5.28946
-5.28795
-5.28286
-5.27465
-5.26459
-5.25673
-5.25004
-5.24394
-5.23735
-5.22956
-5.2202
-5.20816
-5.1965
-5.18333
-5.16985
-5.15494
-5.13985
-5.12683
-5.11803
-5.11683
-5.12213
-5.13698
-5.15621
-5.17786
-5.19714
-5.21554
-5.23067
-5.24423
-5.25467
-5.26053
-5.26307
-5.26285
-5.26053
-5.2581
-5.25585
-5.2543
-5.25371
-5.25174
-5.24718
-5.24277
-5.23701
-5.23341
-5.23484
-5.24165
-5.25275
-5.26599
-5.2781
-5.28722
-5.29148
-5.29095
-5.28622
-5.27651
-5.2687
-5.26149
-5.26012
-5.26366
-5.26918
-5.2724
-5.27016
-5.26549
-5.25626
-5.24596
-5.23442
-5.22488
-5.21461
-5.2071
-5.19864
-5.19191
-5.18266
-5.17274
-5.16156
-5.15289
-5.14891
-5.15414
-5.16715
-5.18655
-5.2092
-5.23129
-5.25026
-5.26571
-5.27397
-5.27706
-5.27429
-5.26875
-5.25921
-5.24488
-5.22763
-5.20822
-5.18895
-5.17211
-5.15976
-5.15538
-5.15683
-5.16364
-5.17387
-5.18647
-5.20076
-5.21621
-5.23184
-5.24896
-5.26775
-5.28471
-5.30136
-5.31664
-5.32947
-5.33824
-5.34356
-5.34517
-5.3434
-5.33866
-5.32952
-5.31721
-5.30048
-5.28066
-5.25882
-5.23793
-5.21856
-5.2027
-5.1924
-5.18718
-5.18736
-5.19224
-5.20082
-5.21264
-5.22655
-5.2419
-5.25814
-5.27637
-5.29496
-5.313
-5.33159
-5.34644
-5.35709
-5.36231
-5.36251
-5.35644
-5.34311
-5.32403
-5.29995
-5.27116
-5.2448
-5.2261
-5.21661
-5.21867
