-1.0778
-0.958488
-0.807704
-0.635235
-0.450015
-0.262297
-0.0777871
0.0946597
0.249515
0.385378
0.497782
0.587432
0.655062
0.70395
0.733408
0.750962
0.76346
0.779769
0.80604
0.847308
0.901292
0.962107
1.01861
1.06322
1.09045
1.09424
1.07719
1.04605
1.00855
0.972315
0.943564
0.925689
0.923354
0.933803
0.955582
0.987821
1.02689
1.06427
1.0915
1.09362
1.05819
0.982409
0.870461
0.735197
0.59095
0.447641
0.318119
0.20889
0.124459
0.0638505
0.026556
0.00657967
-0.000960193
-0.000499743
-0.00283381
-0.00451306
-0.0115007
-0.0226106
-0.0391786
-0.0590897
-0.0859012
-0.116833
-0.152637
-0.184511
-0.211898
-0.236082
-0.252782
-0.261966
-0.258384
-0.242865
-0.213157
-0.16744
-0.114399
-0.0595421
-0.0104777
0.0290048
0.0604609
0.0884297
0.118017
0.151049
0.183933
0.206079
0.211242
0.192507
0.148379
0.0848386
0.00489468
-0.0824984
-0.166196
-0.238925
-0.294615
-0.329649
-0.343114
-0.333891
-0.308875
-0.270497
-0.224201
-0.170491
-0.109744
-0.0415286
0.0307311
0.10281
0.171482
0.231891
0.281093
0.321808
0.355216
0.380978
0.397951
0.402839
0.403312
0.397548
0.388891
0.374712
0.350788
0.317735
0.272332
0.220549
0.161999
0.101214
0.0473221
0.0002352
-0.0314423
-0.0489247
-0.0473653
-0.0296134
0.00386886
0.0460427
0.0968333
0.15011
0.204659
0.254154
0.302739
0.343554
0.37884
0.40671
0.426142
0.433966
0.428784
0.410891
0.381268
0.343113
0.303644
0.27181
0.25652
0.264338
0.296659
0.350188
0.416079
0.484217
0.54086
0.578449
0.591758
0.582784
0.551774
0.503425
0.445709
0.384662
0.32343
0.266072
0.210122
0.162528
0.130559
0.120243
0.137265
0.180117
0.247109
0.322926
0.396021
0.455289
0.492488
0.507806
0.502547
0.486269
0.466702
0.452896
0.449044
0.454863
0.468322
0.485707
0.502948
0.515089
0.520874
0.516456
0.498869
0.470441
0.434652
0.390335
0.345286
0.299993
0.250988
0.194878
0.125152
0.0408248
-0.0517194
-0.141626
-0.216975
-0.269109
-0.296346
-0.298417
-0.279446
-0.247756
-0.207007
-0.167466
-0.135545
-0.114876
-0.107338
-0.107538
-0.110352
-0.115205
-0.11712
-0.114738
-0.10665
-0.091601
-0.0715
-0.047033
-0.0223576
0.00163893
0.0208148
0.0353829
0.0452409
0.0536925
0.0623113
0.0758276
0.0900197
0.104749
0.109604
0.103061
0.0800748
0.0391457
-0.0122144
-0.0704813
-0.126441
-0.176854
-0.220176
-0.25603
-0.281183
-0.295596
-0.29575
-0.275893
-0.237602
-0.17773
-0.102099
-0.0174862
0.0693043
0.148058
0.212346
0.257138
0.283721
0.290681
0.280587
0.260107
0.234263
0.205566
0.170361
0.133204
0.0873539
0.0309908
-0.0341207
-0.106498
-0.180127
-0.252905
-0.318929
-0.376735
-0.421839
-0.453101
-0.478179
-0.498936
-0.519195
-0.542004
-0.56524
-0.58273
-0.586672
-0.573193
-0.539044
-0.487724
-0.426881
-0.358933
-0.288644
-0.217038
-0.137696
-0.0508013
0.0435022
0.146902
0.253164
0.35849
0.449975
0.511899
0.529943
0.497596
0.415382
0.299681
0.172864
0.053199
-0.0493024
-0.122391
-0.167994
-0.189382
-0.185283
-0.16118
-0.115048
-0.0490208
0.03364
0.126641
0.226256
0.324554
0.417953
0.499732
0.565027
0.613411
0.643201
0.656556
0.651494
0.630205
0.590462
0.534088
0.465977
0.392773
0.318591
0.254037
0.203222
0.16568
0.143625
0.13133
0.132116
0.140456
0.158205
0.184632
0.221499
0.266065
0.316975
0.3726
0.4385
0.513375
0.598721
0.691474
0.787266
0.875285
0.943785
0.986258
0.997159
0.979662
0.935521
0.873929
0.80375
0.731016
0.659338
0.587911
0.516914
0.444521
0.378581
0.31743
0.264756
0.220958
0.185827
0.15786
0.135235
0.120937
0.114503
0.118394
0.131566
0.155622
0.188273
0.226335
0.268808
0.313077
0.357091
0.400741
0.438845
0.470271
0.496919
0.516299
0.530849
0.542547
0.551304
0.55559
0.551465
0.541072
0.519587
0.490796
0.455952
0.418784
0.3837
0.356207
0.339276
0.33832
0.351304
0.371197
0.396078
0.419516
0.437739
0.445537
0.438985
0.417505
0.383759
0.342582
0.298179
0.255501
0.217166
0.191234
0.179329
0.179107
0.191848
0.216636
0.252289
0.297473
0.352321
0.417039
0.486818
0.550942
0.59809
0.61197
0.581735
0.505288
0.389693
0.252149
0.110492
-0.0180876
-0.121828
-0.189722
-0.22097
-0.212032
-0.161909
-0.0723159
0.0547071
0.208626
0.379547
0.548364
0.690466
0.78374
0.812899
0.777025
0.679741
0.54151
0.382422
0.219352
0.0656741
-0.0672078
-0.174526
-0.25345
-0.30051
-0.312901
-0.297361
-0.256428
-0.196418
-0.124284
-0.0484927
0.0279298
0.0991307
0.164865
0.218747
0.25548
0.273157
0.270818
0.251124
0.217021
0.179962
0.146801
0.124618
0.115244
0.12107
0.140966
0.170403
0.203962
0.239148
0.269755
0.292809
0.300297
0.29246
0.265214
0.221106
0.164162
0.0950255
0.0204312
-0.0609597
-0.146342
-0.231224
-0.309499
-0.371612
-0.412717
-0.428144
-0.412856
-0.368897
-0.295559
-0.203449
-0.100604
-0.000465809
0.0912567
0.169336
0.229523
0.271796
0.294116
0.30136
0.296562
0.281691
0.259938
0.233182
0.201333
0.167865
0.135692
0.106119
0.0835891
0.0750594
0.0836359
0.114123
0.171625
0.258814
0.375758
0.516985
0.67796
0.850143
1.02163
1.1831
1.31901
1.41645
1.46448
1.4564
1.39625
1.29471
1.1714
1.04183
0.919942
0.818656
0.743137
0.696747
0.677831
0.682143
0.700736
0.727459
0.75378
0.774857
0.786707
0.786832
0.770673
0.732597
0.672896
0.593608
0.505454
0.421993
0.351181
0.298636
0.253441
0.20227
0.136046
0.0574379
-0.0179057
-0.0779828
-0.107676
-0.102285
-0.0638324
0.00270328
0.0886359
0.18821
0.291482
0.392584
0.490627
0.575659
0.64242
0.682992
0.693617
0.67312
0.625699
0.55529
0.469117
0.379229
0.29184
0.212192
0.147738
0.100697
0.0702987
0.0603126
0.071708
0.102925
0.154349
0.223784
0.305921
0.393034
0.484693
0.575534
0.663513
0.748917
0.829717
0.908801
0.980592
1.04583
1.09751
1.13324
1.15027
1.14844
1.13655
1.11178
1.07999
1.04122
0.993339
0.934906
0.861986
0.779117
0.682441
0.573103
0.453321
0.329138
0.213074
0.114105
0.0412816
-0.00837575
-0.0392611
-0.0557153
-0.0629334
-0.057849
-0.0375881
0.003285
0.0632362
0.139707
0.223284
0.300572
0.361037
0.39942
0.414132
0.409621
0.391294
0.359891
0.321944
0.285119
0.256107
0.235887
0.226342
0.22454
0.227705
0.235241
0.240763
0.243747
0.246422
0.251301
0.257395
0.266007
0.276355
0.284407
0.290524
0.287509
0.275191
0.255482
0.230579
0.207582
0.189398
0.179392
0.179327
0.183463
0.193812
0.201357
0.204145
0.20249
0.197083
0.190013
0.181437
0.175321
0.173416
0.178192
0.188698
0.208265
0.237054
0.273157
0.308825
0.340639
0.362017
0.372277
0.368622
0.352595
0.33345
0.316597
0.306326
0.30398
0.305525
0.309768
0.316005
0.321496
0.327254
0.334114
0.344217
0.359523
0.383295
0.419544
0.464763
0.514365
0.56644
0.607714
0.625441
0.612227
0.565285
0.492048
0.405363
0.315083
0.230065
0.152621
0.0822012
0.0140562
-0.0554241
-0.124783
-0.188361
-0.242997
-0.280315
-0.29689
-0.292077
-0.267296
-0.228475
-0.176536
-0.116901
-0.0507018
0.0198262
0.0941306
0.164181
0.229926
0.284842
0.319764
0.331116
0.317842
0.280781
0.227134
0.163228
0.0965808
0.0303838
-0.0321687
-0.0919672
-0.149807
-0.197296
-0.234635
-0.258105
-0.262849
-0.249016
-0.215428
-0.161821
-0.0900014
-0.00503561
0.0871287
0.183044
0.275733
0.360428
0.438401
0.509977
0.579185
0.650309
0.726007
0.799596
0.871612
0.932679
0.979669
0.999844
0.998494
0.972462
0.926151
0.865489
0.800433
0.737774
0.679203
0.626691
0.581964
0.544767
0.51851
0.501772
0.492625
0.485721
0.475171
0.461933
0.451873
0.455044
0.47459
0.509501
0.550708
0.588116
0.612379
0.619337
0.608303
0.581117
0.54171
0.496692
0.457074
0.431114
0.425894
0.437238
0.464296
0.493492
0.515422
0.521523
0.508409
0.475023
0.427088
0.365087
0.297728
0.229875
0.166791
0.114057
0.0782618
0.0574166
0.0519692
0.0576871
0.0718976
0.0903724
0.109716
0.124415
0.130562
0.122717
0.100349
0.0663537
0.0219347
-0.0202387
-0.0580878
-0.0907202
-0.114898
-0.137776
-0.158536
-0.183072
-0.207848
-0.228511
-0.239278
-0.229749
-0.197997
-0.143094
-0.0678409
0.0116006
0.0876352
0.154774
0.216371
0.278792
0.346484
0.407527
0.450105
0.461308
0.444605
0.410327
0.37396
0.345187
0.324084
0.315517
0.308801
0.304463
0.29558
0.280554
0.262678
0.246955
0.242379
0.257162
0.294137
0.353108
0.427562
0.51069
0.584454
0.637128
0.658242
0.642175
0.586876
0.498319
0.390084
0.274029
0.161989
0.0651192
-0.0114221
-0.0621396
-0.0899073
-0.096127
-0.0851293
-0.0609746
-0.0294341
4.89644e-05
0.027963
0.0562158
0.0886213
0.128109
0.175719
0.232373
0.291857
0.356088
0.422413
0.491386
0.558377
0.615619
0.65454
0.665217
0.647046
0.596053
0.524676
0.442106
0.361802
0.28553
0.219279
0.161536
0.115847
0.0857013
0.0693596
0.0645816
0.0675021
0.071872
0.0753713
0.0771275
0.078147
0.083954
0.0974841
0.113664
0.132068
0.142907
0.137827
0.114863
0.0776196
0.0337458
-0.00646339
-0.03538
-0.0463794
-0.0373414
-0.00922208
0.0359131
0.0802045
0.117679
0.13531
0.136346
0.131937
0.135469
0.155725
0.188368
0.235072
0.287443
0.342647
0.392815
0.440557
0.479987
0.518064
0.552402
0.591391
0.632082
0.672777
0.702106
0.709984
0.684007
0.625501
0.541148
0.44393
0.348335
0.264828
0.197822
0.154802
0.132932
0.133073
0.149813
0.184392
0.236849
0.302141
0.375821
0.449755
0.51502
0.563314
0.585849
0.585548
0.565156
0.530956
0.487682
0.438481
0.385238
0.329913
0.2708
0.208464
0.150031
0.0951122
0.0474833
0.0106416
-0.0115891
-0.0194737
-0.0123891
0.00909295
0.0442006
0.0952084
0.160041
0.240099
0.331597
0.429812
0.525838
0.614242
0.687813
0.740307
0.770789
0.778333
0.764664
0.732855
0.685546
0.626598
0.558864
0.484633
0.403442
0.319489
0.236612
0.156305
0.0890548
0.0390549
0.0110871
0.00644356
0.0281966
0.0780535
0.152434
0.246776
0.354179
0.453731
0.526601
0.562712
0.557
