1.08903
1.07197
1.05037
1.02562
0.999167
0.972477
0.946822
0.923294
0.902707
0.885599
0.872208
0.862561
0.856538
0.853845
0.853944
0.855929
0.858461
0.860002
0.859238
0.8555
0.849016
0.840813
0.832443
0.825556
0.821486
0.820863
0.823492
0.828461
0.834439
0.840003
0.843968
0.845622
0.84472
0.841344
0.835756
0.828268
0.819373
0.810059
0.802159
0.798239
0.800657
0.810303
0.826271
0.846532
0.86878
0.890805
0.910721
0.927152
0.939371
0.947283
0.9513
0.952204
0.951022
0.948838
0.946605
0.944928
0.944026
0.943878
0.944577
0.946413
0.949609
0.953981
0.958926
0.963786
0.968083
0.971575
0.974089
0.975353
0.974915
0.972245
0.966999
0.959318
0.950042
0.940558
0.93221
0.925691
0.920768
0.916595
0.91228
0.907437
0.902529
0.898855
0.898022
0.901159
0.908513
0.91957
0.933377
0.94865
0.963766
0.977087
0.987275
0.9936
0.99599
0.994886
0.99106
0.985316
0.97821
0.96993
0.960434
0.949732
0.938134
0.926373
0.91546
0.906175
0.898635
0.892427
0.887241
0.88326
0.880845
0.879985
0.880211
0.880981
0.882113
0.883955
0.887092
0.892019
0.89884
0.907256
0.916669
0.926313
0.935364
0.943017
0.948524
0.951342
0.951182
0.948136
0.942642
0.935378
0.927058
0.918316
0.909609
0.901276
0.893551
0.88656
0.880403
0.875267
0.87145
0.869382
0.869477
0.871981
0.876774
0.883252
0.890285
0.89633
0.899767
0.899366
0.894705
0.886313
0.87562
0.864574
0.855177
0.848993
0.846857
0.848891
0.854578
0.862943
0.872829
0.883183
0.893313
0.902983
0.912117
0.920249
0.926264
0.928727
0.926544
0.919575
0.908811
0.896117
0.883785
0.873912
0.867844
0.865893
0.867382
0.870935
0.874958
0.878076
0.879452
0.878826
0.876497
0.873114
0.869483
0.866408
0.864554
0.864354
0.865995
0.869414
0.874245
0.879853
0.885562
0.891049
0.896653
0.90335
0.912267
0.923862
0.937314
0.950725
0.961943
0.969403
0.972452
0.971282
0.96665
0.959679
0.95169
0.944043
0.937889
0.933947
0.932322
0.932512
0.933696
0.935035
0.935889
0.935894
0.934919
0.932931
0.929993
0.926275
0.922147
0.918153
0.914833
0.912486
0.910983
0.909807
0.908326
0.906136
0.90331
0.900459
0.898628
0.89891
0.902037
0.90803
0.916172
0.925351
0.934488
0.942861
0.950129
0.956135
0.960697
0.963442
0.963859
0.961416
0.955765
0.946929
0.935393
0.9221
0.908373
0.895648
0.885189
0.877795
0.873706
0.872626
0.873844
0.876476
0.879709
0.883072
0.886549
0.890491
0.895421
0.901741
0.909522
0.918441
0.927898
0.937196
0.945696
0.95285
0.958297
0.961985
0.964376
0.966395
0.96907
0.97298
0.977803
0.982397
0.98531
0.985444
0.982444
0.976765
0.969364
0.961181
0.952663
0.94369
0.933803
0.922537
0.909614
0.895074
0.879363
0.863496
0.849274
0.839286
0.836327
0.842258
0.856825
0.877422
0.900227
0.921722
0.939644
0.953013
0.961748
0.966191
0.966738
0.96371
0.957334
0.947834
0.935622
0.921373
0.906022
0.890686
0.8764
0.863944
0.853819
0.846284
0.841462
0.839361
0.839929
0.843134
0.848949
0.857228
0.867527
0.87897
0.890326
0.900318
0.908034
0.91316
0.915964
0.916987
0.916708
0.915292
0.912673
0.908738
0.903517
0.897213
0.890062
0.882064
0.872931
0.862227
0.849654
0.835394
0.820371
0.806153
0.794582
0.787235
0.784945
0.787628
0.794444
0.80409
0.81509
0.826194
0.836775
0.846881
0.856875
0.866925
0.876774
0.885854
0.893683
0.900127
0.905344
0.909621
0.913127
0.915787
0.917339
0.917489
0.916081
0.91315
0.908981
0.903929
0.898344
0.892516
0.886712
0.88124
0.876462
0.872724
0.870186
0.8687
0.867901
0.867448
0.867254
0.867518
0.868614
0.870894
0.874567
0.879598
0.885678
0.892229
0.898442
0.903446
0.906531
0.907328
0.905932
0.902852
0.898896
0.894999
0.89207
0.890845
0.891796
0.895095
0.90052
0.907466
0.915049
0.922272
0.928261
0.932365
0.934202
0.933664
0.930857
0.925968
0.919131
0.910347
0.899525
0.886719
0.872511
0.858363
0.846609
0.840024
0.840869
0.849871
0.865821
0.886058
0.907405
0.927
0.942692
0.953096
0.957477
0.9555
0.947089
0.93235
0.911673
0.886065
0.8575
0.829064
0.804695
0.788306
0.782629
0.788407
0.804252
0.827278
0.854035
0.881368
0.90688
0.92899
0.946762
0.959672
0.967469
0.970172
0.968146
0.962185
0.953401
0.943013
0.932106
0.921493
0.911737
0.903289
0.896635
0.892357
0.891048
0.893059
0.898183
0.905466
0.913399
0.920328
0.925
0.926756
0.925563
0.921814
0.916135
0.909194
0.901731
0.894578
0.888695
0.885005
0.884204
0.886504
0.89165
0.899114
0.908332
0.918895
0.930498
0.942781
0.955144
0.966681
0.976316
0.98296
0.985639
0.983649
0.976753
0.965443
0.950984
0.935165
0.919766
0.906131
0.895049
0.886954
0.882052
0.880318
0.881379
0.884532
0.889057
0.894469
0.900621
0.907477
0.914856
0.922377
0.92956
0.935883
0.940721
0.943233
0.94241
0.937318
0.927403
0.912637
0.893567
0.871161
0.846602
0.821241
0.79683
0.775661
0.76034
0.753041
0.754743
0.764781
0.781123
0.801021
0.821685
0.840702
0.856216
0.867002
0.872581
0.873234
0.869887
0.863874
0.856582
0.849183
0.842464
0.836953
0.833194
0.83193
0.834018
0.83997
0.849337
0.86047
0.871099
0.879395
0.88497
0.889242
0.894752
0.903511
0.915419
0.928138
0.938471
0.943958
0.943626
0.937756
0.92737
0.913728
0.898023
0.881269
0.864328
0.848079
0.833536
0.821878
0.814265
0.811558
0.814084
0.821481
0.832799
0.846707
0.861761
0.876652
0.89033
0.902013
0.911196
0.917603
0.921063
0.921435
0.918648
0.912828
0.904365
0.893944
0.882452
0.870738
0.859353
0.848496
0.838093
0.827979
0.818147
0.808863
0.800676
0.794266
0.790217
0.788774
0.789712
0.792444
0.796278
0.800788
0.805977
0.812189
0.819853
0.829255
0.840548
0.85388
0.869462
0.887158
0.905929
0.923814
0.938734
0.949569
0.956491
0.960574
0.962934
0.964038
0.963539
0.960696
0.954848
0.945769
0.933927
0.920591
0.907733
0.897387
0.890771
0.887943
0.888214
0.890803
0.894981
0.899878
0.904462
0.907768
0.909182
0.908618
0.906475
0.903448
0.90023
0.897303
0.894818
0.8926
0.890369
0.887893
0.885128
0.882276
0.87979
0.878273
0.878257
0.880025
0.88344
0.887909
0.892511
0.896307
0.89865
0.899335
0.898682
0.897341
0.89601
0.895224
0.895229
0.895925
0.897023
0.898133
0.89887
0.898902
0.897937
0.895723
0.892058
0.886946
0.880706
0.874012
0.867829
0.863178
0.860801
0.860824
0.862737
0.86552
0.868034
0.869464
0.869579
0.868711
0.867494
0.866465
0.865847
0.865536
0.865212
0.864426
0.862671
0.859391
0.854119
0.846725
0.837646
0.828077
0.819916
0.815291
0.81581
0.821851
0.832384
0.845478
0.859089
0.871708
0.882785
0.892676
0.902302
0.912499
0.923443
0.93444
0.944226
0.95158
0.955744
0.95654
0.954276
0.949443
0.942592
0.934217
0.924672
0.914196
0.903023
0.891545
0.880517
0.871062
0.864425
0.861607
0.863076
0.868603
0.877257
0.887747
0.898911
0.910108
0.921186
0.932173
0.942945
0.953036
0.961673
0.968103
0.971765
0.972305
0.969565
0.963574
0.954632
0.943342
0.930603
0.917441
0.904782
0.893267
0.883069
0.873825
0.864774
0.855141
0.844471
0.832917
0.821278
0.810791
0.802796
0.798367
0.798042
0.801721
0.808712
0.817889
0.827991
0.837909
0.846933
0.854745
0.861232
0.866174
0.869298
0.870588
0.870667
0.870687
0.871629
0.873512
0.875141
0.874811
0.871411
0.865158
0.857498
0.850384
0.845412
0.843455
0.844767
0.849112
0.855777
0.863487
0.870475
0.875028
0.876021
0.873335
0.867962
0.861747
0.856728
0.854434
0.85555
0.860016
0.867363
0.876967
0.888048
0.899594
0.91045
0.919532
0.926084
0.929898
0.931232
0.930625
0.928673
0.925936
0.922985
0.920531
0.919426
0.92044
0.923996
0.929861
0.93718
0.944751
0.951513
0.956917
0.96107
0.964558
0.968097
0.972135
0.976547
0.98061
0.983164
0.982932
0.978935
0.970938
0.959799
0.947477
0.936154
0.926844
0.918729
0.910185
0.900589
0.891291
0.884993
0.883854
0.887755
0.894461
0.90127
0.906414
0.909326
0.910335
0.910275
0.910095
0.910554
0.91193
0.913912
0.915592
0.9156
0.912443
0.905134
0.893682
0.879167
0.863394
0.848533
0.836821
0.830297
0.830322
0.837138
0.849713
0.866037
0.883719
0.900596
0.915017
0.925948
0.932909
0.935862
0.935186
0.931624
0.926262
0.920351
0.914926
0.910387
0.906402
0.90218
0.897005
0.890585
0.883058
0.87474
0.865819
0.856288
0.846272
0.836356
0.827669
0.821742
0.820057
0.82347
0.83182
0.843865
0.857719
0.871565
0.884191
0.895071
0.904007
0.910799
0.91516
0.916991
0.916711
0.915225
0.913577
0.912418
0.911761
0.911103
0.909785
0.907363
0.90398
0.900486
0.898278
0.898712
0.90243
0.908997
0.917146
0.925303
0.932001
0.936062
0.936681
0.933665
0.927876
0.921387
0.916865
0.915977
0.918232
0.921445
0.923318
0.922522
0.918868
0.9129
0.905515
0.897712
0.890362
0.884009
0.878709
0.874046
0.869311
0.863759
0.857135
0.850055
0.844055
0.841269
0.843578
0.851615
0.864296
0.879306
0.894162
0.90698
0.916713
0.922977
0.92578
0.925263
0.921575
0.914897
0.905494
0.893873
0.880903
0.867878
0.856403
0.848082
0.844007
0.844355
0.848471
0.855286
0.863762
0.873214
0.883351
0.894115
0.905471
0.917264
0.929103
0.940394
0.950525
0.958967
0.96534
0.969425
0.971139
0.970495
0.967475
0.962027
0.954073
0.943659
0.93113
0.917248
0.903172
0.890186
0.879438
0.87173
0.867495
0.866768
0.869316
0.874681
0.88227
0.891512
0.901945
0.913295
0.925382
0.937948
0.950518
0.962332
0.972451
0.979961
0.984114
0.984356
0.98034
0.971898
0.959176
0.9429
0.924765
0.90753
0.894478
0.888123
0.889021
