1.2           1     4.17111     4.17111           0
1.2           2     4.48097     4.32604    0.109554
1.2           3      4.3778     4.34329   0.0743825
1.2           4     4.51961     4.38737   0.0675978
1.2           5     4.38946     4.38779   0.0540795
1.2           6     4.71347     4.44207   0.0669796
1.2           7     4.37407     4.43236   0.0581112
1.2           8     4.53647     4.44537   0.0522844
1.2           9     4.54435     4.45637   0.0476177
1.2          10     4.21168      4.4319    0.048739
1.2          11     4.33887     4.42344    0.045036
1.2          12     4.31222     4.41417    0.042226
1.2          13     4.32496     4.40731   0.0395316
1.2          14     4.18371     4.39134   0.0398037
1.2          15     4.61396     4.40618    0.039821
1.2          16     4.08983     4.38641   0.0419547
1.2          17     4.37071     4.38549   0.0394969
1.2          18      4.4822     4.39086   0.0376663
1.2          19     4.31725     4.38698   0.0358826
1.2          20     4.32216     4.38374   0.0342345
