1.2           1   -0.674024   -0.674024           0
1.2           2   -0.684232   -0.679128  0.00360907
1.2           3   -0.684184   -0.680813  0.00277176
1.2           4   -0.684056   -0.681624  0.00219417
1.2           5   -0.681232   -0.681546  0.00175673
1.2           6   -0.681504   -0.681539  0.00146396
1.2           7     -0.6854    -0.68209  0.00135477
1.2           8   -0.683768     -0.6823  0.00120154
1.2           9   -0.682832   -0.682359  0.00106949
1.2          10    -0.68272   -0.682395  0.00096315
1.2          11   -0.682784   -0.682431 0.000876239
1.2          12   -0.683368   -0.682509 0.000806694
1.2          13   -0.682856   -0.682535 0.000745083
1.2          14   -0.681408   -0.682455 0.000696201
1.2          15   -0.682088    -0.68243 0.000650217
1.2          16   -0.682624   -0.682442 0.000609691
1.2          17   -0.681816   -0.682406  0.00057494
1.2          18   -0.681672   -0.682365 0.000544441
1.2          19   -0.680248   -0.682253 0.000527063
1.2          20    -0.68452   -0.682367 0.000512749
