1.2           1   -0.006976   -0.006976           0
1.2           2    0.005896    -0.00054  0.00455094
1.2           3    0.000216   -0.000288  0.00304093
1.2           4     0.02172    0.005214  0.00528257
1.2           5   -0.017084   0.0007544   0.0058112
1.2           6   -0.007468   -0.000616  0.00500164
1.2           7    0.003924 3.25714e-05  0.00432896
1.2           8   -0.005516   -0.000661    0.003843
1.2           9    0.001764-0.000391556  0.00342544
1.2          10    0.008152   0.0004628  0.00318766
1.2          11     0.00556 0.000926182  0.00293136
1.2          12   -0.015852   -0.000472  0.00300206
1.2          13    0.000888-0.000367385  0.00277296
1.2          14   -0.015268 -0.00143171  0.00277163
1.2          15    0.020608    3.76e-05  0.00295073
1.2          16    0.003544  0.00025675  0.00277443
1.2          17   -0.021816 -0.00104165  0.00289917
1.2          18    0.001264-0.000913556  0.00274093
1.2          19   -0.004604 -0.00110779  0.00260355
1.2          20   -0.020856  -0.0020952  0.00265401
