1.2           1    0.371849    0.371849           0
1.2           2      0.3626    0.367225  0.00326984
1.2           3    0.366259    0.366903  0.00219569
1.2           4    0.375629    0.369084  0.00250622
1.2           5    0.351814     0.36563  0.00368297
1.2           6    0.361877    0.365005  0.00312181
1.2           7    0.358032    0.364009   0.0028303
1.2           8    0.369796    0.364732   0.0025673
1.2           9    0.376122    0.365997  0.00257513
1.2          10     0.36121    0.365519   0.0023617
1.2          11    0.359331    0.364956  0.00221298
1.2          12    0.357939    0.364371   0.0021044
1.2          13    0.365339    0.364446  0.00194384
1.2          14    0.377531    0.365381  0.00201722
1.2          15    0.365871    0.365413  0.00188301
1.2          16    0.359894    0.365068  0.00179663
1.2          17    0.375908    0.365706  0.00180054
1.2          18    0.377703    0.366372  0.00181969
1.2          19     0.36042    0.366059  0.00175068
1.2          20     0.36798    0.366155  0.00166578
