2           1     1.32149     1.32149           0
2           2     1.37767     1.34958   0.0198626
2           3     1.33838     1.34585   0.0135877
2           4     1.31664     1.33855   0.0119928
2           5     1.34545     1.33993  0.00967344
2           6     1.34358     1.34054  0.00808029
2           7     1.36242     1.34366  0.00750646
2           8     1.39473     1.35005  0.00887689
2           9     1.35824     1.35096  0.00793708
2          10     1.33195     1.34906  0.00736736
2          11     1.36954     1.35092  0.00692906
2          12      1.4431      1.3586   0.0097176
2          13      1.2868     1.35308   0.0104222
2          14     1.41852     1.35775   0.0106749
2          15      1.3436     1.35681   0.0100048
2          16     1.42582     1.36112   0.0102673
2          17     1.37592     1.36199  0.00970013
2          18     1.39365     1.36375  0.00931935
2          19     1.32426     1.36167  0.00905771
2          20     1.34516     1.36085  0.00864236
