2           1   -0.461272   -0.461272           0
2           2    -0.46472   -0.462996  0.00121905
2           3   -0.460488    -0.46216  0.00106133
2           4   -0.464944   -0.462856 0.000998459
2           5   -0.462752   -0.462835 0.000798984
2           6   -0.459832   -0.462335 0.000807523
2           7    -0.45932   -0.461904 0.000798791
2           8    -0.46296   -0.462036 0.000709765
2           9   -0.461648   -0.461993  0.00063221
2          10   -0.461064     -0.4619 0.000575772
2          11   -0.462672    -0.46197 0.000527689
2          12   -0.464952   -0.462219 0.000539055
2          13   -0.460544    -0.46209  0.00051275
2          14   -0.464352   -0.462251 0.000500938
2          15    -0.46056   -0.462139 0.000480066
2          16   -0.464264   -0.462272 0.000468079
2          17   -0.463584   -0.462349 0.000446867
2          18    -0.46384   -0.462432 0.000429652
2          19   -0.464632   -0.462547 0.000422359
2          20   -0.461224   -0.462481 0.000406391
