2           1      0.1964      0.1964           0
2           2    0.192138    0.194269  0.00150693
2           3    0.189721    0.192753  0.00159411
2           4     0.19635    0.193652  0.00142693
2           5    0.193593     0.19364  0.00114159
2           6    0.195236    0.193906 0.000981801
2           7    0.195518    0.194137 0.000868128
2           8    0.192802     0.19397 0.000775464
2           9    0.195342    0.194122 0.000704131
2          10    0.198718    0.194582 0.000769202
2          11    0.199127    0.194995 0.000802607
2          12    0.195281    0.195019 0.000736078
2          13    0.191972    0.194785 0.000715792
2          14    0.199835    0.195145 0.000750089
2          15    0.189196    0.194749 0.000798081
2          16    0.195113    0.194771 0.000748525
2          17    0.201511    0.195168 0.000802655
2          18    0.190592    0.194914  0.00079731
2          19    0.201192    0.195244 0.000820966
2          20    0.195433    0.195254 0.000779972
