2           1    0.001472    0.001472           0
2           2   -0.001716   -0.000122  0.00112713
2           3    0.003368  0.00104133  0.00121114
2           4   -0.000444     0.00067   0.0009636
2           5     -0.0007    0.000396 0.000808899
2           6    -0.00632-0.000723333  0.00122412
2           7    0.001564-0.000396571  0.00109199
2           8    -0.00554  -0.0010395    0.001129
2           9   -0.007348 -0.00174044  0.00120161
2          10   -0.001144  -0.0016808  0.00108293
2          11    0.006976-0.000893818  0.00123783
2          12   -0.004512 -0.00119533  0.00117083
2          13    0.002308-0.000925846  0.00111135
2          14    0.001284   -0.000768  0.00104311
2          15      0.0014-0.000623467 0.000983534
2          16   -0.007308 -0.00104125  0.00100689
2          17    0.003204-0.000791529 0.000978141
2          18    0.004236-0.000512222 0.000962853
2          19   -0.009864 -0.00100442  0.00103033
2          20     3.2e-05  -0.0009526 0.000980113
