           0        1000           0
           0        1000    0.064633
           0        1000    0.129266
           0        1000    0.193899
           0        1000    0.258532
           0        1000    0.323165
           0        1000    0.387798
           0        1000    0.452431
           0        1000    0.517064
           0        1000    0.581697
           0        1000     0.64633
           0        1000    0.710963
           0        1000    0.775596
           0        1000     0.84023
    0.150506        1000    0.904863
     1.09235        1000    0.969496
     2.09555        1000     1.03413
     2.27668        1000     1.09876
     2.10103        1000     1.16339
     1.82568        1000     1.22803
     1.58338        1000     1.29266
     1.42844        1000     1.35729
      1.3442        1000     1.42193
     1.25537        1000     1.48656
     1.21973        1000     1.55119
      1.1382        1000     1.61583
     1.09481        1000     1.68046
     1.08101        1000     1.74509
     1.06548        1000     1.80973
     1.08027        1000     1.87436
     1.08159        1000     1.93899
     1.07836        1000     2.00362
     1.06025        1000     2.06826
     1.05033        1000     2.13289
     1.05883        1000     2.19752
     1.01033        1000     2.26216
       1.037        1000     2.32679
     1.01589        1000     2.39142
     1.01896        1000     2.45606
     1.01875        1000     2.52069
     1.01059        1000     2.58532
      1.0019        1000     2.64995
     1.01833        1000     2.71459
     1.01111        1000     2.77922
     1.01193        1000     2.84385
     1.01407        1000     2.90849
     1.00384        1000     2.97312
     1.01132        1000     3.03775
      0.9939        1000     3.10239
    0.980701        1000     3.16702
    0.991127        1000     3.23165
     0.99783        1000     3.29629
    0.975943        1000     3.36092
    0.982857        1000     3.42555
    0.978506        1000     3.49018
    0.976024        1000     3.55482
    0.986473        1000     3.61945
    0.987324        1000     3.68408
    0.980078        1000     3.74872
     0.99286        1000     3.81335
    0.973044        1000     3.87798
    0.981918        1000     3.94262
    0.988614        1000     4.00725
    0.981924        1000     4.07188
    0.967902        1000     4.13651
    0.994676        1000     4.20115
    0.977526        1000     4.26578
    0.973094        1000     4.33041
    0.980786        1000     4.39505
    0.975975        1000     4.45968
    0.974927        1000     4.52431
    0.985427        1000     4.58895
     0.98873        1000     4.65358
    0.972941        1000     4.71821
    0.989479        1000     4.78285
     0.97991        1000     4.84748
    0.980815        1000     4.91211
    0.988381        1000     4.97674
    0.986494        1000     5.04138
    0.976272        1000     5.10601
    0.980467        1000     5.17064
    0.988864        1000     5.23528
    0.981636        1000     5.29991
    0.996403        1000     5.36454
    0.987269        1000     5.42918
    0.983797        1000     5.49381
    0.980075        1000     5.55844
    0.985389        1000     5.62307
    0.985309        1000     5.68771
      0.9847        1000     5.75234
    0.990728        1000     5.81697
     0.98914        1000     5.88161
    0.974834        1000     5.94624
    0.999694        1000     6.01087
    0.993341        1000     6.07551
    0.981636        1000     6.14014
    0.992308        1000     6.20477
     0.99128        1000      6.2694
    0.982629        1000     6.33404
    0.994599        1000     6.39867
           0        1000           0
           0        1000    0.064633
           0        1000    0.129266
           0        1000    0.193899
           0        1000    0.258532
           0        1000    0.323165
           0        1000    0.387798
           0        1000    0.452431
           0        1000    0.517064
           0        1000    0.581697
           0        1000     0.64633
           0        1000    0.710963
           0        1000    0.775596
           0        1000     0.84023
     0.14843        1000    0.904863
    0.999243        1000    0.969496
     2.10837        1000     1.03413
     2.23106        1000     1.09876
     2.12208        1000     1.16339
     1.82797        1000     1.22803
     1.59818        1000     1.29266
     1.47802        1000     1.35729
     1.33557        1000     1.42193
      1.2364        1000     1.48656
     1.16136        1000     1.55119
     1.11605        1000     1.61583
     1.12574        1000     1.68046
     1.08332        1000     1.74509
     1.07919        1000     1.80973
     1.04992        1000     1.87436
     1.07384        1000     1.93899
     1.07374        1000     2.00362
     1.06325        1000     2.06826
     1.05247        1000     2.13289
     1.05791        1000     2.19752
     1.01353        1000     2.26216
     1.03471        1000     2.32679
     1.04578        1000     2.39142
      1.0197        1000     2.45606
     1.02141        1000     2.52069
     1.01431        1000     2.58532
     1.01223        1000     2.64995
     1.01924        1000     2.71459
     1.00551        1000     2.77922
     1.00779        1000     2.84385
    0.976533        1000     2.90849
    0.986931        1000     2.97312
     1.01408        1000     3.03775
    0.999701        1000     3.10239
     1.00329        1000     3.16702
     1.00786        1000     3.23165
     1.01273        1000     3.29629
    0.990517        1000     3.36092
    0.991781        1000     3.42555
    0.981887        1000     3.49018
    0.991723        1000     3.55482
    0.984729        1000     3.61945
     0.99845        1000     3.68408
    0.982055        1000     3.74872
    0.994062        1000     3.81335
    0.991951        1000     3.87798
    0.986247        1000     3.94262
    0.985596        1000     4.00725
    0.985903        1000     4.07188
    0.998679        1000     4.13651
    0.993506        1000     4.20115
    0.983302        1000     4.26578
     0.99286        1000     4.33041
    0.982042        1000     4.39505
    0.985127        1000     4.45968
    0.992101        1000     4.52431
    0.973043        1000     4.58895
    0.982355        1000     4.65358
    0.998744        1000     4.71821
    0.993294        1000     4.78285
    0.989811        1000     4.84748
    0.991428        1000     4.91211
    0.990435        1000     4.97674
    0.977265        1000     5.04138
    0.987567        1000     5.10601
    0.993016        1000     5.17064
    0.970556        1000     5.23528
    0.989366        1000     5.29991
    0.985679        1000     5.36454
    0.985511        1000     5.42918
    0.988769        1000     5.49381
    0.976675        1000     5.55844
    0.984748        1000     5.62307
    0.976166        1000     5.68771
    0.982642        1000     5.75234
    0.984277        1000     5.81697
    0.987145        1000     5.88161
    0.988115        1000     5.94624
    0.989817        1000     6.01087
     0.99372        1000     6.07551
    0.987944        1000     6.14014
    0.985134        1000     6.20477
    0.977569        1000      6.2694
    0.984778        1000     6.33404
    0.984037        1000     6.39867
           0        1000           0
           0        1000    0.064633
           0        1000    0.129266
           0        1000    0.193899
           0        1000    0.258532
           0        1000    0.323165
           0        1000    0.387798
           0        1000    0.452431
           0        1000    0.517064
           0        1000    0.581697
           0        1000     0.64633
           0        1000    0.710963
           0        1000    0.775596
 0.000598682        1000     0.84023
    0.164518        1000    0.904863
      1.0433        1000    0.969496
     2.05186        1000     1.03413
     2.33547        1000     1.09876
     2.09657        1000     1.16339
     1.84691        1000     1.22803
     1.61896        1000     1.29266
     1.45394        1000     1.35729
     1.33342        1000     1.42193
     1.23363        1000     1.48656
     1.17172        1000     1.55119
     1.13418        1000     1.61583
     1.10149        1000     1.68046
     1.05951        1000     1.74509
     1.06481        1000     1.80973
     1.04966        1000     1.87436
     1.03712        1000     1.93899
     1.02809        1000     2.00362
     1.05601        1000     2.06826
     1.07493        1000     2.13289
     1.05204        1000     2.19752
     1.04497        1000     2.26216
     1.02455        1000     2.32679
     1.02428        1000     2.39142
    0.998492        1000     2.45606
     1.02322        1000     2.52069
     1.00094        1000     2.58532
     1.00912        1000     2.64995
     1.00776        1000     2.71459
     1.01365        1000     2.77922
    0.997045        1000     2.84385
     1.00184        1000     2.90849
    0.999804        1000     2.97312
    0.994484        1000     3.03775
    0.999701        1000     3.10239
     1.00765        1000     3.16702
    0.987917        1000     3.23165
    0.990134        1000     3.29629
     0.98727        1000     3.36092
    0.996129        1000     3.42555
    0.990229        1000     3.49018
     1.00352        1000     3.55482
     0.98637        1000     3.61945
    0.985938        1000     3.68408
    0.992996        1000     3.74872
    0.986076        1000     3.81335
    0.974535        1000     3.87798
    0.987835        1000     3.94262
    0.993001        1000     4.00725
    0.998302        1000     4.07188
    0.992408        1000     4.13651
    0.988264        1000     4.20115
    0.997767        1000     4.26578
    0.990895        1000     4.33041
    0.993581        1000     4.39505
    0.988088        1000     4.45968
     0.98962        1000     4.52431
    0.985854        1000     4.58895
      0.9879        1000     4.65358
     0.97672        1000     4.71821
    0.990993        1000     4.78285
     1.00214        1000     4.84748
    0.989675        1000     4.91211
    0.982438        1000     4.97674
    0.991118        1000     5.04138
     0.98546        1000     5.10601
     0.98643        1000     5.17064
    0.983177        1000     5.23528
    0.990088        1000     5.29991
    0.985381        1000     5.36454
    0.988568        1000     5.42918
    0.992995        1000     5.49381
    0.989557        1000     5.55844
    0.979886        1000     5.62307
    0.981016        1000     5.68771
    0.984973        1000     5.75234
    0.985956        1000     5.81697
    0.979387        1000     5.88161
    0.995425        1000     5.94624
    0.981938        1000     6.01087
    0.992816        1000     6.07551
    0.982809        1000     6.14014
    0.978394        1000     6.20477
    0.986974        1000      6.2694
    0.993644        1000     6.33404
    0.990961        1000     6.39867
           0        1000           0
           0        1000    0.064633
           0        1000    0.129266
           0        1000    0.193899
           0        1000    0.258532
           0        1000    0.323165
           0        1000    0.387798
           0        1000    0.452431
           0        1000    0.517064
           0        1000    0.581697
           0        1000     0.64633
           0        1000    0.710963
           0        1000    0.775596
           0        1000     0.84023
     0.13805        1000    0.904863
     1.12824        1000    0.969496
     2.08192        1000     1.03413
     2.34402        1000     1.09876
     2.02419        1000     1.16339
     1.82022        1000     1.22803
     1.56754        1000     1.29266
     1.46646        1000     1.35729
     1.34635        1000     1.42193
     1.25794        1000     1.48656
     1.19773        1000     1.55119
     1.13334        1000     1.61583
     1.08984        1000     1.68046
      1.0927        1000     1.74509
     1.10082        1000     1.80973
     1.08428        1000     1.87436
      1.0871        1000     1.93899
     1.07121        1000     2.00362
     1.05095        1000     2.06826
     1.04196        1000     2.13289
     1.04911        1000     2.19752
     1.04159        1000     2.26216
     1.04192        1000     2.32679
     1.04896        1000     2.39142
     1.03759        1000     2.45606
     1.00231        1000     2.52069
     1.00606        1000     2.58532
     1.02756        1000     2.64995
     1.03241        1000     2.71459
     1.02045        1000     2.77922
      1.0122        1000     2.84385
     1.01075        1000     2.90849
     1.00349        1000     2.97312
    0.991823        1000     3.03775
    0.982252        1000     3.10239
    0.998743        1000     3.16702
     1.01099        1000     3.23165
    0.994044        1000     3.29629
    0.992695        1000     3.36092
     1.00551        1000     3.42555
     1.00085        1000     3.49018
    0.999625        1000     3.55482
    0.986404        1000     3.61945
    0.996833        1000     3.68408
    0.998354        1000     3.74872
    0.987865        1000     3.81335
    0.991772        1000     3.87798
    0.991558        1000     3.94262
    0.998031        1000     4.00725
     1.00288        1000     4.07188
    0.997499        1000     4.13651
    0.986382        1000     4.20115
    0.986116        1000     4.26578
    0.999903        1000     4.33041
    0.995465        1000     4.39505
    0.987206        1000     4.45968
    0.997636        1000     4.52431
    0.981477        1000     4.58895
     0.99467        1000     4.65358
    0.991005        1000     4.71821
    0.990029        1000     4.78285
     0.98711        1000     4.84748
    0.994487        1000     4.91211
     0.98013        1000     4.97674
    0.987486        1000     5.04138
    0.987757        1000     5.10601
     0.98675        1000     5.17064
    0.986563        1000     5.23528
    0.989831        1000     5.29991
    0.986665        1000     5.36454
     0.98016        1000     5.42918
    0.994384        1000     5.49381
    0.987369        1000     5.55844
    0.991206        1000     5.62307
    0.987873        1000     5.68771
    0.979372        1000     5.75234
    0.987103        1000     5.81697
    0.986819        1000     5.88161
    0.987362        1000     5.94624
    0.983562        1000     6.01087
    0.987107        1000     6.07551
    0.991833        1000     6.14014
    0.987619        1000     6.20477
    0.987835        1000      6.2694
    0.992462        1000     6.33404
    0.981346        1000     6.39867
           0        1000           0
           0        1000    0.064633
           0        1000    0.129266
           0        1000    0.193899
           0        1000    0.258532
           0        1000    0.323165
           0        1000    0.387798
           0        1000    0.452431
           0        1000    0.517064
           0        1000    0.581697
           0        1000     0.64633
           0        1000    0.710963
           0        1000    0.775596
 0.000598682        1000     0.84023
    0.144278        1000    0.904863
     1.04648        1000    0.969496
     2.05907        1000     1.03413
     2.29806        1000     1.09876
     2.05862        1000     1.16339
     1.79956        1000     1.22803
     1.61273        1000     1.29266
     1.46858        1000     1.35729
     1.38085        1000     1.42193
     1.25142        1000     1.48656
     1.19936        1000     1.55119
     1.11554        1000     1.61583
      1.0774        1000     1.68046
     1.10613        1000     1.74509
     1.07879        1000     1.80973
     1.05318        1000     1.87436
     1.05648        1000     1.93899
      1.0381        1000     2.00362
     1.04051        1000     2.06826
     1.04342        1000     2.13289
       1.047        1000     2.19752
     1.05978        1000     2.26216
     1.01628        1000     2.32679
     1.00883        1000     2.39142
     1.02633        1000     2.45606
     1.01959        1000     2.52069
     1.01904        1000     2.58532
     1.00716        1000     2.64995
     1.02226        1000     2.71459
     1.01543        1000     2.77922
    0.990927        1000     2.84385
     1.00685        1000     2.90849
     1.01661        1000     2.97312
    0.980551        1000     3.03775
     0.98332        1000     3.10239
    0.999946        1000     3.16702
     1.00405        1000     3.23165
    0.992192        1000     3.29629
     1.01087        1000     3.36092
    0.992849        1000     3.42555
    0.995925        1000     3.49018
    0.983785        1000     3.55482
     1.00135        1000     3.61945
    0.983428        1000     3.68408
    0.990157        1000     3.74872
     0.98956        1000     3.81335
    0.983869        1000     3.87798
    0.996435        1000     3.94262
    0.979951        1000     4.00725
    0.981788        1000     4.07188
    0.984773        1000     4.13651
    0.977782        1000     4.20115
    0.984931        1000     4.26578
    0.986415        1000     4.33041
    0.984322        1000     4.39505
    0.983455        1000     4.45968
    0.976223        1000     4.52431
    0.991363        1000     4.58895
    0.983829        1000     4.65358
    0.984721        1000     4.71821
    0.986135        1000     4.78285
    0.985464        1000     4.84748
    0.985049        1000     4.91211
    0.990671        1000     4.97674
    0.982863        1000     5.04138
    0.985616        1000     5.10601
     0.98958        1000     5.17064
    0.982241        1000     5.23528
    0.979038        1000     5.29991
    0.979103        1000     5.36454
     0.98704        1000     5.42918
    0.984394        1000     5.49381
    0.977959        1000     5.55844
    0.979786        1000     5.62307
    0.993309        1000     5.68771
    0.978786        1000     5.75234
    0.981052        1000     5.81697
     0.98339        1000     5.88161
    0.985385        1000     5.94624
    0.992976        1000     6.01087
    0.985689        1000     6.07551
    0.991067        1000     6.14014
    0.987584        1000     6.20477
    0.988432        1000      6.2694
    0.978624        1000     6.33404
    0.989164        1000     6.39867
           0        1000           0
           0        1000    0.064633
           0        1000    0.129266
           0        1000    0.193899
           0        1000    0.258532
           0        1000    0.323165
           0        1000    0.387798
           0        1000    0.452431
           0        1000    0.517064
           0        1000    0.581697
           0        1000     0.64633
           0        1000    0.710963
           0        1000    0.775596
 0.000598682        1000     0.84023
    0.139607        1000    0.904863
     1.09054        1000    0.969496
      2.0719        1000     1.03413
     2.28345        1000     1.09876
      2.0666        1000     1.16339
     1.86672        1000     1.22803
      1.5974        1000     1.29266
     1.46055        1000     1.35729
     1.33385        1000     1.42193
     1.24114        1000     1.48656
     1.20536        1000     1.55119
      1.1382        1000     1.61583
     1.11206        1000     1.68046
     1.06037        1000     1.74509
     1.07274        1000     1.80973
     1.08039        1000     1.87436
     1.09696        1000     1.93899
     1.05834        1000     2.00362
     1.07214        1000     2.06826
     1.04809        1000     2.13289
      1.0669        1000     2.19752
     1.03718        1000     2.26216
     1.02324        1000     2.32679
     1.02738        1000     2.39142
     1.01543        1000     2.45606
     1.00741        1000     2.52069
     1.00273        1000     2.58532
     1.02433        1000     2.64995
     1.00413        1000     2.71459
     1.00718        1000     2.77922
    0.993352        1000     2.84385
     1.00015        1000     2.90849
     1.01601        1000     2.97312
      1.0046        1000     3.03775
     1.01979        1000     3.10239
     0.98373        1000     3.16702
    0.995535        1000     3.23165
     1.00631        1000     3.29629
     1.00418        1000     3.36092
    0.982095        1000     3.42555
    0.986517        1000     3.49018
     0.99803        1000     3.55482
    0.984319        1000     3.61945
    0.983131        1000     3.68408
      1.0055        1000     3.74872
    0.996683        1000     3.81335
    0.989058        1000     3.87798
    0.995483        1000     3.94262
    0.992693        1000     4.00725
    0.997652        1000     4.07188
     0.98026        1000     4.13651
    0.978596        1000     4.20115
    0.984363        1000     4.26578
    0.983013        1000     4.33041
      1.0004        1000     4.39505
     0.99559        1000     4.45968
    0.985381        1000     4.52431
    0.998495        1000     4.58895
    0.983393        1000     4.65358
    0.977669        1000     4.71821
    0.985191        1000     4.78285
    0.990921        1000     4.84748
    0.989041        1000     4.91211
    0.993142        1000     4.97674
    0.987132        1000     5.04138
    0.986894        1000     5.10601
    0.996335        1000     5.17064
    0.994681        1000     5.23528
    0.981652        1000     5.29991
    0.989546        1000     5.36454
    0.981414        1000     5.42918
    0.986858        1000     5.49381
    0.985458        1000     5.55844
    0.985446        1000     5.62307
    0.988779        1000     5.68771
    0.991568        1000     5.75234
    0.988689        1000     5.81697
    0.982425        1000     5.88161
    0.980881        1000     5.94624
    0.977818        1000     6.01087
    0.991251        1000     6.07551
    0.987489        1000     6.14014
     0.99763        1000     6.20477
    0.984436        1000      6.2694
    0.988311        1000     6.33404
    0.989208        1000     6.39867
           0        1000           0
           0        1000    0.064633
           0        1000    0.129266
           0        1000    0.193899
           0        1000    0.258532
           0        1000    0.323165
           0        1000    0.387798
           0        1000    0.452431
           0        1000    0.517064
           0        1000    0.581697
           0        1000     0.64633
           0        1000    0.710963
           0        1000    0.775596
  0.00119736        1000     0.84023
    0.155695        1000    0.904863
     1.07055        1000    0.969496
     2.07711        1000     1.03413
     2.30518        1000     1.09876
       2.043        1000     1.16339
     1.82481        1000     1.22803
     1.65428        1000     1.29266
     1.45607        1000     1.35729
     1.35433        1000     1.42193
     1.27909        1000     1.48656
     1.19118        1000     1.55119
     1.11185        1000     1.61583
     1.15107        1000     1.68046
     1.11507        1000     1.74509
     1.08309        1000     1.80973
     1.08441        1000     1.87436
     1.06516        1000     1.93899
     1.05053        1000     2.00362
     1.08216        1000     2.06826
     1.05052        1000     2.13289
     1.06268        1000     2.19752
     1.04003        1000     2.26216
     1.02013        1000     2.32679
     1.04089        1000     2.39142
     1.03156        1000     2.45606
     1.02777        1000     2.52069
     1.02636        1000     2.58532
     1.00006        1000     2.64995
     1.01737        1000     2.71459
     1.01803        1000     2.77922
      1.0283        1000     2.84385
     1.01044        1000     2.90849
     1.01702        1000     2.97312
     1.00242        1000     3.03775
     1.00262        1000     3.10239
     1.00445        1000     3.16702
     1.00816        1000     3.23165
    0.985278        1000     3.29629
    0.997131        1000     3.36092
    0.997616        1000     3.42555
    0.998167        1000     3.49018
    0.997605        1000     3.55482
     1.00648        1000     3.61945
    0.995215        1000     3.68408
    0.983427        1000     3.74872
    0.999674        1000     3.81335
    0.979247        1000     3.87798
    0.999235        1000     3.94262
    0.996075        1000     4.00725
     1.00539        1000     4.07188
    0.990362        1000     4.13651
    0.988214        1000     4.20115
    0.995348        1000     4.26578
     1.00084        1000     4.33041
    0.984392        1000     4.39505
    0.991771        1000     4.45968
    0.989927        1000     4.52431
    0.995143        1000     4.58895
    0.978907        1000     4.65358
    0.989106        1000     4.71821
    0.993865        1000     4.78285
    0.995881        1000     4.84748
     0.98393        1000     4.91211
    0.986709        1000     4.97674
    0.990994        1000     5.04138
    0.988103        1000     5.10601
    0.975835        1000     5.17064
    0.980827        1000     5.23528
     0.98417        1000     5.29991
     1.00124        1000     5.36454
    0.982774        1000     5.42918
    0.983677        1000     5.49381
    0.989557        1000     5.55844
    0.978702        1000     5.62307
    0.991399        1000     5.68771
    0.988965        1000     5.75234
    0.999924        1000     5.81697
    0.990626        1000     5.88161
    0.983982        1000     5.94624
    0.990766        1000     6.01087
    0.985714        1000     6.07551
    0.988291        1000     6.14014
     0.98878        1000     6.20477
    0.983265        1000      6.2694
    0.986815        1000     6.33404
    0.979858        1000     6.39867
           0        1000           0
           0        1000    0.064633
           0        1000    0.129266
           0        1000    0.193899
           0        1000    0.258532
           0        1000    0.323165
           0        1000    0.387798
           0        1000    0.452431
           0        1000    0.517064
           0        1000    0.581697
           0        1000     0.64633
           0        1000    0.710963
           0        1000    0.775596
 0.000598682        1000     0.84023
    0.169189        1000    0.904863
     1.03785        1000    0.969496
     2.04745        1000     1.03413
     2.19757        1000     1.09876
     2.03088        1000     1.16339
     1.85065        1000     1.22803
     1.60052        1000     1.29266
     1.48983        1000     1.35729
     1.35023        1000     1.42193
     1.22335        1000     1.48656
     1.22846        1000     1.55119
     1.13367        1000     1.61583
     1.10491        1000     1.68046
     1.07755        1000     1.74509
     1.08524        1000     1.80973
     1.08554        1000     1.87436
       1.058        1000     1.93899
     1.05218        1000     2.00362
     1.01737        1000     2.06826
     1.07785        1000     2.13289
      1.0315        1000     2.19752
     1.04333        1000     2.26216
     1.04282        1000     2.32679
     1.03328        1000     2.39142
     1.04857        1000     2.45606
      1.0249        1000     2.52069
     1.04619        1000     2.58532
    0.996635        1000     2.64995
     1.01694        1000     2.71459
     1.02582        1000     2.77922
     1.02367        1000     2.84385
     1.00653        1000     2.90849
     1.00036        1000     2.97312
      1.0163        1000     3.03775
     1.00467        1000     3.10239
     1.01126        1000     3.16702
    0.992924        1000     3.23165
     1.00927        1000     3.29629
     1.00113        1000     3.36092
     1.00139        1000     3.42555
    0.980858        1000     3.49018
    0.979426        1000     3.55482
     0.99297        1000     3.61945
     1.00093        1000     3.68408
    0.995037        1000     3.74872
    0.991595        1000     3.81335
     1.00495        1000     3.87798
    0.985266        1000     3.94262
    0.989005        1000     4.00725
    0.989043        1000     4.07188
     0.98968        1000     4.13651
    0.999358        1000     4.20115
    0.992484        1000     4.26578
    0.994273        1000     4.33041
    0.994116        1000     4.39505
    0.992336        1000     4.45968
    0.997833        1000     4.52431
    0.976417        1000     4.58895
    0.979821        1000     4.65358
    0.987611        1000     4.71821
    0.990108        1000     4.78285
    0.979776        1000     4.84748
    0.994711        1000     4.91211
    0.978767        1000     4.97674
    0.982349        1000     5.04138
    0.988051        1000     5.10601
    0.982034        1000     5.17064
    0.987204        1000     5.23528
    0.984603        1000     5.29991
    0.984223        1000     5.36454
    0.987575        1000     5.42918
    0.990337        1000     5.49381
     0.97704        1000     5.55844
    0.995683        1000     5.62307
     0.99165        1000     5.68771
    0.986008        1000     5.75234
    0.986849        1000     5.81697
    0.985697        1000     5.88161
    0.989582        1000     5.94624
    0.993551        1000     6.01087
    0.983526        1000     6.07551
    0.983479        1000     6.14014
    0.986752        1000     6.20477
    0.986181        1000      6.2694
    0.988187        1000     6.33404
    0.978943        1000     6.39867
           0        1000           0
           0        1000    0.064633
           0        1000    0.129266
           0        1000    0.193899
           0        1000    0.258532
           0        1000    0.323165
           0        1000    0.387798
           0        1000    0.452431
           0        1000    0.517064
           0        1000    0.581697
           0        1000     0.64633
           0        1000    0.710963
           0        1000    0.775596
 0.000598682        1000     0.84023
    0.145835        1000    0.904863
     1.05466        1000    0.969496
     2.14084        1000     1.03413
     2.36968        1000     1.09876
     2.03535        1000     1.16339
     1.86184        1000     1.22803
     1.66492        1000     1.29266
      1.4589        1000     1.35729
     1.34096        1000     1.42193
     1.24944        1000     1.48656
     1.19191        1000     1.55119
     1.17211        1000     1.61583
     1.11843        1000     1.68046
     1.12749        1000     1.74509
     1.08255        1000     1.80973
     1.08541        1000     1.87436
     1.06645        1000     1.93899
     1.05746        1000     2.00362
      1.0586        1000     2.06826
     1.04079        1000     2.13289
     1.04232        1000     2.19752
     1.07451        1000     2.26216
     1.05749        1000     2.32679
      1.0464        1000     2.39142
     1.03399        1000     2.45606
     1.04715        1000     2.52069
     1.04419        1000     2.58532
     1.01856        1000     2.64995
     1.02498        1000     2.71459
     1.01705        1000     2.77922
     1.02235        1000     2.84385
     1.00126        1000     2.90849
     1.00314        1000     2.97312
     1.01417        1000     3.03775
    0.994503        1000     3.10239
    0.994778        1000     3.16702
     0.99331        1000     3.23165
    0.993262        1000     3.29629
    0.994953        1000     3.36092
    0.996053        1000     3.42555
    0.999968        1000     3.49018
    0.999271        1000     3.55482
    0.994098        1000     3.61945
    0.999672        1000     3.68408
     1.01047        1000     3.74872
    0.994062        1000     3.81335
    0.992846        1000     3.87798
     0.98795        1000     3.94262
    0.978386        1000     4.00725
    0.994024        1000     4.07188
     0.98131        1000     4.13651
     1.00323        1000     4.20115
    0.988461        1000     4.26578
    0.980976        1000     4.33041
    0.989557        1000     4.39505
     0.98576        1000     4.45968
    0.999525        1000     4.52431
    0.993776        1000     4.58895
    0.983331        1000     4.65358
    0.986883        1000     4.71821
    0.976675        1000     4.78285
    0.979527        1000     4.84748
    0.989768        1000     4.91211
    0.998904        1000     4.97674
    0.986565        1000     5.04138
    0.979122        1000     5.10601
    0.979625        1000     5.17064
    0.988995        1000     5.23528
    0.992959        1000     5.29991
    0.985397        1000     5.36454
    0.999102        1000     5.42918
    0.978869        1000     5.49381
    0.983138        1000     5.55844
    0.985874        1000     5.62307
    0.985267        1000     5.68771
    0.992222        1000     5.75234
    0.993287        1000     5.81697
    0.983038        1000     5.88161
    0.983344        1000     5.94624
    0.978979        1000     6.01087
    0.988171        1000     6.07551
    0.980846        1000     6.14014
    0.981453        1000     6.20477
    0.988179        1000      6.2694
    0.983327        1000     6.33404
    0.979726        1000     6.39867
           0        1000           0
           0        1000    0.064633
           0        1000    0.129266
           0        1000    0.193899
           0        1000    0.258532
           0        1000    0.323165
           0        1000    0.387798
           0        1000    0.452431
           0        1000    0.517064
           0        1000    0.581697
           0        1000     0.64633
           0        1000    0.710963
           0        1000    0.775596
           0        1000     0.84023
    0.156733        1000    0.904863
     1.04012        1000    0.969496
     1.95967        1000     1.03413
     2.20113        1000     1.09876
     2.04364        1000     1.16339
     1.73211        1000     1.22803
      1.5852        1000     1.29266
     1.41428        1000     1.35729
     1.33406        1000     1.42193
     1.23185        1000     1.48656
     1.20736        1000     1.55119
     1.15465        1000     1.61583
     1.09061        1000     1.68046
     1.11839        1000     1.74509
     1.08967        1000     1.80973
     1.05606        1000     1.87436
     1.05601        1000     1.93899
     1.02248        1000     2.00362
     1.01602        1000     2.06826
     1.04342        1000     2.13289
     1.03499        1000     2.19752
     1.03813        1000     2.26216
     1.02283        1000     2.32679
     1.03475        1000     2.39142
     1.03443        1000     2.45606
     1.00077        1000     2.52069
      1.0213        1000     2.58532
     1.01685        1000     2.64995
     0.99392        1000     2.71459
    0.989187        1000     2.77922
     1.01457        1000     2.84385
    0.990083        1000     2.90849
     1.00394        1000     2.97312
    0.988969        1000     3.03775
    0.995199        1000     3.10239
     0.99108        1000     3.16702
    0.979142        1000     3.23165
     1.00392        1000     3.29629
    0.988774        1000     3.36092
    0.983811        1000     3.42555
    0.996881        1000     3.49018
    0.984741        1000     3.55482
    0.980797        1000     3.61945
    0.980391        1000     3.68408
     0.99054        1000     3.74872
    0.990331        1000     3.81335
    0.987418        1000     3.87798
    0.999523        1000     3.94262
    0.990151        1000     4.00725
    0.995215        1000     4.07188
    0.993642        1000     4.13651
    0.984524        1000     4.20115
    0.985671        1000     4.26578
    0.987781        1000     4.33041
    0.975296        1000     4.39505
    0.989805        1000     4.45968
    0.985644        1000     4.52431
     0.98626        1000     4.58895
    0.986924        1000     4.65358
    0.979084        1000     4.71821
     0.98116        1000     4.78285
    0.972997        1000     4.84748
    0.996464        1000     4.91211
    0.983019        1000     4.97674
    0.989612        1000     5.04138
    0.972766        1000     5.10601
    0.987946        1000     5.17064
    0.990162        1000     5.23528
    0.988885        1000     5.29991
    0.976363        1000     5.36454
    0.984165        1000     5.42918
    0.987425        1000     5.49381
    0.990608        1000     5.55844
     0.98154        1000     5.62307
    0.984974        1000     5.68771
    0.980189        1000     5.75234
    0.990408        1000     5.81697
    0.983142        1000     5.88161
     0.98194        1000     5.94624
    0.976232        1000     6.01087
    0.982756        1000     6.07551
    0.986076        1000     6.14014
    0.980621        1000     6.20477
    0.985975        1000      6.2694
    0.996434        1000     6.33404
    0.986573        1000     6.39867
