2.84784
2.84017
2.82626
2.80487
2.77423
2.73186
2.67468
2.59924
2.50228
2.38162
2.23768
2.0751
1.9038
1.73771
1.5915
1.47688
1.4
1.36079
1.35372
1.3698
1.39919
1.43329
1.46596
1.49399
1.51685
1.53576
1.55259
1.56879
1.58465
1.59913
1.61045
1.61701
1.61832
1.61531
1.61012
1.60525
1.60306
1.6054
1.61307
1.62525
1.63953
1.65272
1.66204
1.66624
1.66613
1.66404
1.66258
1.66334
1.66633
1.67046
1.67433
1.67706
1.67824
1.67766
1.67489
1.66922
1.65987
1.64679
1.63145
1.61728
1.60821
1.60603
1.60858
1.61118
1.60969
1.60251
1.59082
1.57783
1.56768
1.56386
1.56789
1.57873
1.59322
1.60753
1.61878
1.62587
1.62937
1.63047
1.63021
1.6292
1.62796
1.62698
1.6264
1.62603
1.62548
1.62439
1.6227
1.62034
1.61699
1.61205
1.60512
1.59661
1.58782
1.58054
1.57618
1.57521
1.57723
1.58163
1.58787
1.59546
1.60404
1.61372
1.62516
1.63909
1.65567
1.67426
1.69356
1.71176
1.72683
1.7368
1.74021
1.73638
1.72562
1.70909
1.68859
1.66637
1.64489
1.62651
1.61305
1.60524
1.60227
1.60207
1.60191
1.59925
1.59232
1.58028
1.5632
1.5419
1.51797
1.49387
1.4731
1.45986
1.45801
1.46963
1.49408
1.52815
1.56711
1.60601
1.64096
1.66973
1.69168
1.70669
1.71435
1.71416
1.70614
1.69122
1.67077
1.6461
1.6183
1.58845
1.5581
1.52959
1.50593
1.48993
1.48325
1.4856
1.49489
1.50794
1.52159
1.5333
1.54134
1.54454
1.54215
1.53391
1.52041
1.50319
1.48457
1.4667
1.45085
1.43739
1.42633
1.41788
1.41246
1.41043
1.41188
1.41662
1.42456
1.43607
1.45195
1.47306
1.49972
1.53119
1.56534
1.59886
1.62776
1.64827
1.65795
1.65632
1.64504
1.62768
1.60888
1.59325
1.58401
1.58204
1.58574
1.59193
1.59727
1.59918
1.59611
1.58741
1.57317
1.55419
1.53212
1.50942
1.48916
1.47452
1.46827
1.47214
1.48624
1.50844
1.53453
1.55936
1.5785
1.58918
1.59034
1.58206
1.56525
1.54165
1.51428
1.48764
1.46695
1.45679
1.45962
1.47488
1.49913
1.52752
1.55542
1.57937
1.59725
1.60807
1.6118
1.60932
1.60235
1.59319
1.58425
1.5775
1.57391
1.57315
1.57357
1.57295
1.56945
1.56255
1.55338
1.54449
1.53897
1.53913
1.54529
1.5555
1.56633
1.57435
1.57731
1.57435
1.56593
1.55342
1.5386
1.52331
1.50921
1.49767
1.48973
1.48597
1.48637
1.49024
1.49664
1.50479
1.51429
1.5248
1.53575
1.54631
1.55566
1.56324
1.56898
1.57321
1.57682
1.58109
1.58744
1.5967
1.60863
1.62203
1.63525
1.64677
1.6555
1.66089
1.6629
1.66204
1.65917
1.65514
1.65052
1.64544
1.63967
1.63287
1.62485
1.61598
1.60744
1.60112
1.5992
1.60305
1.61206
1.62366
1.63487
1.64374
1.64932
1.6507
1.64677
1.63663
1.62033
1.59928
1.5762
1.55471
1.53818
1.52851
1.52544
1.52732
1.53248
1.53997
1.54925
1.55976
1.57093
1.58229
1.59317
1.60238
1.60824
1.60906
1.6038
1.59253
1.57649
1.55799
1.54003
1.52571
1.51753
1.51663
1.52262
1.53365
1.54706
1.56008
1.57039
1.5764
1.57744
1.57362
1.56575
1.55509
1.54311
1.53118
1.52058
1.51255
1.50843
1.50945
1.51625
1.52834
1.54409
1.56133
1.5779
1.59223
1.6033
1.61064
1.6145
1.61612
1.61732
1.61936
1.62202
1.62379
1.62287
1.61814
1.60953
1.59806
1.58558
1.57435
1.56624
1.56202
1.56091
1.56083
1.55911
1.55331
1.54201
1.52541
1.50539
1.48512
