-1.32808
-1.30785
-1.27361
-1.21792
-1.13088
-0.976943
-0.796431
-0.541728
-0.203366
0.228939
0.726944
1.24662
1.78093
2.374
2.94166
2.97107
2.38244
1.79882
1.55861
1.88304
3.2583
4.92394
4.50245
4.11537
4.14403
3.98507
3.582
3.18188
3.03345
3.26596
3.91465
4.94108
6.2443
7.6044
8.65435
8.99687
8.48489
7.31182
5.83222
4.36054
3.09019
2.10656
1.42315
1.02199
0.87803
0.959197
1.2314
1.6243
2.0361
2.36544
2.58095
2.84729
3.64229
4.8388
3.96043
2.50884
1.80747
1.42209
1.13031
0.894789
0.741097
0.729327
0.95999
1.49254
2.01118
1.99205
1.74389
1.69164
1.79933
1.92311
1.96424
1.8779
1.67176
1.38807
1.0909
0.836811
0.672465
0.617041
0.66288
0.777578
0.910066
1.01103
1.05433
1.05859
1.09666
1.37338
2.38931
3.68058
2.62656
1.48395
1.18121
1.20769
1.32548
1.42307
1.44245
1.38283
1.30672
1.30779
1.45487
-1.32808
-1.30785
-1.27361
-1.21792
-1.13088
-0.976943
-0.796431
-0.541728
-0.203366
0.228939
0.726944
1.24662
1.78093
2.374
2.94166
2.97107
2.38244
1.79882
1.55861
1.88304
3.2583
4.92394
4.50245
4.11537
4.14403
3.98507
3.582
3.18188
3.03345
3.26596
3.91465
4.94108
6.2443
7.6044
8.65435
8.99687
8.48489
7.31182
5.83222
4.36054
3.09019
2.10656
1.42315
1.02199
0.87803
0.959197
1.2314
1.6243
2.0361
2.36544
2.58095
2.84729
3.64229
4.8388
3.96043
2.50884
1.80747
1.42209
1.13031
0.894789
0.741097
0.729327
0.95999
1.49254
2.01118
1.99205
1.74389
1.69164
1.79933
1.92311
1.96424
1.8779
1.67176
1.38807
1.0909
0.836811
0.672465
0.617041
0.66288
0.777578
0.910066
1.01103
1.05433
1.05859
1.09666
1.37338
2.38931
3.68058
2.62656
1.48395
1.18121
1.20769
1.32548
1.42307
1.44245
1.38283
1.30672
1.30779
1.45487
1.74628
2.08755
2.33029
2.37173
2.2196
1.93882
1.62611
1.38251
1.26324
1.27473
1.40327
1.65009
2.03496
2.5955
3.29545
3.82591
3.89669
3.71374
3.48757
3.23535
2.9298
2.66388
2.56714
2.67021
2.93531
3.31698
3.7677
4.22863
4.6438
4.97932
5.22175
5.37022
5.41767
5.36126
5.21356
5.00281
4.76311
4.52824
4.32346
4.16209
4.04104
3.94929
3.87247
3.79292
3.70077
3.59343
3.48176
3.38539
3.32537
3.30326
3.29171
3.25263
3.17979
3.11319
3.09601
3.12799
3.17546
3.20124
3.17125
3.04001
2.78465
2.42491
2.01093
1.61162
1.294
1.10115
1.034
1.06304
1.14565
1.23808
1.30586
1.31402
1.23105
1.04318
0.787499
0.528266
0.316558
0.182048
0.129391
0.154367
0.240299
0.362357
0.476536
0.534072
0.501942
0.387235
0.229475
0.0779668
-0.0278564
-0.0641266
-0.0248595
0.0771777
0.2175
0.360412
0.483662
0.580115
0.655455
0.718831
0.796084
0.917877
1.09283
1.29065
1.45638
1.55266
1.5641
1.48345
1.32702
1.13106
0.945173
0.80854
0.731052
0.697174
0.675734
0.638214
0.576863
0.504918
0.442495
0.411469
0.421277
0.468413
0.5339
0.593819
0.632132
0.650435
0.676817
0.729535
0.80352
0.873884
0.919805
0.93624
0.912143
0.82949
0.696478
0.548105
0.432214
0.389351
0.436914
0.553545
0.65052
0.628422
0.506525
0.388142
0.342452
0.378057
0.466683
0.560355
0.588216
0.497987
0.303225
0.0823596
-0.0976343
-0.211948
-0.256361
-0.234914
-0.154391
-0.0288531
0.128439
0.30757
0.512964
0.748143
1.00753
1.27243
1.52115
1.72263
1.83468
1.83034
1.72205
1.56339
1.40461
1.2495
1.09055
0.951355
0.869438
0.864422
0.937695
1.07146
1.23116
1.36297
1.41863
1.37561
1.26053
1.13637
1.06353
1.05828
1.05575
0.966206
0.768575
0.523671
0.287867
0.0842361
-0.0815395
-0.20802
-0.29663
-0.349627
-0.36504
-0.341128
-0.273428
-0.157611
0.00759873
0.215497
0.427761
0.591307
0.680935
0.711722
0.699122
0.634847
0.516572
0.380506
0.278345
0.259052
0.352782
0.553457
0.780291
0.904931
0.914976
0.916828
0.986488
1.12423
1.30288
1.48813
1.63963
1.71976
1.71877
1.67534
1.63211
1.55581
1.36307
1.07217
0.806976
0.652567
0.611215
0.646548
0.721526
0.812006
0.912936
1.01734
1.11013
1.17338
1.20546
1.20997
1.16954
1.06573
0.909905
0.755142
0.653493
0.632269
0.690653
0.808168
0.952677
1.09188
1.19101
1.22072
1.17156
1.05769
0.912267
0.763232
0.634543
0.547097
0.502313
0.500737
0.524436
0.569293
0.642509
0.758016
0.925001
1.14784
1.40626
1.65093
1.82303
1.88045
1.81194
1.63293
1.39407
1.16913
1.0205
0.973603
1.00874
1.08055
1.15537
1.21024
1.24195
1.25968
1.27009
1.26277
1.22962
1.18015
1.15403
1.17967
1.27261
1.43935
1.66875
1.91936
2.11928
2.20354
2.16579
2.06256
1.95821
1.86262
1.73391
1.53795
1.29192
1.05551
0.884836
0.81144
0.824904
0.878336
0.916716
0.904694
0.849597
0.795967
0.787706
0.849771
0.975171
1.13968
1.30738
1.43653
1.49502
1.4877
1.45882
1.45072
1.47206
1.49776
1.49616
1.45126
1.36283
1.2303
1.05783
0.888679
0.77822
0.751683
0.800924
0.902522
1.02768
1.14712
1.23226
1.27358
1.2778
1.25869
1.21642
1.1366
1.01631
0.87881
0.755556
0.677155
0.653435
0.683789
0.752532
0.844242
0.943202
1.04678
1.15715
1.27489
1.39208
1.4876
1.53752
1.52636
1.4567
1.34496
1.22248
1.12009
1.06349
1.08621
1.23532
1.52557
1.87868
2.13911
2.21785
2.15831
2.0027
1.7574
1.4591
1.17088
0.94134
0.790229
0.709906
0.683217
0.685854
0.694956
0.694665
0.679897
0.667579
0.708321
0.852869
1.05933
1.10002
0.864005
0.568988
0.38689
0.324887
0.349913
0.44578
0.611654
0.848382
1.12807
1.35009
1.38425
1.25104
1.08138
0.945261
0.853254
0.812671
0.825511
0.881495
0.961895
1.03717
1.08175
1.08492
1.04062
0.952314
0.828057
0.682976
0.534763
0.391921
0.263361
0.147333
0.0482037
-0.0253318
-0.0605056
-0.0543207
-0.00791174
0.0706148
0.173842
0.319246
0.538663
0.854366
1.2315
1.57115
1.80843
1.9669
2.08873
2.16508
2.17779
2.13351
2.03202
1.838
1.56392
1.28903
1.0942
1.02978
1.10019
1.26632
1.46051
1.64388
1.80116
1.92895
2.02662
2.10207
2.14768
2.14069
2.05888
1.91454
1.7336
1.53216
1.31505
1.09753
0.895596
0.733498
0.63449
0.61543
0.652282
0.678641
0.625844
0.482394
0.304999
0.160544
0.0854516
0.0827017
0.139068
0.240577
0.372577
0.520143
0.669984
0.808459
0.928898
1.03066
1.11595
1.17755
1.20606
1.20495
1.1995
1.22451
1.30992
1.46616
1.67724
1.90376
2.09367
2.18551
2.11901
1.88612
1.56003
1.24187
0.999745
0.867249
0.857856
0.965672
1.1569
1.34613
1.41724
1.31599
1.08344
0.809167
0.562455
0.374003
0.259813
0.227997
0.275807
0.382909
0.504392
0.626467
0.808227
1.14338
1.64248
2.07846
2.13033
1.87155
1.55782
1.28086
1.05302
0.865129
0.711245
0.59743
0.548061
0.576426
0.681253
0.849777
1.05938
1.3027
1.58261
1.88952
2.15364
2.27781
2.2505
2.13756
1.96173
1.72043
1.47475
1.29761
1.1962
1.12942
1.05898
0.980955
0.917099
0.892798
0.913027
0.945558
0.942636
0.879422
0.784395
0.720588
0.718205
0.747146
0.75997
0.766651
0.815259
0.934899
1.11883
1.32184
1.46188
1.48002
1.39545
1.29688
1.26072
1.28492
1.29345
1.23246
1.14327
1.07408
1.01521
0.930632
0.81653
0.70225
0.617629
0.571069
0.549362
0.540206
0.55298
0.609427
0.719001
0.859077
0.981435
1.03978
1.03164
1.00263
0.996223
1.03052
1.1022
1.20089
1.32379
1.46808
1.60833
1.69648
1.69017
1.5955
1.45087
1.29418
1.14459
1.00709
0.875657
0.750599
0.630768
0.520625
0.430652
0.36673
0.334518
0.335145
0.362598
0.411408
0.473077
0.542551
0.609673
0.660257
0.676511
0.660842
0.623838
0.580822
0.541209
0.501979
0.454028
0.393073
0.330779
0.28124
0.252763
0.254471
0.284695
0.342312
0.418816
0.504546
0.587053
0.650474
0.687435
0.694573
0.677443
0.643526
0.60047
0.551179
0.500203
0.454278
0.419674
0.399977
0.401947
0.437181
0.527363
0.686611
0.902803
1.12526
1.28525
1.34367
1.32292
1.26831
1.21033
1.15747
1.10877
1.07539
1.06453
1.07954
1.12632
1.20363
1.30152
1.41174
1.52287
1.61411
1.62523
1.49577
1.25201
1.00244
0.836875
0.754844
0.70063
0.620787
0.514138
0.418143
0.354074
0.323931
0.3218
0.347616
0.404375
0.480456
0.556018
0.601958
0.597805
0.532195
0.411062
0.263853
0.128623
0.045421
0.0389302
0.121768
0.285223
0.482817
0.638324
0.692743
0.657939
0.589692
0.521878
0.461516
0.404217
0.348474
0.300146
0.26883
0.258441
0.27758
0.331815
0.426629
0.561673
0.731578
0.903859
1.04016
1.11052
1.12619
1.12679
1.14219
1.15772
1.13922
1.09243
1.0685
1.10122
1.15806
1.17158
1.12533
1.07119
1.0515
1.0837
1.1654
1.28305
1.40583
1.49674
1.53351
1.53394
1.54578
1.60013
1.65672
1.64861
1.59682
1.57982
1.63024
1.72865
1.83682
1.92415
1.96692
1.95553
1.90475
1.83797
1.77054
1.71803
1.69803
1.71621
1.74438
1.73866
1.67129
1.5553
1.41367
1.26866
1.15076
1.08777
1.08504
1.1079
1.10137
1.03745
0.936416
0.828734
0.745711
0.702363
0.6925
0.700007
0.712018
0.734352
0.777264
0.843114
0.907669
0.946152
0.936155
0.881055
0.809067
0.75716
0.751857
0.804006
0.898917
0.989182
1.00711
0.924245
0.781813
0.648909
0.567828
0.543499
0.571606
0.635794
0.718919
0.803233
0.877215
0.927183
0.950607
0.957203
0.968562
1.00339
1.05611
1.10852
1.14137
1.14436
1.1192
1.08373
1.05965
1.06065
1.08096
1.10079
1.10415
1.09846
1.10276
1.13184
1.20119
1.32259
1.51361
1.76245
2.00434
2.12754
2.05624
1.81889
1.48402
1.11972
0.796669
0.565798
0.440463
0.405239
0.423983
0.459404
0.477728
0.454522
0.38238
0.275526
0.16113
0.0717317
0.0243474
0.0263566
0.0717192
0.161175
0.299142
0.486645
0.679326
0.79495
0.778854
0.659219
0.536813
0.474086
0.432933
0.339848
0.198126
0.0833439
0.049795
0.102455
0.219404
0.367173
0.508397
0.613415
0.672693
0.694237
0.700372
0.706592
0.72497
0.76087
0.816744
0.886704
0.954667
1.00628
1.03132
1.02548
0.993187
0.95016
0.922243
0.922748
0.939701
0.940932
0.900954
0.823515
0.728922
0.634852
0.543358
0.456684
0.377447
0.316733
0.282898
0.288077
0.333186
0.413957
0.515536
0.629455
0.757165
0.895448
1.01196
1.06429
1.04259
0.978742
0.917471
0.888531
0.895437
0.926658
0.958642
0.973269
0.962308
0.9245
0.862523
0.779117
0.684107
-6.18773
-6.12324
-6.01291
-5.84913
-5.6263
-5.33771
-4.97615
-4.52959
-3.98893
-3.35532
-2.62994
-1.84406
-1.03544
-0.262434
0.416918
0.962099
1.34874
1.57523
1.6658
1.65675
1.58333
1.48114
1.37088
1.2691
1.18117
1.10141
1.02536
0.951649
0.878312
0.808396
0.751937
0.714685
0.696391
0.695811
0.703601
0.709874
0.704683
0.684565
0.646573
0.594404
0.536227
0.485929
0.449854
0.43426
0.433808
0.439757
0.442616
0.439939
0.429579
0.415181
0.402088
0.39312
0.391313
0.397537
0.41486
0.441977
0.484587
0.540664
0.606375
0.666589
0.708812
0.72551
0.72986
0.736656
0.761424
0.806947
0.864622
0.926449
0.975964
0.999719
0.994862
0.963682
0.919639
0.874033
0.837893
0.814765
0.807433
0.8074
0.808471
0.810747
0.812258
0.810648
0.807306
0.799083
0.793816
0.788874
0.783032
0.779761
0.776954
0.779422
0.789816
0.804549
0.8183
0.827172
0.825882
0.812836
0.79072
0.761423
0.725796
0.687379
0.644828
0.599627
0.550916
0.493988
0.429359
0.361475
0.293778
0.231573
0.183326
0.157792
0.159957
0.190011
0.246881
0.325632
0.421074
0.520185
0.616701
0.699112
0.761412
0.802206
0.824202
0.835992
0.845911
0.865272
0.898483
0.947358
1.01206
1.08984
1.17427
1.25294
1.31834
1.35222
1.34103
1.27722
1.16648
1.02246
0.862323
0.706879
0.568827
0.457192
0.37292
0.319188
0.296001
0.306846
0.349902
0.42111
0.512852
0.623957
0.746483
0.875859
1.00626
1.12382
1.22511
1.29124
1.32336
1.32043
1.2929
1.2509
1.20985
1.17435
1.15312
1.15171
1.17375
1.22015
1.28535
1.36343
1.44749
1.52661
1.59879
1.6608
1.71054
1.75197
1.77919
1.79148
1.78585
1.76674
1.73164
1.67831
1.60421
1.50774
1.39024
1.25366
1.10717
0.965159
0.841423
0.752336
0.705874
0.702658
0.734492
0.786654
0.846519
0.894437
0.918172
0.91675
0.896648
0.870978
0.848659
0.84077
0.852204
0.884984
0.937465
1.00704
1.08649
1.16437
1.23166
1.2738
1.28339
1.25165
1.18506
1.08774
0.978846
0.879117
0.801113
0.761088
0.760665
0.797966
0.866684
0.96086
1.06943
1.1712
1.24772
1.28152
1.26019
1.19284
1.09316
0.97832
0.867046
0.77318
0.70125
0.659338
0.646596
0.660509
0.689841
0.729699
0.771808
0.808795
0.836447
0.854943
0.873407
0.897177
0.932713
0.981306
1.03785
1.08926
1.12624
1.14242
1.13156
1.10705
1.07876
1.05821
1.0571
1.07272
1.10714
1.15407
1.20695
1.26047
1.30672
1.34132
1.36026
1.36279
1.34885
1.32359
1.28744
1.24724
1.20261
1.15415
1.10536
1.05808
1.01635
0.981823
0.954023
0.931935
0.910744
0.886852
0.85511
0.813018
0.756722
0.69864
0.63948
0.590282
0.549651
0.520775
0.504294
0.501125
0.505612
0.515666
0.529251
0.545878
0.565068
0.590918
0.619645
0.65067
0.679003
0.70013
0.703602
0.684291
0.651049
0.608794
0.570453
0.54226
0.530732
0.540063
0.572149
0.629261
0.709994
0.809286
0.917107
1.01677
1.09578
1.14776
1.17499
1.18272
1.17493
1.15611
1.12895
1.09217
1.05125
1.0079
0.969361
0.938451
0.921855
0.924271
0.951624
1.0035
1.07297
1.14911
1.22271
1.28018
1.31635
1.32376
1.30362
1.26484
1.21616
1.16829
1.13076
1.10899
1.10679
1.12217
1.15395
1.19367
1.23886
1.28291
1.32172
1.34913
1.36191
1.3522
1.32114
1.27166
1.20856
1.13548
1.06242
1.00057
0.949923
0.911121
0.888685
0.871943
0.858092
0.840683
0.823841
0.812521
0.811518
0.824432
0.854102
0.894464
0.939195
0.978212
1.0072
1.02181
1.02879
1.03424
1.04632
1.07267
1.12039
1.18685
1.26369
1.33708
