1.89856
1.89344
1.88417
1.86991
1.84949
1.82124
1.78312
1.73283
1.66819
1.58775
1.49178
1.3834
1.2692
1.15847
1.061
0.984586
0.933334
0.907191
0.902477
0.9132
0.932796
0.955527
0.977307
0.995996
1.01123
1.02384
1.03506
1.04586
1.05643
1.06609
1.07363
1.07801
1.07888
1.07688
1.07342
1.07017
1.06871
1.07027
1.07538
1.0835
1.09302
1.10181
1.10803
1.11083
1.11075
1.10936
1.10839
1.10889
1.11089
1.11364
1.11622
1.11804
1.11883
1.11844
1.11659
1.11281
1.10658
1.09786
1.08764
1.07818
1.07214
1.07068
1.07239
1.07412
1.07313
1.06834
1.06055
1.05189
1.04512
1.04257
1.04526
1.05249
1.06215
1.07169
1.07919
1.08392
1.08625
1.08698
1.0868
1.08613
1.08531
1.08465
1.08427
1.08402
1.08365
1.08293
1.0818
1.08023
1.078
1.0747
1.07008
1.06441
1.05855
1.05369
1.05078
1.05014
1.05148
1.05442
1.05858
1.06364
1.06936
1.07581
1.08344
1.09273
1.10378
1.11618
1.12904
1.14117
1.15122
1.15787
1.16014
1.15758
1.15041
1.13939
1.12573
1.11091
1.09659
1.08434
1.07537
1.07016
1.06818
1.06805
1.06794
1.06617
1.06155
1.05352
1.04213
1.02794
1.01198
0.995915
0.982066
0.973239
0.972006
0.979754
0.996054
1.01877
1.04474
1.07068
1.09397
1.11315
1.12779
1.13779
1.1429
1.14277
1.13743
1.12748
1.11384
1.0974
1.07887
1.05897
1.03873
1.01973
1.00396
0.99329
0.988831
0.990402
0.996592
1.00529
1.01439
1.0222
1.02756
1.02969
1.0281
1.02261
1.0136
1.00213
0.989716
0.977802
0.967232
0.958257
0.950884
0.945252
0.941641
0.940289
0.941255
0.944412
0.949707
0.957382
0.967967
0.982039
0.999813
1.02079
1.04356
1.06591
1.08517
1.09885
1.1053
1.10421
1.0967
1.08512
1.07259
1.06216
1.056
1.05469
1.05716
1.06129
1.06484
1.06612
1.06407
1.05827
1.04878
1.03613
1.02141
1.00628
0.992776
0.983014
0.978847
0.981424
0.990826
1.00562
1.02302
1.03957
1.05233
1.05946
1.06023
1.05471
1.0435
1.02777
1.00952
0.99176
0.977966
0.971193
0.97308
0.983251
0.999419
1.01835
1.03695
1.05292
1.06484
1.07205
1.07453
1.07288
1.06824
1.06213
1.05616
1.05167
1.04928
1.04876
1.04905
1.04863
1.0463
1.0417
1.03559
1.02966
1.02598
1.02609
1.0302
1.037
1.04422
1.04957
1.05154
1.04957
1.04395
1.03561
1.02573
1.01554
1.00614
0.998447
0.993151
0.990646
0.990915
0.993496
0.997758
1.00319
1.00953
1.01653
1.02383
1.03088
1.03711
1.04216
1.04598
1.04881
1.05121
1.05406
1.05829
1.06447
1.07242
1.08136
1.09017
1.09784
1.10367
1.10726
1.1086
1.10803
1.10611
1.10342
1.10035
1.09696
1.09311
1.08858
1.08323
1.07732
1.07162
1.06741
1.06614
1.0687
1.0747
1.08244
1.08991
1.09583
1.09955
1.10047
1.09785
1.09109
1.08022
1.06619
1.0508
1.03647
1.02545
1.01901
1.01696
1.01821
1.02165
1.02665
1.03283
1.03984
1.04729
1.05486
1.06211
1.06825
1.07216
1.07271
1.0692
1.06169
1.05099
1.03866
1.02669
1.01714
1.01168
1.01109
1.01508
1.02243
1.03137
1.04006
1.04692
1.05094
1.05163
1.04908
1.04383
1.03673
1.02874
1.02079
1.01372
1.00837
1.00562
1.0063
1.01083
1.01889
1.0294
1.04088
1.05193
1.06148
1.06887
1.07376
1.07633
1.07741
1.07822
1.07958
1.08135
1.08252
1.08191
1.07876
1.07302
1.06537
1.05705
1.04956
1.04416
1.04135
1.04061
1.04055
1.0394
1.03554
1.02801
1.01694
1.00359
0.990077
