-6.36207
-6.35382
-6.33923
-6.31504
-6.27988
-6.23225
-6.17069
-6.09067
-5.98869
-5.86548
-5.71772
-5.55494
-5.38409
-5.22039
-5.07886
-4.96828
-4.89528
-4.86096
-4.85786
-4.87572
-4.9064
-4.94013
-4.97334
-5.00129
-5.02277
-5.04109
-5.0578
-5.07292
-5.0881
-5.10326
-5.11462
-5.12065
-5.12206
-5.11828
-5.1124
-5.10739
-5.10649
-5.10965
-5.11799
-5.1305
-5.14528
-5.15759
-5.16672
-5.16997
-5.16939
-5.1674
-5.16672
-5.16697
-5.16954
-5.17354
-5.17733
-5.18037
-5.18138
-5.18031
-5.17592
-5.17007
-5.16003
-5.14692
-5.13092
-5.11708
-5.10854
-5.10835
-5.11128
-5.11378
-5.11085
-5.10221
-5.09128
-5.07854
-5.06888
-5.06626
-5.07061
-5.08199
-5.09603
-5.11044
-5.12189
-5.12949
-5.13088
-5.12999
-5.12947
-5.12842
-5.12734
-5.12715
-5.12676
-5.12836
-5.12746
-5.12601
-5.12486
-5.12197
-5.11925
-5.11457
-5.10685
-5.09793
-5.08966
-5.08247
-5.07814
-5.07735
-5.07903
-5.08288
-5.08913
-5.09623
-5.10551
-5.11593
-5.12729
-5.14179
-5.15907
-5.17735
-5.19631
-5.21505
-5.23091
-5.24089
-5.24359
-5.23948
-5.22853
-5.21197
-5.19029
-5.16833
-5.14645
-5.12849
-5.11574
-5.10817
-5.10514
-5.10402
-5.1031
-5.09858
-5.08994
-5.07708
-5.05969
-5.03819
-5.01426
-4.99213
-4.97177
-4.9592
-4.95834
-4.97193
-4.99798
-5.03277
-5.07224
-5.11014
-5.14394
-5.17113
-5.1924
-5.20624
-5.21328
-5.21184
-5.20263
-5.18663
-5.16646
-5.14068
-5.11232
-5.08219
-5.05129
-5.02479
-5.00072
-4.98727
-4.98183
-4.98576
-4.99557
-5.00927
-5.02162
-5.03333
-5.04154
-5.04451
-5.04109
-5.03092
-5.0165
-4.99919
-4.98011
-4.96315
-4.94768
-4.93491
-4.92576
-4.91714
-4.9119
-4.90977
-4.91231
-4.91676
-4.92458
-4.93664
-4.95361
-4.97572
-5.00232
-5.03387
-5.06812
-5.10107
-5.12974
-5.14895
-5.15688
-5.15356
-5.14165
-5.12543
-5.1066
-5.09149
-5.08373
-5.08305
-5.0876
-5.09325
-5.09865
-5.10012
-5.0965
-5.08724
-5.07292
-5.0537
-5.03144
-5.0096
-4.98945
-4.97584
-4.96994
-4.97546
-4.989
-5.01165
-5.0377
-5.06139
-5.08099
-5.09014
-5.08927
-5.07918
-5.06205
-5.03836
-5.00993
-4.9832
-4.96232
-4.95218
-4.95769
-4.9745
-4.99909
-5.02763
-5.05496
-5.07748
-5.09559
-5.10583
-5.10889
-5.10512
-5.09918
-5.09099
-5.08248
-5.07573
-5.07216
-5.07221
-5.07218
-5.07133
-5.0675
-5.05999
-5.04996
-5.04187
-5.03729
-5.03717
-5.04507
-5.0552
-5.06574
-5.07379
-5.07496
-5.07203
-5.06312
-5.05045
-5.0358
-5.02011
-5.00621
-4.99513
-4.98819
-4.98532
-4.98687
-4.99073
-4.99809
-5.00578
-5.0148
-5.02538
-5.03618
-5.04711
-5.0566
-5.06415
-5.07001
-5.07413
-5.0782
-5.08261
-5.08878
-5.09728
-5.11093
-5.12364
-5.1372
-5.14682
-5.15493
-5.16042
-5.16303
-5.16162
-5.15875
-5.15464
-5.14983
-5.1444
-5.13884
-5.13085
-5.12272
-5.11397
-5.10601
-5.09913
-5.0973
-5.10248
-5.11053
-5.12207
-5.13311
-5.1426
-5.1481
-5.1484
-5.14373
-5.1334
-5.11759
-5.09695
-5.07356
-5.05273
-5.03759
-5.02953
-5.02719
-5.02901
-5.03429
-5.04137
-5.04944
-5.06035
-5.07186
-5.08412
-5.09414
-5.10234
-5.10716
-5.10801
-5.10242
-5.0903
-5.07389
-5.05651
-5.03953
-5.02709
-5.019
-5.01839
-5.02513
-5.03623
-5.04988
-5.06318
-5.07341
-5.0794
-5.07978
-5.07566
-5.06669
-5.05644
-5.0444
-5.0327
-5.022
-5.0143
-5.00973
-5.01162
-5.01853
-5.02942
-5.04346
-5.06132
-5.07955
-5.09328
-5.104
-5.11202
-5.11422
-5.11587
-5.11667
-5.11941
-5.12206
-5.12348
-5.12282
-5.11905
-5.11024
-5.09872
-5.08596
-5.07542
-5.06755
-5.0643
-5.06265
-5.06147
-5.05899
-5.05329
-5.04127
-5.02376
-5.00295
-4.98285
