-3.51424
-3.51365
-3.51297
-3.51017
-3.50565
-3.50039
-3.49601
-3.49143
-3.48641
-3.48386
-3.48004
-3.47984
-3.48028
-3.48268
-3.48735
-3.4914
-3.49527
-3.50018
-3.50414
-3.50592
-3.5072
-3.50684
-3.50738
-3.5073
-3.50592
-3.50533
-3.50521
-3.50413
-3.50345
-3.50413
-3.50417
-3.50364
-3.50375
-3.50297
-3.50228
-3.50214
-3.50343
-3.50425
-3.50492
-3.50526
-3.50575
-3.50487
-3.50468
-3.50373
-3.50326
-3.50336
-3.50414
-3.50363
-3.5032
-3.50308
-3.503
-3.50331
-3.50315
-3.50265
-3.50104
-3.50085
-3.50016
-3.50013
-3.49946
-3.49981
-3.50032
-3.50232
-3.50271
-3.50261
-3.50115
-3.4997
-3.50046
-3.5007
-3.5012
-3.50241
-3.50272
-3.50326
-3.50281
-3.50291
-3.50312
-3.50362
-3.50151
-3.49952
-3.49927
-3.49922
-3.49938
-3.50017
-3.50036
-3.50233
-3.50198
-3.50162
-3.50216
-3.50163
-3.50226
-3.50252
-3.50173
-3.50132
-3.50184
-3.50193
-3.50197
-3.50214
-3.5018
-3.50125
-3.50126
-3.50077
-3.50146
-3.50221
-3.50213
-3.5027
-3.5034
-3.50308
-3.50276
-3.5033
-3.50408
-3.50409
-3.50338
-3.50311
-3.50292
-3.50288
-3.50169
-3.50196
-3.50156
-3.50199
-3.50269
-3.50293
-3.50287
-3.50194
-3.5012
-3.49932
-3.49763
-3.4968
-3.49649
-3.49629
-3.49629
-3.49826
-3.49867
-3.49934
-3.50034
-3.5023
-3.5039
-3.50462
-3.50513
-3.50413
-3.50298
-3.5014
-3.50071
-3.49955
-3.49893
-3.49768
-3.49648
-3.49541
-3.49569
-3.49458
-3.49402
-3.49373
-3.49319
-3.4952
-3.49479
-3.49733
-3.49859
-3.50016
-3.50068
-3.50133
-3.50003
-3.50004
-3.5002
-3.49997
-3.49894
-3.49701
-3.49609
-3.496
-3.49553
-3.49645
-3.49683
-3.49752
-3.49943
-3.49926
-3.49944
-3.49933
-3.50043
-3.50014
-3.50002
-3.50057
-3.50166
-3.50266
-3.5026
-3.50268
-3.50279
-3.50221
-3.50198
-3.50068
-3.49893
-3.49725
-3.4966
-3.49775
-3.49772
-3.49824
-3.49973
-3.50101
-3.50187
-3.50132
-3.50138
-3.50094
-3.50039
-3.49982
-3.49976
-3.49951
-3.49932
-3.50017
-3.50029
-3.50132
-3.50167
-3.50332
-3.50276
-3.50322
-3.50318
-3.50203
-3.50249
-3.50096
-3.49893
-3.49712
-3.4968
-3.49671
-3.49565
-3.49556
-3.49537
-3.49539
-3.49807
-3.49962
-3.49996
-3.50011
-3.49955
-3.49811
-3.49834
-3.49776
-3.49709
-3.49579
-3.49682
-3.49779
-3.49824
-3.49823
-3.49825
-3.49906
-3.49861
-3.49839
-3.49805
-3.49744
-3.49658
-3.49738
-3.49832
-3.49804
-3.49978
-3.4997
-3.49941
-3.49944
-3.49766
-3.49768
-3.49719
-3.49703
-3.4972
-3.4968
-3.497
-3.49746
-3.49847
-3.49935
-3.5005
-3.50049
-3.50145
-3.50099
-3.50051
-3.50058
-3.50043
-3.5008
-3.50094
-3.50091
-3.50103
-3.50092
-3.50138
-3.50152
-3.50134
-3.50057
-3.5023
-3.5016
-3.50195
-3.50005
-3.49943
-3.49954
-3.50013
-3.49958
-3.49958
-3.4995
-3.49931
-3.49895
-3.49917
-3.49799
-3.49788
-3.49799
-3.49857
-3.49801
-3.49809
-3.49943
-3.49847
-3.49841
-3.49824
-3.49885
-3.49878
-3.4977
-3.49696
-3.49677
-3.49727
-3.49767
-3.49736
-3.49802
-3.49941
-3.50102
-3.50175
-3.50169
-3.50181
-3.5014
-3.5002
-3.50059
-3.50093
-3.50183
-3.50097
-3.49996
-3.49892
-3.49895
-3.49862
-3.49777
-3.4974
-3.49852
-3.4995
-3.50138
-3.50148
-3.50176
-3.50252
-3.50258
-3.50282
-3.50309
-3.50302
-3.503
-3.50234
-3.50204
-3.50094
-3.50135
-3.50129
-3.50152
-3.50142
-3.50175
-3.5013
-3.50217
-3.50229
-3.50108
-3.49937
-3.5
-3.50165
-3.50106
-3.5007
-3.50138
-3.49972
-3.49975
-3.49934
-3.50005
-3.50004
-3.4997
-3.49995
-3.50091
-3.50071
-3.50067
-3.50039
-3.50108
-3.50131
-3.50228
-3.50174
-3.50064
-3.49988
-3.49998
-3.49926
-3.49835
-3.49756
-3.49774
-3.49888
-3.50034
-3.50176
-3.503
-3.50433
-3.50563
-3.50607
-3.50499
-3.50375
-3.50243
-3.50185
-3.50093
-3.49927
-3.49945
-3.49951
-3.49809
-3.49852
-3.49805
-3.49852
-3.49879
-3.49996
-3.50018
-3.50117
-3.50097
-3.50022
-3.49863
-3.49846
-3.49763
-3.49797
-3.4988
-3.49957
-3.50015
-3.50065
-3.50139
-3.50107
-3.50053
-3.50057
-3.50148
-3.50151
-3.50172
-3.50275
-3.50229
-3.50176
-3.50012
-3.49947
-3.49931
-3.49813
-3.49891
-3.49877
-3.49805
-3.49831
-3.49979
-3.49971
-3.49935
-3.49921
-3.4992
-3.49959
-3.49956
-3.4993
-3.49841
-3.49677
-3.49718
-3.49611
-3.49672
-3.49653
-3.4972
-3.49858
-3.50029
-3.5011
-3.50229
-3.50253
-3.50276
-3.50342
-3.50314
-3.50311
-3.50179
-3.50189
-3.50163
-3.50106
-3.50083
-3.50089
-3.5012
-3.50065
-3.49944
-3.49957
-3.50029
-3.50059
-3.50083
-3.50008
-3.50023
-3.49884
-3.49958
-3.49936
-3.4992
-3.49843
-3.49929
-3.49846
-3.49967
-3.5002
-3.5005
-3.50073
-3.50146
-3.50035
-3.5007
-3.50037
-3.50038
-3.50076
-3.501
-3.50147
-3.50162
-3.50125
-3.50247
-3.50333
-3.50382
-3.50374
-3.50395
-3.50276
-3.5026
-3.5022
-3.5015
-3.5015
-3.50108
-3.50179
-3.50224
-3.50284
-3.50272
-3.50238
-3.50265
-3.50213
-3.50112
-3.50099
-3.49858
-3.49797
-3.49632
-3.49463
-3.49287
-3.49239
-3.49392
-3.49486
-3.49761
-3.49883
-3.49874
-3.49876
-3.49826
-3.49753
-3.49673
-3.49679
-3.49604
-3.49632
-3.49496
-3.49359
-3.49324
-3.49372
-3.49474
-3.49493
-3.49528
-3.49525
-3.49575
-3.49587
-3.49539
-3.49505
-3.49513
-3.49474
-3.49479
-3.49463
-3.49483
-3.49523
-3.49601
-3.49604
-3.49615
-3.4955
-3.49475
-3.49544
-3.49501
-3.49425
-3.4958
-3.49532
-3.49612
-3.49646
-3.49632
-3.49577
-3.49643
-3.49643
-3.49653
-3.49759
-3.49745
-3.49882
-3.49963
-3.49969
-3.49984
-3.49988
-3.50037
-3.50102
-3.50064
-3.50002
-3.49865
-3.49934
-3.49885
-3.49886
-3.49856
-3.49829
-3.4982
-3.4979
-3.49662
-3.49643
-3.49552
-3.49548
-3.49629
-3.49564
-3.49617
-3.49591
-3.49617
-3.4965
-3.49686
-3.49669
-3.49729
-3.49688
-3.49689
-3.49779
-3.49756
-3.49901
-3.49841
-3.49895
-3.49905
-3.49984
-3.49957
-3.50051
-3.50072
-3.50063
-3.50191
-3.50215
-3.50187
-3.50183
-3.502
-3.5019
-3.50059
-3.50094
-3.50051
-3.50027
-3.50078
-3.50014
-3.49959
-3.4995
-3.49866
-3.49845
-3.49747
-3.49787
-3.49803
-3.4973
-3.49793
-3.49712
-3.49661
-3.49597
-3.49591
-3.49615
-3.4966
-3.49731
-3.49829
-3.49838
-3.49945
-3.49908
-3.49949
-3.50035
-3.50166
-3.50252
-3.502
-3.50201
-3.50126
-3.50078
-3.50105
-3.50174
-3.50066
-3.49948
-3.49936
-3.49891
-3.49969
-3.5006
-3.50078
-3.50111
-3.4997
-3.50036
-3.50087
-3.50133
-3.50202
-3.5024
-3.50366
-3.50473
-3.50356
-3.50259
-3.50175
-3.50042
-3.49955
-3.49928
-3.49935
-3.5002
-3.50032
-3.50096
-3.49986
-3.49878
-3.49833
-3.4981
-3.49886
-3.4984
-3.49921
-3.50005
-3.50075
-3.50172
-3.50255
-3.50243
-3.50136
-3.50094
-3.50023
-3.50017
-3.50015
-3.49965
-3.50028
-3.50022
-3.50037
-3.50033
-3.4995
-3.49884
-3.49859
-3.4982
-3.4989
-3.49812
-3.49785
-3.49809
-3.49763
-3.49718
-3.49717
-3.49639
-3.49624
-3.4965
-3.49723
-3.49753
-3.49787
-3.49908
-3.49901
-3.49805
-3.49905
-3.49971
-3.49969
-3.49937
-3.50014
-3.49908
-3.49858
-3.49886
-3.49809
-3.49689
-3.49682
-3.49656
-3.49709
-3.49786
-3.49876
-3.49998
-3.49909
-3.49939
-3.49977
-3.50078
-3.50011
-3.5001
-3.49973
-3.4991
-3.49907
-3.49838
-3.49854
-3.49794
-3.49712
-3.49721
-3.4985
-3.49836
-3.49856
-3.49863
-3.4995
-3.49952
-3.49972
-3.50007
-3.50224
-3.50216
-3.50241
-3.50265
-3.50299
-3.50274
-3.5029
-3.50224
-3.5003
-3.50017
-3.50012
-3.49888
-3.49899
-3.49869
-3.49877
-3.49904
-3.49881
-3.49876
-3.50006
-3.50045
-3.50131
-3.50113
-3.50152
-3.5027
-3.50215
-3.50079
-3.50035
-3.50014
-3.49947
-3.49894
-3.49979
-3.50098
-3.50154
-3.50249
-3.50282
-3.50227
-3.49989
-3.49908
-3.49782
-3.49749
-3.49755
-3.49761
-3.49708
-3.49644
-3.49545
-3.49591
-3.49606
-3.49496
-3.49485
-3.49334
-3.49375
-3.4935
-3.49377
-3.49319
-3.493
-3.49413
-3.49421
-3.49457
-3.4957
-3.49649
-3.497
-3.49708
-3.4959
-3.49626
-3.49579
-3.49511
-3.49487
-3.49527
-3.49628
-3.49653
-3.49688
-3.49741
-3.49779
-3.49895
-3.50025
-3.50177
-3.50149
-3.50122
-3.50133
-3.50216
-3.50165
-3.50216
-3.50275
-3.50323
-3.50156
-3.50113
-3.50019
-3.50047
-3.49913
-3.49795
-3.49857
-3.49918
-3.49947
-3.49958
-3.5004
-3.50179
-3.50206
-3.5024
-3.50328
-3.50321
-3.50179
-3.50116
-3.49971
-3.49925
-3.49942
-3.49954
-3.5
-3.50004
-3.49925
-3.49921
-3.49988
-3.50041
-3.50037
-3.50043
-3.50059
-3.50015
-3.50035
-3.49986
-3.50048
-3.50071
-3.50032
-3.50026
-3.50031
-3.50003
-3.49959
-3.49977
-3.50086
-3.50217
-3.5025
-3.50341
-3.50337
-3.50347
-3.50301
-3.50337
-3.50264
-3.5013
-3.50092
-3.50002
-3.49858
-3.49723
-3.4955
-3.49656
-3.49707
-3.49673
-3.49688
-3.49614
-3.49617
-3.49621
-3.49687
-3.49768
-3.49768
-3.49861
-3.4986
-3.49849
-3.4984
-3.49641
-3.49439
-3.49363
-3.49376
-3.49463
-3.49599
-3.49799
-3.4992
-3.49908
-3.49905
-3.49889
-3.49881
-3.49848
-3.4985
-3.49956
-3.49998
-3.49908
-3.49982
-3.49851
-3.4973
-3.49588
-3.49503
-3.49404
-3.49542
-3.49641
-3.49746
-3.49606
-3.49541
-3.49562
-3.49569
-3.49536
-3.49672
-3.49686
-3.49647
-3.49572
-3.49498
-3.49555
-3.49764
-3.49739
-3.49791
-3.4981
-3.49919
-3.49861
-3.49929
-3.49931
-3.4984
-3.49793
-3.49598
-3.49577
-3.4957
-3.49578
-3.49642
-3.49742
-3.49747
-3.49783
-3.49917
-3.49964
-3.4998
-3.49992
-3.49985
-3.50027
-3.50022
-3.49892
-3.49875
-3.50007
-3.49984
-3.50164
-3.50112
-3.5017
-3.50051
-3.49968
-3.49879
-3.49744
-3.49702
-3.49774
-3.49807
-3.4986
-3.49942
-3.49961
-3.5003
-3.50038
-3.50077
-3.49925
-3.49794
-3.49729
-3.49688
-3.49683
-3.49852
-3.49931
-3.50097
-3.50026
-3.50081
