1.8           1   -0.001468   -0.001468           0
1.8           2   -0.001748   -0.001608 9.89949e-05
1.8           3    -0.00392 -0.00237867 0.000632698
1.8           4   -0.002248   -0.002346 0.000475366
1.8           5    0.002536  -0.0013696 0.000952527
1.8           6   -0.014032    -0.00348  0.00208364
1.8           7   -0.004544   -0.003632  0.00179151
1.8           8    0.009236  -0.0020235  0.00217282
1.8           9    0.003208 -0.00144222  0.00200764
1.8          10   -0.005808  -0.0018788  0.00185374
1.8          11      0.0022   -0.001508  0.00172191
1.8          12    0.007072   -0.000793  0.00172047
1.8          13    -0.00432 -0.00106431  0.00160937
1.8          14    -0.01088 -0.00176543  0.00164004
1.8          15    0.004068 -0.00137653  0.00157614
1.8          16    0.005068 -0.00097375  0.00152823
1.8          17   -0.005076 -0.00121506  0.00145726
1.8          18   -0.008372 -0.00161267  0.00142952
1.8          19     -0.0118 -0.00214884  0.00145135
1.8          20   -0.008852   -0.002484  0.00141696
