1.8           1     1.63781     1.63781           0
1.8           2     1.80718     1.72249   0.0598809
1.8           3     1.73556     1.72685   0.0400786
1.8           4     1.66049     1.71026    0.033316
1.8           5     1.69423     1.70705   0.0268065
1.8           6     1.67795      1.7022   0.0227735
1.8           7     1.75596     1.70988   0.0207745
1.8           8     1.74939     1.71482   0.0187556
1.8           9     1.71219     1.71453   0.0166739
1.8          10     1.69661     1.71274   0.0151024
1.8          11     1.71268     1.71273   0.0137295
1.8          12     1.66868     1.70906   0.0130668
1.8          13     1.66797      1.7059    0.012438
1.8          14     1.69089     1.70483   0.0115957
1.8          15     1.65026     1.70119   0.0113789
1.8          16     1.65214     1.69812    0.011073
1.8          17     1.63024     1.69413   0.0111185
1.8          18     1.73193     1.69623   0.0106973
1.8          19     1.71552     1.69725   0.0101823
1.8          20     1.63132     1.69395   0.0101928
