1.8           1    0.230173    0.230173           0
1.8           2    0.227895    0.229034 0.000805565
1.8           3    0.231168    0.229745 0.000790963
1.8           4    0.231554    0.230197 0.000710825
1.8           5    0.233909     0.23094 0.000874245
1.8           6    0.232075    0.231129 0.000748735
1.8           7    0.224122    0.230128  0.00112723
1.8           8    0.231425     0.23029 0.000997907
1.8           9    0.228331    0.230073 0.000910452
1.8          10    0.232658    0.230331 0.000855326
1.8          11    0.228256    0.230142 0.000798096
1.8          12    0.224138    0.229642 0.000874497
1.8          13    0.226248    0.229381 0.000845307
1.8          14     0.23034     0.22945 0.000787699
1.8          15    0.225199    0.229166 0.000784505
1.8          16    0.230403    0.229243 0.000739273
1.8          17    0.226796    0.229099 0.000709671
1.8          18    0.227822    0.229029 0.000673781
1.8          19    0.230831    0.229123 0.000644963
1.8          20    0.236241    0.229479 0.000704079
