1.8           1   -0.501688   -0.501688           0
1.8           2   -0.507824   -0.504756   0.0021694
1.8           3   -0.507344   -0.505619  0.00160867
1.8           4   -0.506256   -0.505778  0.00121437
1.8           5   -0.504744   -0.505571 0.000988947
1.8           6   -0.503656   -0.505252 0.000874119
1.8           7   -0.503968   -0.505069  0.00076825
1.8           8     -0.5052   -0.505085 0.000672394
1.8           9    -0.50496   -0.505071 0.000597827
1.8          10   -0.502872   -0.504851 0.000577076
1.8          11   -0.505688   -0.504927 0.000529605
1.8          12   -0.504736   -0.504911 0.000485711
1.8          13   -0.503952   -0.504838  0.00045392
1.8          14   -0.506096   -0.504927 0.000430305
1.8          15   -0.502208   -0.504746 0.000438148
1.8          16   -0.502792   -0.504624 0.000427448
1.8          17   -0.504928   -0.504642 0.000402678
1.8          18   -0.505712   -0.504701  0.00038467
1.8          19    -0.50448    -0.50469 0.000364601
1.8          20   -0.503112   -0.504611 0.000354802
