0.000000e+00  0.000000e+00  0.000000e+00
6.463304e-02  0.000000e+00  0.000000e+00
1.292661e-01  0.000000e+00  0.000000e+00
1.938991e-01  0.000000e+00  0.000000e+00
2.585322e-01  0.000000e+00  0.000000e+00
3.231652e-01  0.000000e+00  0.000000e+00
3.877982e-01  0.000000e+00  0.000000e+00
4.524313e-01  0.000000e+00  0.000000e+00
5.170643e-01  0.000000e+00  0.000000e+00
5.816974e-01  0.000000e+00  0.000000e+00
6.463304e-01  0.000000e+00  0.000000e+00
7.109634e-01  0.000000e+00  0.000000e+00
7.755965e-01  0.000000e+00  0.000000e+00
8.402295e-01  4.190777e-04  1.212240e-04
9.048626e-01  1.512840e-01  3.072328e-03
9.694956e-01  1.060333e+00  1.086885e-02
1.034129e+00  2.069373e+00  1.430626e-02
1.098762e+00  2.284231e+00  1.772948e-02
1.163395e+00  2.062195e+00  1.008323e-02
1.228028e+00  1.825647e+00  1.163583e-02
1.292661e+00  1.608310e+00  9.247368e-03
1.357294e+00  1.457507e+00  6.639368e-03
1.421927e+00  1.345382e+00  4.340166e-03
1.486560e+00  1.245963e+00  4.845715e-03
1.551193e+00  1.197418e+00  6.047001e-03
1.615826e+00  1.134780e+00  5.533784e-03
1.680459e+00  1.106638e+00  6.380527e-03
1.745092e+00  1.092156e+00  7.175587e-03
1.809725e+00  1.080238e+00  3.265514e-03
1.874358e+00  1.070911e+00  4.888477e-03
1.938991e+00  1.067869e+00  5.256158e-03
2.003624e+00  1.053049e+00  5.687012e-03
2.068257e+00  1.051726e+00  6.477218e-03
2.132890e+00  1.052379e+00  3.983505e-03
2.197523e+00  1.050327e+00  3.502036e-03
2.262156e+00  1.040338e+00  5.667224e-03
2.326789e+00  1.032096e+00  3.875504e-03
2.391423e+00  1.032643e+00  4.057177e-03
2.456056e+00  1.026504e+00  4.200740e-03
2.520689e+00  1.019327e+00  4.089680e-03
2.585322e+00  1.019172e+00  4.779227e-03
2.649955e+00  1.011440e+00  3.115169e-03
2.714588e+00  1.015736e+00  3.322094e-03
2.779221e+00  1.012342e+00  3.039814e-03
2.843854e+00  1.010214e+00  3.894631e-03
2.908487e+00  1.001852e+00  3.364435e-03
2.973120e+00  1.005115e+00  2.799364e-03
3.037753e+00  1.001872e+00  3.717808e-03
3.102386e+00  9.975659e-01  3.232759e-03
3.167019e+00  9.975623e-01  3.003519e-03
3.231652e+00  9.971019e-01  3.092148e-03
3.296285e+00  9.984970e-01  2.722507e-03
3.360918e+00  9.943466e-01  2.934593e-03
3.425551e+00  9.930094e-01  2.398129e-03
3.490184e+00  9.909786e-01  2.550203e-03
3.554817e+00  9.913753e-01  2.900501e-03
3.619450e+00  9.903984e-01  2.464907e-03
3.684083e+00  9.911309e-01  2.349038e-03
3.748716e+00  9.928616e-01  2.977884e-03
3.813349e+00  9.922768e-01  1.226312e-03
3.877982e+00  9.868695e-01  2.877683e-03
3.942615e+00  9.911451e-01  1.864004e-03
4.007249e+00  9.891501e-01  1.919995e-03
4.071882e+00  9.932122e-01  2.491652e-03
4.136515e+00  9.876515e-01  2.795946e-03
4.201148e+00  9.894526e-01  2.494476e-03
4.265781e+00  9.875968e-01  1.820614e-03
4.330414e+00  9.890048e-01  2.582013e-03
4.395047e+00  9.879956e-01  2.357687e-03
4.459680e+00  9.875114e-01  1.645253e-03
4.524313e+00  9.888816e-01  2.568598e-03
4.588946e+00  9.867255e-01  2.458196e-03
4.653579e+00  9.849861e-01  1.404286e-03
4.718212e+00  9.844484e-01  2.349354e-03
4.782845e+00  9.876930e-01  1.635825e-03
4.847478e+00  9.863540e-01  2.615402e-03
4.912111e+00  9.895370e-01  1.519248e-03
4.976744e+00  9.872595e-01  1.891187e-03
5.041377e+00  9.861880e-01  1.293598e-03
5.106010e+00  9.837609e-01  1.680342e-03
5.170643e+00  9.858018e-01  1.906094e-03
5.235276e+00  9.853270e-01  1.986098e-03
5.299909e+00  9.862229e-01  1.380932e-03
5.364542e+00  9.870001e-01  2.208993e-03
5.429175e+00  9.863577e-01  1.585209e-03
5.493808e+00  9.871505e-01  1.410333e-03
5.558442e+00  9.837436e-01  1.652233e-03
5.623075e+00  9.848260e-01  1.607775e-03
5.687708e+00  9.865744e-01  1.568565e-03
5.752341e+00  9.849426e-01  1.452920e-03
5.816974e+00  9.888273e-01  1.566671e-03
5.881607e+00  9.850808e-01  1.025418e-03
5.946240e+00  9.850852e-01  1.668806e-03
6.010873e+00  9.865334e-01  2.370113e-03
6.075506e+00  9.884091e-01  1.233890e-03
6.140139e+00  9.861471e-01  1.152752e-03
6.204772e+00  9.866274e-01  1.710951e-03
6.269405e+00  9.860125e-01  1.113071e-03
6.334038e+00  9.875211e-01  1.646570e-03
6.398671e+00  9.854414e-01  1.638530e-03
