-0.0318394
-0.0318461
-0.0318573
-0.0318729
-0.0318931
-0.0319177
-0.0319468
-0.0319804
-0.0320187
-0.0320615
-0.0321089
-0.032161
-0.0322177
-0.0322817
-0.0323505
-0.0324385
-0.0325246
-0.0326159
-0.0327268
-0.0328313
-0.0329388
-0.0330661
-0.0332016
-0.0333357
-0.0334734
-0.0336193
-0.0337761
-0.0339368
-0.0341038
-0.0342843
-0.0344572
-0.0346416
-0.0348327
-0.0350381
-0.0352412
-0.0354468
-0.0356694
-0.0358997
-0.0361451
-0.0363868
-0.0366321
-0.0368812
-0.0371509
-0.0374344
-0.0377274
-0.0380134
-0.0382953
-0.0385993
-0.038921
-0.0392466
-0.0395906
-0.0399415
-0.0403022
-0.0406756
-0.0410667
-0.041469
-0.0418902
-0.0423165
-0.0427627
-0.0432319
-0.0437009
-0.044192
-0.0446986
-0.0452285
-0.0457708
-0.0463382
-0.0469317
-0.0475379
-0.0481721
-0.0488332
-0.0495106
-0.0502244
-0.0509783
-0.0517405
-0.0525458
-0.0533791
-0.0542516
-0.0551533
-0.0560885
-0.0570711
-0.0580961
-0.0591727
-0.0602939
-0.0614549
-0.0626796
-0.0639585
-0.0652918
-0.0666793
-0.0681209
-0.0696373
-0.0712085
-0.0728467
-0.0745444
-0.0763136
-0.0781357
-0.0800104
-0.0819284
-0.0838705
-0.0858076
-0.0877086
-0.0895212
-0.0911932
-0.0926572
-0.0938091
-0.0945605
-0.0947966
-0.0944666
-0.0935539
-0.0921685
-0.0905879
-0.0892807
-0.0888357
-0.0898498
-0.0927033
-0.0974212
-0.103657
-0.110828
-0.118295
-0.125512
-0.132128
-0.137923
-0.142785
-0.146677
-0.149549
-0.151333
-0.151972
-0.151413
-0.149655
-0.146805
-0.143168
-0.139209
-0.135539
-0.132763
-0.131348
-0.131518
-0.133316
-0.136702
-0.14165
-0.148115
-0.155914
-0.164659
-0.173773
-0.182612
-0.190583
-0.197325
-0.202651
-0.206643
-0.20954
-0.211659
-0.213324
-0.214722
-0.21591
-0.216764
-0.217091
-0.216723
-0.2156
-0.213836
-0.21168
-0.209511
-0.207664
-0.206412
-0.205843
-0.205925
-0.206559
-0.207655
-0.209183
-0.211191
-0.21375
-0.216985
-0.220959
-0.225686
-0.231135
-0.237239
-0.243904
-0.250986
-0.258344
-0.265811
-0.273196
-0.280352
-0.287078
-0.293222
-0.298644
-0.30325
-0.306959
-0.309747
-0.311585
-0.312513
-0.312534
-0.311707
-0.310056
-0.307631
-0.304434
-0.300439
-0.295631
-0.290018
-0.283766
-0.277281
-0.271116
-0.265743
-0.26129
-0.257322
-0.253129
-0.248249
-0.243168
-0.239465
-0.239207
-0.243622
-0.252184
-0.262956
-0.273748
-0.283122
-0.290562
-0.296197
-0.300468
-0.303835
-0.306699
-0.309313
-0.31185
-0.314428
-0.31711
-0.319949
-0.322964
-0.32612
-0.329374
-0.332605
-0.33567
-0.338391
-0.340598
-0.34209
-0.342751
-0.34242
-0.341033
-0.33856
-0.335054
-0.330699
-0.32578
-0.320727
-0.316015
-0.312117
-0.309437
-0.308177
-0.30834
-0.309734
-0.312013
-0.314768
-0.317591
-0.320143
-0.322172
-0.323582
-0.324391
-0.324768
-0.324906
-0.325045
-0.325352
-0.325934
-0.326764
-0.327724
-0.328638
-0.329255
-0.329338
-0.328666
-0.327031
-0.324286
-0.32033
-0.315131
-0.308821
-0.301658
-0.294058
-0.286588
-0.279811
-0.274208
-0.270083
-0.267533
-0.266524
-0.266879
-0.26838
-0.270802
-0.27402
-0.278039
-0.282938
-0.288758
-0.295371
-0.302394
-0.309298
-0.315559
-0.320734
-0.324535
-0.326779
-0.327369
-0.326318
-0.323737
-0.319994
-0.315735
-0.311866
-0.309394
-0.309047
-0.31101
-0.314841
-0.319689
-0.324661
-0.329086
-0.33261
-0.335118
-0.336673
-0.337439
-0.337594
-0.337269
-0.336605
-0.335679
-0.334529
-0.333164
-0.33156
-0.329732
-0.327711
-0.325575
-0.323481
-0.321596
-0.320048
-0.318851
-0.317845
-0.31671
-0.315033
-0.312397
-0.308554
-0.303423
-0.297264
-0.290687
-0.284563
-0.279844
-0.277289
-0.277258
-0.279562
-0.283627
-0.288721
-0.294148
-0.299364
-0.304031
-0.307969
-0.311106
-0.313469
-0.3151
-0.316059
-0.316383
-0.316086
-0.315146
-0.313529
-0.311212
-0.308211
-0.304662
-0.300826
-0.297164
-0.294195
-0.292438
-0.292206
-0.293506
-0.296001
-0.299144
-0.302366
-0.305191
-0.307317
-0.308598
-0.308977
-0.308507
-0.307223
-0.305228
-0.302559
-0.299265
-0.295398
-0.291028
-0.286298
-0.281443
-0.276791
-0.272754
-0.269752
-0.268014
-0.267621
-0.268314
-0.269699
-0.271353
-0.272964
-0.274388
-0.275647
-0.276896
-0.278343
-0.280171
-0.282407
-0.28501
-0.287782
-0.29047
-0.292832
-0.29465
-0.295834
-0.296355
-0.296315
-0.295905
-0.295339
-0.294889
-0.294782
-0.295208
-0.296229
-0.297804
-0.299808
-0.302061
-0.304383
-0.306617
-0.308649
-0.310395
-0.311804
-0.312871
-0.313618
-0.31405
-0.314226
-0.314227
-0.314098
-0.313938
-0.313812
-0.313792
-0.313896
-0.31407
-0.314238
-0.31425
-0.313946
-0.313164
-0.311783
-0.309717
-0.306982
-0.303664
-0.299891
-0.29589
-0.291918
-0.28831
-0.285443
-0.283688
-0.283419
-0.284875
-0.288083
-0.292842
-0.298732
-0.305241
-0.311833
-0.318084
-0.32371
-0.32861
-0.332799
-0.336368
-0.339409
-0.342062
-0.344395
-0.346454
-0.348269
-0.349861
-0.351193
-0.352227
-0.35294
-0.353259
-0.353122
-0.352472
-0.351279
-0.349511
-0.347203
-0.344461
-0.341442
-0.338374
-0.335542
-0.333132
-0.331272
-0.329995
-0.329242
-0.328947
-0.329084
-0.329703
-0.330968
-0.33304
-0.33603
-0.33993
-0.344544
-0.349545
-0.354555
-0.35919
-0.363187
-0.366386
-0.368729
-0.370245
-0.371024
-0.371167
-0.370807
-0.370078
-0.369071
-0.367907
-0.366686
-0.365489
-0.364381
-0.363424
-0.36263
-0.361994
-0.36145
-0.360932
-0.360269
-0.359323
-0.357887
-0.355829
-0.353023
-0.349438
-0.345104
-0.340161
-0.334828
-0.329342
-0.323956
-0.31886
-0.314134
-0.309768
-0.305658
-0.30169
-0.297778
-0.293914
-0.290182
-0.286863
-0.284383
-0.283337
-0.284436
-0.288241
-0.294922
-0.304128
-0.314977
-0.326429
-0.337517
-0.347554
-0.356187
-0.36329
-0.36892
-0.373185
-0.376239
-0.3782
-0.379148
-0.379165
-0.378264
-0.37642
-0.373608
-0.369751
-0.364817
-0.358827
-0.351929
-0.344458
-0.337006
-0.330397
-0.325502
-0.322991
-0.323131
-0.325574
-0.329634
-0.334449
-0.33931
-0.343721
-0.347454
-0.350463
-0.352839
-0.354688
-0.356167
-0.357413
-0.358534
-0.359607
-0.36069
-0.361786
-0.362893
-0.363977
-0.364995
-0.365878
-0.366562
-0.366987
-0.367113
-0.36691
-0.366414
-0.365701
-0.364841
-0.363921
-0.362997
-0.362023
-0.360823
-0.359122
-0.356563
-0.35284
-0.347829
-0.341741
-0.335246
-0.329501
-0.325879
-0.325489
-0.328783
-0.335334
-0.344079
-0.353787
-0.363367
-0.372039
-0.379296
-0.384874
-0.388656
-0.390633
-0.390871
-0.38944
-0.386427
-0.381923
-0.376035
-0.368905
-0.360755
-0.351932
-0.342957
-0.334467
-0.327192
-0.321909
-0.319236
-0.319507
-0.322639
-0.328114
-0.335015
-0.342285
-0.34896
-0.354416
-0.358426
-0.361225
-0.363306
-0.365194
-0.367279
-0.369633
-0.372129
-0.374469
-0.376427
-0.377822
-0.378571
-0.378686
-0.378166
-0.377081
-0.37553
-0.37367
-0.371686
-0.369819
-0.368319
-0.367428
-0.367301
-0.368027
-0.369563
-0.371768
-0.374468
-0.37742
-0.380393
-0.383159
-0.385482
-0.387164
-0.387977
-0.38774
-0.386298
-0.383568
-0.379571
-0.374501
-0.368713
-0.362753
-0.357191
-0.352506
-0.34891
-0.346321
-0.344421
-0.342818
-0.341179
-0.339377
-0.337402
-0.3354
-0.333573
-0.332118
-0.331151
-0.330661
-0.330496
-0.330422
-0.330166
-0.329504
-0.32827
-0.326454
-0.32413
-0.321457
-0.318631
-0.31586
-0.313308
-0.31113
-0.309395
-0.308132
-0.307336
-0.30696
-0.306957
-0.30727
-0.307847
-0.30866
-0.309686
-0.31089
-0.312241
-0.313687
-0.315166
-0.316613
-0.317938
-0.319088
-0.320004
-0.320666
-0.321056
-0.321205
-0.321107
-0.32082
-0.320358
-0.31977
-0.319082
-0.318305
-0.317489
-0.31662
-0.315696
-0.314717
-0.313666
-0.312504
-0.311171
-0.30959
-0.30768
-0.305318
-0.302346
-0.298621
-0.294007
-0.288444
-0.281993
-0.274969
-0.267988
-0.261943
-0.257837
-0.25644
-0.25798
-0.262051
-0.267817
-0.274327
-0.280846
-0.286882
-0.292209
-0.296787
-0.300641
-0.303869
-0.306553
-0.308785
-0.310613
-0.312094
-0.313265
-0.314151
-0.314777
-0.31516
-0.315295
-0.315203
-0.314886
-0.314381
-0.31369
-0.312836
-0.31186
-0.310828
-0.309832
-0.309002
-0.308477
-0.308414
-0.308943
-0.310141
-0.312016
-0.314491
-0.317372
-0.320447
-0.323496
-0.32629
-0.328673
-0.330497
-0.331681
-0.33219
-0.331989
-0.331078
-0.329537
-0.327407
-0.324781
-0.321809
-0.318625
-0.315413
-0.312353
-0.309674
-0.307611
-0.306358
-0.306101
-0.306947
-0.308872
-0.311763
-0.315403
-0.319519
-0.323803
-0.327971
-0.331771
-0.335002
-0.337507
-0.339198
-0.340033
-0.340002
-0.339184
-0.337691
-0.335683
-0.333379
-0.331026
-0.328907
-0.327282
-0.326345
-0.326217
-0.326901
-0.328289
-0.330218
-0.332514
-0.335002
-0.33755
-0.340043
-0.342417
-0.344595
-0.346544
-0.348246
-0.349687
-0.35084
-0.351727
-0.352354
-0.352737
-0.352866
-0.352751
-0.352393
-0.351801
-0.351
-0.350005
-0.348896
-0.347736
-0.346638
-0.345705
-0.345039
-0.344694
-0.344661
-0.344827
-0.344998
-0.34489
-0.344141
-0.342348
-0.339192
-0.334454
-0.328155
-0.320719
-0.313022
-0.306293
-0.301801
-0.300338
-0.301942
-0.305957
-0.311381
-0.317356
-0.323295
-0.328972
-0.3343
-0.33926
-0.343766
-0.347682
-0.350848
-0.353199
-0.354773
-0.355736
-0.356357
-0.356948
-0.357781
-0.359033
-0.360724
-0.362735
-0.36487
-0.366899
-0.3686
-0.369843
-0.370526
-0.370641
-0.370213
-0.369286
-0.367945
-0.36625
-0.364273
-0.36207
-0.359687
-0.357131
-0.354391
-0.351469
-0.34837
-0.345178
-0.342062
-0.339278
-0.33717
-0.336091
-0.336252
-0.337638
-0.339944
-0.342607
-0.344941
-0.346308
-0.346222
-0.344427
-0.340983
-0.336297
-0.331031
-0.326047
-0.322224
-0.3203
-0.320674
-0.323404
-0.328201
-0.334525
-0.341718
-0.349132
-0.35618
-0.362441
-0.367669
-0.371737
-0.374693
-0.376626
-0.377708
-0.378111
-0.378038
-0.377678
-0.377195
-0.376717
-0.37636
-0.376186
-0.376209
-0.37642
-0.376792
-0.377273
-0.377805
-0.378348
-0.37885
-0.37929
-0.379649
-0.379916
-0.380061
-0.380077
-0.37997
-0.379707
-0.379273
-0.37865
-0.377768
-0.376592
-0.375056
-0.373092
-0.370636
-0.367661
-0.364154
-0.360167
-0.355831
-0.351404
-0.347206
-0.343681
-0.341258
-0.340296
-0.340999
-0.343334
-0.347055
-0.351759
-0.357013
-0.362384
-0.367529
-0.372217
-0.376282
-0.379644
-0.382267
-0.38414
-0.385271
-0.385696
-0.38547
-0.384678
-0.383486
-0.382059
-0.380612
-0.379371
-0.378515
-0.378174
-0.378394
-0.379185
-0.380497
-0.382246
-0.384348
-0.38673
-0.389337
-0.392106
-0.394988
-0.397946
-0.400926
-0.403873
-0.406723
-0.40942
-0.411917
-0.414139
-0.416063
-0.417655
-0.418902
-0.41982
-0.42042
-0.420733
-0.420788
-0.420645
-0.420331
-0.419859
-0.419205
-0.418354
-0.41721
-0.415675
-0.413666
-0.411064
-0.407846
-0.404035
-0.399751
-0.395247
-0.390849
-0.386965
-0.383994
-0.382232
-0.38182
-0.382659
-0.384482
-0.386871
-0.389383
-0.391639
-0.393366
-0.394441
-0.394915
-0.39497
-0.394871
-0.394955
-0.395508
-0.396773
-0.398835
-0.401632
-0.404961
-0.408543
-0.412076
-0.41531
-0.418027
-0.420118
-0.421476
-0.422102
-0.42198
-0.421146
-0.41969
-0.417687
-0.415246
-0.412532
-0.409705
-0.406944
-0.404337
-0.401926
-0.399691
-0.397517
-0.395232
-0.392646
-0.389585
-0.385909
-0.381556
-0.376553
-0.371004
-0.365135
-0.359288
-0.353863
-0.34933
-0.346091
-0.344442
-0.344483
-0.346118
-0.349074
-0.353001
-0.357514
-0.362265
-0.367008
-0.371576
-0.375866
-0.379825
-0.383442
-0.386712
-0.389626
-0.392185
-0.394382
-0.396247
-0.397769
-0.39898
-0.399891
-0.400543
-0.400932
-0.401083
-0.400984
-0.400623
-0.399969
-0.398954
-0.397537
-0.395657
-0.393249
-0.390277
-0.386719
-0.382592
-0.377941
-0.372869
-0.367493
-0.361999
-0.35661
-0.351561
-0.347103
-0.343443
-0.340722
-0.338988
-0.338227
-0.338364
-0.339312
-0.341033
-0.343561
-0.346957
-0.351255
-0.356411
-0.362235
-0.368408
-0.37452
-0.380176
-0.385025
-0.388803
-0.391331
-0.392544
-0.392408
-0.390915
-0.388113
-0.384039
-0.378763
-0.372403
-0.365164
-0.357299
-0.349201
-0.341362
-0.334309
-0.3286
-0.324698
-0.322939
-0.323434
-0.32606
-0.33046
-0.336114
-0.342435
-0.348867
-0.354926
-0.36031
-0.364796
-0.368309
-0.370817
-0.372366
-0.37301
-0.372829
-0.371914
-0.370351
-0.368247
-0.365714
-0.362855
-0.359813
-0.356714
-0.353668
-0.350806
-0.348242
-0.346077
-0.344373
-0.343172
-0.342494
-0.342302
-0.342536
-0.343136
-0.343973
-0.34492
-0.345802
-0.346461
-0.346713
-0.346418
-0.345448
-0.343734
-0.341258
-0.33809
-0.334365
-0.330286
-0.326052
-0.321954
-0.318175
-0.314856
-0.312086
-0.30991
-0.308393
-0.307629
-0.307713
-0.308693
-0.310469
-0.3128
-0.315246
-0.317342
-0.318684
-0.319043
-0.318475
-0.317347
-0.316254
-0.315915
-0.316854
-0.319289
-0.322965
-0.327315
-0.331676
-0.33546
-0.338293
-0.34
-0.340567
-0.340069
-0.33868
-0.336584
-0.334011
-0.331204
-0.328398
-0.325869
-0.323792
-0.322333
-0.321562
-0.321463
-0.321919
-0.32273
-0.323646
-0.324402
-0.324676
-0.324226
-0.322852
-0.320507
-0.317309
-0.313581
-0.309916
-0.307044
-0.305628
-0.305985
-0.308013
-0.311189
-0.314806
-0.31826
-0.321127
-0.323224
-0.324592
-0.325361
-0.32571
-0.325854
-0.325973
-0.326235
-0.326771
-0.327656
-0.328935
-0.330616
-0.332638
-0.334936
-0.337428
-0.340021
-0.342612
-0.345105
-0.347405
-0.349415
-0.35103
-0.35216
-0.352694
-0.352509
-0.351477
-0.349443
-0.346274
-0.341785
-0.335844
-0.328341
-0.319269
-0.308749
-0.297153
-0.285113
-0.273549
-0.263621
-0.256661
-0.253902
-0.256203
-0.263659
-0.275458
-0.290092
-0.305801
-0.321001
-0.334595
-0.345971
-0.354881
-0.361338
-0.365509
-0.367597
-0.367788
-0.366294
-0.363272
-0.35892
-0.353539
-0.347517
-0.341466
-0.336115
-0.332158
-0.330088
-0.33001
-0.331615
-0.334315
-0.337436
-0.340419
-0.342889
-0.34467
-0.345689
-0.345999
-0.345673
-0.344822
-0.343559
-0.341993
-0.340245
-0.338407
-0.336519
-0.334607
-0.332609
-0.330426
-0.327938
-0.325058
-0.321757
-0.318123
-0.314372
-0.310876
-0.308059
-0.306301
-0.305885
-0.306892
-0.309178
-0.312461
-0.31638
-0.320552
-0.324637
-0.328383
-0.331616
-0.334259
-0.336289
-0.337775
-0.338784
-0.33943
-0.33978
-0.339879
-0.339703
-0.339229
-0.338391
-0.337179
-0.335602
-0.333698
-0.331562
-0.32933
-0.327157
-0.325177
-0.323528
-0.322307
-0.321562
-0.32131
-0.321504
-0.32208
-0.322923
-0.323877
-0.324808
-0.325587
-0.326113
-0.326342
-0.3263
-0.326033
-0.325639
-0.325224
-0.3249
-0.32477
-0.324915
-0.325349
-0.326073
-0.32704
-0.328177
-0.329397
-0.330564
-0.331623
-0.332524
-0.333224
-0.333736
-0.334081
-0.334337
-0.334551
-0.334773
-0.335024
-0.335277
-0.335476
-0.335589
-0.335555
-0.33541
-0.335218
-0.335128
-0.335338
-0.33606
-0.337448
-0.339572
-0.342349
-0.345597
-0.349023
-0.352297
-0.355068
-0.35701
-0.357816
-0.357163
-0.354828
-0.350638
-0.344694
-0.337485
-0.330048
-0.323876
-0.320472
-0.32077
-0.324698
-0.331181
-0.338678
-0.345702
-0.351278
-0.355094
-0.357506
-0.359217
-0.360961
-0.36302
-0.365055
-0.366317
-0.366016
-0.36376
-0.359813
-0.355182
-0.351394
-0.350016
-0.352017
-0.357345
-0.365038
-0.373646
-0.381859
-0.388769
-0.393935
-0.397218
-0.398713
-0.398548
-0.39689
-0.393913
-0.389871
-0.38508
-0.380006
-0.375241
-0.371344
-0.368681
-0.367326
-0.366981
-0.367152
-0.367238
-0.366747
-0.365378
-0.363107
-0.360077
-0.35665
-0.353278
-0.350394
-0.348261
-0.347
-0.346517
-0.346684
-0.347459
-0.348937
-0.351226
-0.354346
-0.358168
-0.362325
-0.366384
-0.369924
-0.372665
-0.374486
-0.375415
-0.375558
-0.375096
-0.374199
-0.373044
-0.371784
-0.370517
-0.369327
-0.368255
-0.367307
-0.366483
-0.365753
-0.365104
-0.36449
-0.363901
-0.363305
-0.362671
-0.361972
-0.361201
-0.360313
-0.359253
-0.357978
-0.356427
-0.354553
-0.35232
-0.349753
-0.346955
-0.344137
-0.341617
-0.339783
-0.338977
-0.339433
-0.341163
-0.343973
-0.347506
-0.351345
-0.355127
-0.358605
-0.361623
-0.364122
-0.366129
-0.36769
-0.368884
-0.369808
-0.370538
-0.371156
-0.371701
-0.372215
-0.372711
-0.373182
-0.373589
-0.373851
-0.373909
-0.373668
-0.373056
-0.372014
-0.370475
-0.368466
-0.366006
-0.363105
-0.359841
-0.356276
-0.352494
-0.348688
-0.345021
-0.341739
-0.339006
-0.336854
-0.335251
-0.334165
-0.333735
-0.334273
-0.336176
-0.339793
-0.345164
-0.351976
-0.359622
-0.367408
-0.374689
-0.381028
-0.386209
-0.390163
-0.392996
-0.39488
-0.396014
-0.396614
-0.396881
-0.397
-0.397121
-0.397347
-0.397742
-0.398331
-0.399088
-0.39997
-0.400916
-0.401865
-0.402756
-0.403524
-0.404142
-0.404562
-0.404797
-0.404826
-0.404661
-0.404309
-0.403761
-0.403009
-0.402025
-0.400767
-0.399175
-0.397166
-0.394678
-0.39167
-0.388167
-0.384283
-0.380208
-0.376239
-0.372724
-0.370051
-0.368557
-0.368489
-0.369942
-0.372847
-0.377017
-0.382161
-0.387969
-0.394182
-0.400532
-0.406793
-0.412754
-0.418181
-0.422883
-0.426679
-0.429434
-0.431088
-0.431638
-0.431155
-0.429804
-0.427777
-0.425308
-0.422638
-0.420022
-0.417656
-0.415713
-0.414327
-0.413637
-0.41386
-0.415188
-0.417757
-0.421581
-0.426498
-0.432092
-0.437851
-0.443199
-0.447669
-0.45092
-0.452768
-0.453169
-0.452202
-0.450045
-0.446947
-0.443204
-0.439152
-0.435129
-0.431524
-0.428746
-0.427187
-0.427224
-0.429061
-0.432726
-0.437941
-0.444204
-0.450861
-0.457268
-0.462909
-0.467446
-0.470727
-0.472794
-0.473787
-0.473841
-0.473086
-0.471536
-0.469117
-0.465717
-0.461272
-0.455848
-0.449661
-0.443119
-0.436593
-0.430329
-0.424118
-0.417382
-0.409362
-0.399685
-0.388954
-0.379113
-0.372833
-0.372169
-0.377418
-0.38726
-0.399755
-0.413182
-0.426179
-0.437638
-0.446776
-0.453121
-0.456648
-0.457729
-0.457227
-0.456453
-0.456907
-0.459697
-0.464934
-0.471547
-0.477709
-0.481458
-0.481156
-0.475749
-0.464907
-0.449483
-0.432047
-0.416712
-0.407536
-0.406086
-0.410539
-0.417414
-0.42384
-0.428504
-0.431311
-0.432681
-0.433154
-0.433219
-0.433309
-0.43383
-0.435046
-0.436993
-0.439418
-0.441857
-0.443718
-0.444518
-0.443948
-0.441956
-0.438758
-0.434729
-0.430363
-0.426125
-0.422363
-0.419221
-0.416674
-0.414654
-0.413058
-0.411836
-0.410962
-0.410398
-0.410122
-0.410046
-0.410012
-0.409879
-0.409515
-0.408831
-0.407824
-0.406562
-0.405203
-0.403951
-0.403062
-0.402778
-0.403309
-0.404759
-0.40708
-0.410082
-0.413443
-0.416788
-0.419725
-0.421877
-0.422986
-0.422838
-0.421341
-0.418474
-0.414325
-0.409068
-0.403002
-0.396535
-0.390124
-0.384269
-0.37939
-0.375762
-0.373464
-0.372371
-0.372214
-0.372697
-0.373563
-0.374693
-0.376034
-0.377642
-0.37954
-0.381782
-0.384304
-0.386988
-0.389705
-0.392295
-0.394604
-0.396553
-0.398041
-0.399064
-0.399636
-0.399802
-0.399623
-0.399186
-0.398562
-0.397835
-0.397073
-0.39634
-0.395664
-0.395062
-0.394535
-0.39404
-0.393557
-0.393055
-0.392515
-0.39192
-0.391249
-0.390508
-0.389723
-0.388913
-0.388131
-0.387383
-0.386682
-0.386027
-0.385386
-0.384715
-0.383988
-0.383142
-0.382159
-0.381075
-0.379958
-0.378889
-0.37801
-0.377419
-0.377207
-0.377414
-0.377999
-0.378918
-0.380125
-0.381554
-0.383185
-0.385002
-0.387037
-0.389281
-0.391758
-0.394436
-0.397279
-0.400194
-0.403093
-0.405829
-0.408256
-0.410239
-0.411626
-0.412265
-0.41202
-0.41079
-0.408528
-0.405235
-0.401057
-0.396292
-0.391403
-0.386972
-0.383551
-0.381486
-0.380766
-0.381096
-0.38199
-0.382986
-0.383782
-0.384285
-0.384575
-0.384842
-0.385291
-0.386082
-0.387261
-0.3888
-0.39061
-0.392526
-0.394409
-0.396101
-0.397502
-0.398527
-0.399161
-0.399409
-0.399302
-0.39892
-0.398337
-0.39768
-0.397073
-0.396641
-0.396454
-0.396534
-0.396813
-0.397164
-0.397365
-0.397248
-0.396707
-0.395795
-0.394727
-0.393874
-0.393595
-0.394149
-0.395568
-0.397662
-0.400058
-0.402383
-0.404326
-0.405722
-0.406578
-0.407016
-0.407217
-0.407316
-0.407412
-0.407448
-0.407232
-0.406415
-0.404606
-0.401441
-0.396828
-0.391101
-0.385231
-0.380677
-0.378846
-0.380406
-0.384886
-0.390951
-0.397065
-0.402101
-0.4055
-0.407177
-0.407341
-0.406313
-0.404444
-0.402029
-0.399331
-0.396563
-0.393914
-0.391523
-0.389481
-0.387905
-0.386866
-0.386431
-0.38664
-0.387521
-0.389082
-0.391273
-0.394048
-0.397285
-0.400855
-0.404616
-0.408431
-0.412139
-0.415619
-0.418767
-0.421493
-0.423697
-0.425292
-0.426207
-0.426323
-0.425504
-0.423581
-0.420386
-0.415812
-0.409944
-0.403156
-0.396237
-0.390257
-0.386164
-0.384359
-0.38439
-0.385249
-0.38587
-0.385643
-0.384531
-0.382924
-0.381395
-0.3804
-0.380196
-0.380852
-0.382427
-0.385028
-0.38883
-0.393869
-0.399934
-0.406488
-0.412781
-0.418011
-0.421526
-0.422884
-0.421973
-0.419014
-0.414602
-0.409659
-0.405316
-0.402583
-0.401937
-0.40326
-0.405921
-0.409079
-0.411979
-0.414098
-0.415117
-0.414911
-0.413516
-0.411139
-0.408181
-0.405181
-0.402794
-0.401542
-0.401668
-0.403103
-0.405467
-0.408292
-0.411144
-0.413701
-0.415786
-0.417323
-0.418293
-0.418715
-0.418623
-0.418062
-0.417094
-0.415787
-0.41423
-0.412511
-0.410704
-0.408888
-0.407133
-0.405466
-0.403926
-0.402535
-0.401316
-0.400272
-0.399384
-0.398635
-0.397981
-0.397376
-0.396758
-0.396103
-0.395375
-0.394564
-0.393669
-0.392674
-0.391587
-0.390406
-0.389182
-0.387957
-0.386809
-0.385869
-0.385249
-0.385074
-0.385391
-0.386211
-0.387408
-0.388819
-0.390213
-0.391385
-0.392135
-0.392345
-0.391939
-0.390921
-0.389324
-0.387233
-0.384771
-0.382082
-0.379348
-0.376778
-0.374554
-0.372842
-0.371744
-0.371332
-0.371572
-0.372398
-0.373703
-0.375376
-0.377296
-0.379366
-0.381511
-0.383683
-0.385851
-0.387991
-0.390101
-0.392164
-0.394157
-0.396066
-0.397874
-0.399513
-0.400928
-0.402028
-0.402683
-0.402744
-0.401994
-0.400183
-0.397019
-0.392183
-0.38539
-0.376575
-0.366071
-0.354879
-0.344763
-0.337982
-0.336373
-0.3404
-0.348919
-0.359809
-0.370905
-0.380672
-0.388302
-0.393565
-0.396643
-0.397944
-0.398069
-0.397635
-0.397171
-0.397013
-0.397235
-0.397623
-0.397838
-0.397534
-0.3964
-0.394259
-0.39115
-0.387286
-0.383048
-0.378993
-0.375717
-0.373689
-0.373154
-0.374023
-0.375967
-0.378514
-0.381271
-0.383901
-0.386246
-0.388219
-0.389852
-0.391214
-0.392393
-0.393505
-0.394606
-0.395746
-0.396919
-0.398059
-0.399082
-0.399864
-0.400255
-0.4001
-0.399252
-0.39758
-0.395005
-0.391571
-0.387468
-0.383071
-0.378877
-0.375523
-0.373547
-0.373198
-0.374346
-0.376471
-0.37882
-0.380566
-0.380987
-0.379498
-0.375811
-0.369903
-0.362179
-0.353521
-0.34525
-0.338821
-0.335383
-0.335261
-0.337933
-0.342331
-0.347324
-0.3521
-0.356207
-0.359495
-0.361991
-0.363799
-0.36502
-0.365752
-0.366034
-0.365895
-0.365302
-0.364188
-0.362408
-0.359759
-0.356011
-0.350899
-0.344229
-0.335993
-0.326683
-0.317401
-0.309863
-0.305823
-0.306207
-0.310613
-0.317519
-0.325125
-0.332031
-0.337522
-0.341443
-0.34394
-0.345308
-0.345822
-0.345724
-0.34523
-0.34448
-0.343568
-0.34258
-0.341555
-0.340556
-0.339604
-0.338725
-0.337934
-0.337244
-0.336663
-0.336196
-0.33584
-0.335583
-0.335401
-0.335233
-0.335067
-0.334849
-0.334514
-0.334022
-0.333343
-0.332438
-0.331337
-0.330083
-0.328756
-0.327477
-0.326402
-0.325659
-0.325362
-0.325573
-0.326292
-0.327441
-0.328919
-0.330597
-0.332352
-0.334102
-0.335772
-0.337345
-0.338796
-0.340129
-0.341344
-0.34247
-0.343505
-0.344436
-0.345236
-0.345875
-0.346323
-0.346506
-0.34637
-0.345846
-0.344867
-0.343401
-0.341441
-0.339075
-0.33645
-0.333818
-0.331463
-0.329712
-0.3288
-0.32883
-0.329748
-0.331356
-0.333379
-0.335546
-0.337653
-0.339575
-0.341253
-0.342682
-0.343916
-0.344995
-0.345965
-0.346841
-0.34762
-0.34833
-0.348911
-0.349324
-0.349509
-0.349408
-0.348977
-0.348168
-0.346964
-0.345385
-0.343551
-0.341621
-0.339876
-0.338578
-0.337993
-0.338305
-0.339514
-0.341449
-0.343803
-0.346224
-0.348396
-0.350075
-0.351157
-0.351629
-0.351572
-0.351163
-0.3506
-0.350105
-0.349886
-0.350092
-0.350837
-0.352173
-0.354113
-0.356594
-0.359512
-0.362698
-0.365998
-0.369251
-0.37234
-0.375137
-0.377592
-0.379669
-0.381381
-0.382751
-0.383836
-0.38468
-0.385323
-0.385807
-0.386185
-0.386455
-0.386652
-0.386768
-0.386805
-0.386727
-0.386521
-0.386168
-0.385651
-0.384936
-0.384006
-0.38285
-0.381473
-0.379882
-0.37811
-0.376219
-0.374287
-0.372461
-0.370905
-0.369805
-0.369342
-0.369685
-0.370936
-0.373124
-0.376194
-0.380035
-0.384465
-0.389263
-0.394189
-0.399044
-0.40362
-0.407781
-0.411415
-0.414459
-0.416918
-0.418768
-0.420049
-0.420789
-0.421043
-0.420854
-0.420271
-0.419362
-0.418199
-0.416836
-0.415378
-0.413937
-0.412607
-0.411531
-0.41081
-0.410561
-0.410835
-0.411674
-0.413058
-0.414916
-0.417115
-0.419528
-0.421967
-0.424298
-0.426361
-0.428047
-0.429285
-0.430016
-0.430197
-0.429802
-0.428751
-0.426962
-0.424287
-0.420555
-0.415636
-0.409466
-0.40216
-0.394112
-0.385984
-0.378609
-0.372864
-0.369414
-0.368631
-0.370561
-0.375083
-0.382002
-0.390929
-0.401243
-0.412068
-0.42233
-0.431018
-0.437379
-0.441029
-0.442023
-0.440822
-0.438255
-0.435338
-0.433016
-0.43182
-0.431722
-0.432224
-0.432618
-0.432328
-0.43103
-0.428722
-0.425591
-0.422051
-0.418567
-0.415693
-0.413911
-0.413628
-0.415023
-0.41803
-0.422354
-0.427551
-0.433127
-0.438643
-0.443726
-0.448098
-0.451568
-0.454005
-0.455312
-0.455431
-0.454284
-0.451836
-0.448042
-0.442996
-0.436942
-0.430316
-0.423831
-0.41829
-0.41441
-0.412509
-0.412427
-0.413578
-0.415237
-0.416774
-0.417845
-0.418345
-0.418363
-0.41807
-0.417686
-0.41736
-0.417213
-0.4173
-0.417639
-0.418211
-0.418964
-0.419773
-0.420526
-0.421103
-0.421485
-0.421777
-0.422177
-0.422945
-0.42427
-0.426104
-0.428097
-0.429675
-0.43011
-0.428679
-0.424729
-0.417804
-0.407799
-0.395258
-0.381875
-0.370657
-0.365215
-0.367831
-0.377714
-0.391414
-0.404969
-0.415762
-0.422744
-0.425976
-0.426007
-0.423534
-0.419183
-0.413509
-0.40698
-0.400126
-0.393582
-0.388172
-0.384763
-0.384005
-0.386062
-0.390494
-0.396459
-0.403011
-0.409357
-0.414968
-0.419584
-0.423087
-0.425502
-0.426869
-0.427277
-0.426851
-0.425713
-0.42397
-0.421759
-0.419241
-0.416544
-0.413841
-0.411287
-0.409032
-0.407195
-0.405834
-0.404998
-0.40463
-0.404653
-0.404926
-0.405302
-0.405614
-0.405747
-0.405614
-0.405174
-0.404449
-0.403497
-0.402465
-0.401484
-0.400671
-0.400103
-0.399771
-0.399539
-0.399165
-0.398323
-0.396598
-0.393583
-0.388916
-0.382401
-0.374145
-0.364707
-0.355203
-0.347208
-0.342354
-0.341783
-0.345655
-0.353098
-0.362604
-0.372565
-0.381758
-0.389439
-0.395331
-0.399434
-0.401887
-0.40292
-0.402745
-0.401589
-0.399709
-0.397413
-0.395052
-0.393054
-0.391836
-0.391709
-0.39283
-0.395146
-0.398395
-0.402232
-0.406284
-0.41024
-0.413857
-0.417007
-0.419607
-0.421615
-0.422977
-0.423658
-0.423567
-0.422636
-0.420721
-0.417725
-0.413594
-0.408393
-0.402383
-0.396122
-0.3905
-0.386562
-0.385203
-0.386848
-0.391225
-0.397508
-0.404628
-0.411603
-0.417661
-0.422277
-0.425174
-0.426239
-0.425595
-0.423599
-0.420857
-0.418089
-0.415923
-0.414632
-0.413982
-0.413295
-0.411619
-0.408117
-0.402436
-0.395063
-0.387377
-0.381436
-0.379223
-0.381793
-0.388859
-0.398964
-0.410248
-0.421119
-0.430596
-0.438257
-0.444108
-0.448391
-0.451463
-0.453703
-0.455446
-0.456971
-0.45847
-0.460041
-0.461696
-0.463399
-0.465054
-0.466587
-0.467904
-0.468905
-0.469536
-0.46975
-0.469502
-0.468764
-0.467506
-0.465688
-0.463286
-0.460279
-0.456676
-0.452479
-0.447795
-0.44275
-0.437523
-0.432319
-0.427278
-0.422444
-0.417709
-0.412807
-0.407417
-0.401329
-0.394693
-0.388195
-0.383028
-0.380443
-0.381148
-0.384941
-0.390871
-0.397812
-0.404935
-0.411796
-0.418255
-0.424259
-0.429727
-0.43454
-0.438564
-0.441699
-0.443904
-0.445184
-0.445625
-0.445356
-0.444508
-0.443245
-0.441747
-0.440162
-0.438647
-0.437335
-0.436306
-0.435611
-0.435235
-0.435121
-0.435191
-0.435345
-0.43545
-0.435415
-0.435168
-0.434638
-0.433821
-0.432716
-0.431335
-0.429669
-0.427718
-0.425488
-0.423126
-0.420917
-0.419346
-0.418939
-0.420084
-0.422768
-0.426564
-0.430763
-0.434632
-0.437694
-0.439777
-0.441018
-0.441753
-0.442322
-0.442996
-0.443842
-0.444795
-0.445653
-0.446175
-0.446154
-0.445455
-0.444011
-0.44179
-0.438847
-0.43522
-0.430918
-0.425963
-0.42032
-0.413947
-0.40681
-0.398913
-0.390405
-0.381609
-0.373079
-0.365579
-0.359966
-0.357004
-0.357167
-0.360471
-0.366403
-0.374097
-0.38253
-0.390817
-0.398315
-0.404678
-0.409763
-0.413611
-0.416314
-0.418021
-0.418871
-0.419004
-0.418509
-0.417476
-0.415952
-0.413958
-0.411528
-0.408631
-0.405254
-0.401389
-0.397059
-0.392342
-0.387439
-0.382649
-0.378374
-0.375056
-0.373067
-0.372575
-0.373506
-0.375578
-0.37838
-0.381462
-0.384502
-0.387263
-0.389627
-0.391569
-0.393103
-0.394287
-0.395178
-0.395822
-0.396277
-0.396565
-0.396714
-0.396726
-0.396615
-0.396376
-0.395997
-0.395459
-0.394738
-0.39383
-0.392718
-0.391422
-0.389939
-0.388322
-0.386659
-0.385036
-0.383624
-0.382577
-0.382073
-0.382251
-0.383228
-0.385033
-0.387611
-0.390829
-0.394504
-0.398433
-0.402401
-0.406226
-0.40974
-0.412798
-0.415314
-0.417191
-0.418372
-0.418835
-0.418568
-0.417635
-0.416153
-0.414268
-0.41214
-0.409883
-0.407525
-0.404935
-0.40179
-0.397619
-0.391925
-0.384441
-0.375566
-0.366789
-0.360552
-0.359244
-0.363593
-0.372016
-0.381586
-0.38964
-0.394718
-0.396521
-0.39558
-0.392875
-0.3896
-0.386962
-0.386001
-0.387368
-0.391251
-0.397334
-0.405024
-0.41361
-0.422494
-0.431233
-0.439531
-0.447104
-0.453667
-0.458982
-0.462795
-0.464949
-0.465386
-0.464125
-0.461254
-0.456923
-0.451281
-0.444547
-0.437074
-0.429374
-0.422164
-0.416316
-0.412624
-0.411607
-0.413369
-0.417649
-0.423889
-0.431483
-0.439791
-0.448242
-0.456313
-0.463572
-0.469707
-0.474497
-0.477833
-0.479717
-0.480273
-0.479773
-0.478536
-0.476944
-0.475302
-0.473816
-0.47252
-0.471297
-0.469978
-0.468365
-0.466311
-0.463758
-0.460711
-0.457237
-0.453456
-0.449514
-0.445615
-0.44199
-0.438881
-0.436508
-0.435013
-0.434438
-0.434715
-0.435658
-0.436965
-0.438339
-0.43946
-0.440088
-0.440054
-0.439319
-0.437933
-0.436057
-0.433867
-0.431533
-0.429172
-0.426865
-0.424587
-0.422297
-0.419982
-0.417644
-0.415367
-0.413288
-0.411542
-0.41025
-0.409512
-0.409344
-0.409716
-0.410577
-0.411854
-0.41347
-0.41535
-0.417418
-0.419595
-0.421794
-0.42391
-0.425811
-0.427345
-0.428366
-0.428714
-0.428296
-0.4271
-0.425238
-0.422965
-0.420693
-0.418876
-0.417935
-0.418098
-0.419288
-0.421255
-0.423565
-0.425795
-0.427565
-0.428618
-0.428788
-0.428059
-0.426475
-0.42423
-0.42154
-0.418647
-0.415731
-0.412832
-0.409917
-0.4069
-0.403806
-0.400843
-0.398342
-0.39663
-0.39588
-0.39597
-0.396556
-0.397274
-0.397837
-0.398173
-0.39842
-0.398779
-0.399487
-0.400655
-0.402313
-0.404341
-0.406548
-0.408739
-0.410751
-0.412487
-0.413899
-0.414997
-0.415785
-0.416294
-0.416518
-0.41643
-0.415977
-0.415055
-0.413591
-0.411513
-0.408773
-0.405346
-0.4013
-0.396809
-0.392101
-0.387498
-0.383343
-0.379922
-0.377454
-0.376016
-0.375558
-0.375956
-0.377064
-0.37876
-0.380971
-0.383643
-0.386713
-0.39013
-0.393799
-0.397601
-0.401429
-0.405154
-0.408677
-0.411913
-0.414799
-0.417313
-0.419424
-0.421135
-0.422437
-0.423337
-0.423828
-0.423892
-0.423519
-0.422675
-0.42133
-0.419453
-0.417033
-0.414037
-0.410499
-0.406471
-0.402004
-0.397211
-0.392226
-0.387243
-0.382468
-0.37813
-0.374467
-0.371727
-0.370109
-0.369717
-0.370527
-0.372393
-0.37509
-0.378274
-0.381626
-0.384837
-0.387686
-0.390039
-0.391846
-0.393169
-0.3941
-0.394793
-0.395413
-0.396115
-0.397022
-0.398198
-0.399696
-0.401498
-0.403558
-0.405831
-0.40825
-0.410769
-0.413324
-0.415858
-0.41833
-0.420688
-0.422894
-0.424913
-0.426715
-0.428275
-0.429575
-0.430595
-0.431321
-0.431728
-0.431819
-0.43156
-0.430939
-0.429935
-0.428551
-0.426782
-0.424641
-0.422169
-0.419415
-0.416448
-0.413367
-0.410251
-0.407214
-0.404369
-0.401806
-0.399634
-0.397957
-0.396883
-0.396541
-0.397053
-0.398549
-0.401097
-0.404757
-0.409491
-0.41519
-0.421635
-0.428557
-0.435623
-0.442524
-0.448958
-0.454675
-0.459496
-0.463284
-0.465936
-0.467366
-0.467535
-0.466405
-0.463979
-0.460306
-0.455514
-0.449849
-0.443661
-0.437429
-0.431651
-0.426754
-0.423032
-0.420536
-0.419152
-0.418694
-0.418989
-0.419905
-0.421401
-0.423449
-0.425954
-0.428783
-0.431766
-0.434706
-0.437455
-0.439936
-0.442115
-0.444031
-0.445739
-0.447238
-0.448446
-0.449191
-0.449122
-0.447811
-0.444834
-0.43996
-0.433493
-0.426565
-0.421132
-0.419336
-0.422475
-0.4301
-0.440372
-0.451147
-0.460834
-0.468711
-0.474703
-0.479074
-0.48221
-0.484472
-0.486142
-0.487396
-0.488369
-0.489093
-0.489595
-0.489833
-0.489738
-0.489237
-0.488253
-0.486731
-0.484648
-0.481973
-0.478768
-0.475113
-0.471155
-0.467052
-0.462995
-0.459154
-0.455627
-0.452395
-0.449272
-0.445912
-0.441844
-0.436614
-0.429968
-0.422147
-0.414106
-0.407557
-0.40457
-0.406705
-0.41418
-0.425649
-0.43888
-0.451648
-0.462447
-0.470691
-0.476524
-0.480466
-0.483138
-0.484938
-0.485992
-0.486203
-0.485417
-0.483521
-0.480581
-0.476844
-0.472703
-0.46865
-0.465162
-0.462644
-0.461385
-0.461454
-0.462754
-0.46503
-0.467924
-0.471053
-0.474084
-0.476741
-0.478823
-0.480207
-0.480863
-0.480741
-0.479843
-0.478202
-0.475843
-0.472843
-0.469315
-0.465459
-0.461545
-0.457873
-0.454769
-0.452581
-0.451543
-0.451828
-0.453494
-0.456426
-0.460313
-0.464775
-0.469367
-0.473695
-0.47743
-0.480381
-0.482427
-0.483533
-0.483678
-0.482858
-0.481069
-0.478314
-0.474657
-0.470249
-0.465397
-0.460561
-0.45629
-0.453073
-0.451158
-0.450393
-0.450261
-0.450052
-0.449022
-0.446598
-0.442503
-0.436841
-0.430089
-0.423102
-0.416933
-0.412568
-0.4106
-0.411007
-0.413268
-0.416581
-0.420233
-0.423717
-0.426779
-0.429378
-0.43159
-0.433535
-0.435333
-0.437063
-0.438762
-0.440411
-0.441933
-0.443254
-0.444253
-0.444842
-0.44493
-0.44444
-0.443345
-0.441632
-0.439339
-0.436537
-0.433308
-0.429798
-0.426188
-0.42265
-0.419362
-0.416433
-0.413908
-0.411725
-0.409718
-0.407728
-0.405575
-0.403238
-0.400869
-0.398815
-0.397518
-0.397411
-0.398729
-0.401398
-0.405072
-0.409232
-0.413344
-0.416992
-0.419938
-0.422087
-0.423435
-0.424039
-0.424013
-0.423453
-0.422455
-0.421098
-0.419467
-0.417625
-0.415612
-0.413438
-0.411098
-0.408559
-0.40574
-0.402522
-0.398774
-0.394428
-0.389526
-0.384352
-0.379556
-0.376037
-0.374767
-0.376366
-0.38075
-0.38714
-0.394367
-0.401322
-0.407175
-0.411498
-0.414168
-0.415222
-0.414856
-0.413306
-0.410847
-0.40778
-0.404406
-0.401005
-0.397812
-0.394974
-0.392573
-0.390601
-0.389004
-0.387719
-0.386705
-0.385907
-0.385325
-0.384886
-0.384411
-0.383643
-0.382255
-0.379957
-0.376594
-0.372197
-0.367036
-0.361608
-0.356623
-0.352923
-0.351306
-0.352306
-0.355914
-0.361593
-0.368442
-0.375564
-0.38229
-0.388238
-0.39317
-0.396963
-0.399468
-0.400591
-0.400219
-0.398341
-0.39514
-0.390999
-0.386545
-0.382568
-0.37985
-0.378893
-0.379752
-0.382026
-0.385071
-0.38819
-0.390829
-0.392696
-0.393658
-0.393749
-0.393055
-0.391732
-0.389957
-0.387883
-0.385675
-0.383498
-0.381482
-0.37975
-0.378411
-0.377547
-0.377187
-0.377376
-0.378055
-0.379161
-0.380633
-0.382375
-0.384293
-0.386297
-0.388292
-0.390179
-0.391848
-0.393171
-0.393991
-0.394082
-0.393194
-0.391024
-0.387214
-0.381401
-0.37331
-0.362893
-0.350541
-0.337264
-0.324752
-0.314998
-0.309717
-0.309633
-0.314259
-0.322154
-0.331626
-0.341167
-0.349775
-0.356923
-0.362485
-0.366606
-0.369578
-0.371741
-0.373477
-0.375117
-0.37693
-0.379057
-0.381549
-0.384376
-0.387446
-0.39063
-0.393805
-0.396878
-0.399773
-0.402451
-0.404905
-0.407119
-0.409121
-0.410937
-0.412595
-0.414094
-0.415463
-0.416707
-0.417818
-0.418775
-0.419567
-0.420137
-0.420435
-0.420402
-0.419946
-0.419004
-0.417482
-0.41531
-0.412471
-0.40898
-0.404937
-0.400521
-0.395997
-0.391694
-0.387976
-0.385176
-0.383537
-0.383128
-0.38388
-0.385572
-0.387873
-0.390441
-0.392947
-0.395142
-0.396877
-0.398079
-0.398793
-0.399145
-0.399305
-0.39948
-0.39988
-0.400678
-0.402007
-0.403917
-0.4064
-0.409376
-0.412719
-0.416275
-0.419909
-0.42346
-0.426815
-0.429855
-0.432499
-0.434658
-0.436264
-0.437167
-0.437234
-0.436217
-0.433827
-0.429751
-0.423791
-0.41602
-0.407194
-0.398963
-0.393585
-0.393022
-0.397733
-0.406392
-0.416628
-0.426285
-0.434033
-0.439365
-0.442326
-0.44317
-0.442151
-0.439458
-0.435218
-0.429455
-0.42218
-0.413387
-0.403149
-0.391745
-0.379726
-0.368007
-0.357824
-0.350468
-0.346909
-0.347437
-0.351599
-0.358395
-0.366692
-0.375527
-0.384275
-0.392594
-0.40031
-0.407305
-0.413486
-0.418788
-0.423161
-0.426613
-0.429186
-0.430974
-0.432052
-0.432539
-0.432546
-0.432153
-0.431462
-0.430542
-0.42944
-0.428221
-0.426877
-0.425455
-0.423946
-0.422353
-0.420641
-0.418786
-0.416728
-0.414418
-0.411789
-0.40879
-0.405382
-0.401584
-0.397468
-0.393226
-0.389143
-0.385629
-0.383118
-0.38198
-0.382378
-0.384254
-0.387232
-0.390886
-0.394715
-0.398347
-0.401524
-0.404124
-0.406078
-0.407376
-0.408066
-0.4081
-0.407452
-0.406069
-0.403886
-0.400824
-0.396788
-0.391648
-0.385338
-0.377797
-0.369152
-0.359936
-0.351356
-0.34537
-0.344079
-0.34852
-0.357757
-0.369288
-0.38032
-0.388878
-0.394093
-0.395978
-0.394995
-0.391844
-0.387325
-0.382349
-0.377803
-0.374545
-0.373235
-0.374132
-0.377066
-0.381429
-0.386366
-0.391039
-0.394814
-0.397354
-0.398599
-0.398701
-0.397901
-0.396495
-0.394775
-0.392989
-0.39132
-0.38991
-0.388854
-0.388183
-0.387885
-0.387926
-0.388281
-0.388889
-0.389695
-0.390689
-0.391818
-0.393059
-0.394355
-0.395698
-0.397045
-0.398359
-0.399612
-0.40077
-0.401804
-0.402667
-0.40335
-0.403815
-0.404035
-0.403964
-0.403541
-0.402698
-0.401311
-0.399273
-0.396442
-0.392716
-0.388026
-0.382466
-0.376351
-0.37022
-0.364802
-0.360797
-0.358561
-0.35795
-0.358334
-0.358892
-0.358922
-0.358114
-0.35658
-0.354903
-0.353931
-0.354494
-0.357138
-0.361896
-0.368274
-0.375403
-0.382443
-0.388719
-0.393857
-0.397758
-0.400518
-0.402302
-0.403343
-0.40386
-0.40403
-0.403993
-0.403838
-0.40362
-0.40337
-0.403057
-0.402666
-0.402182
-0.401591
-0.400941
-0.400283
-0.399723
-0.399329
-0.399175
-0.399333
-0.399805
-0.400549
-0.401503
-0.402603
-0.403803
-0.405046
-0.406324
-0.407645
-0.409032
-0.41048
-0.412001
-0.413476
-0.414784
-0.415741
-0.41616
-0.415816
-0.414538
-0.412256
-0.40897
-0.404866
-0.40026
-0.395604
-0.391432
-0.388298
-0.386625
-0.386619
-0.388207
-0.391083
-0.394759
-0.398757
-0.402649
-0.406159
-0.409126
-0.411514
-0.413364
-0.414747
-0.415735
-0.41642
-0.416846
-0.417022
-0.416949
-0.416598
-0.415917
-0.414929
-0.413685
-0.412416
-0.41144
-0.411141
-0.411811
-0.413486
-0.415901
-0.418501
-0.420718
-0.422011
-0.42206
-0.420775
-0.418256
-0.414674
-0.410213
-0.404937
-0.398779
-0.39157
-0.383188
-0.373684
-0.363399
-0.353015
-0.343516
-0.335994
-0.331443
-0.330463
-0.333093
-0.338841
-0.346866
-0.356222
-0.366008
-0.375497
-0.384173
-0.391721
-0.398028
-0.403096
-0.407026
-0.409956
-0.412012
-0.413284
-0.413812
-0.413558
-0.412446
-0.410357
-0.407218
-0.403066
-0.398128
-0.392927
-0.388254
-0.384978
-0.383727
-0.384615
-0.387134
-0.390424
-0.393543
-0.395847
-0.39706
-0.397266
-0.396863
-0.396328
-0.396164
-0.39667
-0.397914
-0.399733
-0.401822
-0.40382
-0.405422
-0.406421
-0.406716
-0.406279
-0.405133
-0.403375
-0.40108
-0.398384
-0.395429
-0.392392
-0.389462
-0.386843
-0.384743
-0.383339
-0.382745
-0.382992
-0.38404
-0.38576
-0.387949
-0.390331
-0.392538
-0.394149
-0.394686
-0.393688
-0.390805
-0.386011
-0.379849
-0.373553
-0.368901
-0.36743
-0.369557
-0.374245
-0.379549
-0.383532
-0.38495
-0.383413
-0.379291
-0.373358
-0.366606
-0.360015
-0.354336
-0.350057
-0.347439
-0.346647
-0.347818
-0.351056
-0.356354
-0.363444
-0.371762
-0.380539
-0.388901
-0.396133
-0.401735
-0.40554
-0.407574
-0.408058
-0.4073
-0.405637
-0.403336
-0.400578
-0.397483
-0.394112
-0.390467
-0.386552
-0.382387
-0.378017
-0.373465
-0.368817
-0.364155
-0.359572
-0.355228
-0.351358
-0.348236
-0.346156
-0.34535
-0.345892
-0.347694
-0.350486
-0.353867
-0.357424
-0.360702
-0.363326
-0.364951
-0.365227
-0.363799
-0.360301
-0.354431
-0.346114
-0.335786
-0.324712
-0.315066
-0.309352
-0.309177
-0.314246
-0.322532
-0.331401
-0.338717
-0.343334
-0.345005
-0.344167
-0.341711
-0.338805
-0.336681
-0.336225
-0.337748
-0.34091
-0.344964
-0.349123
-0.35277
-0.355587
-0.357508
-0.3586
-0.359039
-0.358986
-0.358613
-0.358031
-0.357299
-0.356509
-0.3557
-0.354883
-0.354112
-0.353412
-0.352837
-0.352447
-0.3523
-0.352484
-0.353044
-0.354043
-0.355496
-0.357391
-0.359658
-0.362238
-0.365002
-0.367861
-0.370705
-0.37344
-0.375989
-0.378253
-0.380143
-0.381534
-0.382271
-0.38218
-0.381125
-0.379061
-0.376159
-0.372927
-0.370185
-0.368868
-0.369653
-0.372639
-0.377272
-0.382583
-0.387619
-0.391658
-0.394325
-0.395519
-0.395307
-0.393863
-0.391431
-0.3883
-0.384839
-0.381494
-0.378707
-0.376883
-0.37628
-0.376855
-0.378255
-0.379829
-0.380844
-0.380656
-0.379091
-0.376635
-0.374466
-0.374094
-0.376643
-0.382231
-0.389895
-0.39816
-0.405759
-0.411976
-0.416631
-0.419942
-0.422303
-0.424093
-0.425659
-0.427214
-0.428848
-0.430537
-0.432192
-0.433648
-0.434712
-0.435186
-0.434903
-0.433733
-0.431577
-0.428397
-0.424197
-0.41907
-0.413234
-0.40701
-0.400759
-0.394882
-0.389669
-0.385178
-0.381277
-0.377695
-0.374215
-0.370798
-0.367637
-0.36513
-0.363673
-0.363578
-0.364957
-0.367699
-0.371554
-0.376185
-0.381243
-0.386412
-0.39143
-0.396104
-0.400296
-0.403953
-0.407068
-0.409663
-0.41181
-0.413587
-0.415058
-0.416264
-0.417224
-0.417916
-0.418262
-0.41817
-0.417528
-0.416218
-0.414119
-0.411181
-0.407417
-0.402933
-0.397996
-0.392951
-0.388232
-0.384257
-0.381321
-0.379548
-0.378934
-0.379372
-0.38071
-0.382798
-0.385432
-0.388341
-0.39119
-0.393616
-0.395372
-0.396323
-0.396557
-0.396316
-0.395864
-0.395448
-0.39516
-0.394987
-0.39482
-0.394553
-0.394089
-0.393325
-0.392158
-0.390406
-0.387914
-0.384623
-0.380658
-0.376375
-0.372322
-0.369133
-0.367319
-0.367146
-0.36852
-0.371097
-0.374388
-0.377929
-0.381368
-0.384474
-0.387133
-0.389307
-0.391012
-0.392263
-0.393096
-0.393543
-0.393641
-0.393427
-0.392959
-0.3923
-0.391528
-0.390738
-0.390019
-0.389435
-0.389048
-0.38885
-0.388857
-0.389016
-0.389281
-0.38962
-0.39
-0.390415
-0.390875
-0.391405
-0.392033
-0.392787
-0.393701
-0.394764
-0.395973
-0.397321
-0.398753
-0.400228
-0.401656
-0.40298
-0.40411
-0.404988
-0.405542
-0.405669
-0.405316
-0.404428
-0.402979
-0.400958
-0.398435
-0.395504
-0.392333
-0.389145
-0.386188
-0.383707
-0.381941
-0.381046
-0.381061
-0.381901
-0.383337
-0.385029
-0.386647
-0.387806
-0.388249
-0.387845
-0.386594
-0.384647
-0.382293
-0.379907
-0.377893
-0.376578
-0.376199
-0.376771
-0.378174
-0.380109
-0.382265
-0.38429
-0.385941
-0.387057
-0.387574
-0.387514
-0.386961
-0.386029
-0.384857
-0.383555
-0.382222
-0.380935
-0.379721
-0.378588
-0.377571
-0.376665
-0.375881
-0.375199
-0.374651
-0.374222
-0.373918
-0.373751
-0.373784
-0.374041
-0.374551
-0.375296
-0.376209
-0.377181
-0.378072
-0.37874
-0.379086
-0.379034
-0.378555
-0.377655
-0.376388
-0.374806
-0.372983
-0.371006
-0.368937
-0.36682
-0.364688
-0.362548
-0.360408
-0.358235
-0.356025
-0.353766
-0.351475
-0.349196
-0.346995
-0.345004
-0.343325
-0.342064
-0.341313
-0.34106
-0.341276
-0.34187
-0.342732
-0.343737
-0.344781
-0.345788
-0.346679
-0.347447
-0.348064
-0.348542
-0.3489
-0.349153
-0.349313
-0.349405
-0.349444
-0.349419
-0.349347
-0.349258
-0.349149
-0.349026
-0.348914
-0.348822
-0.348785
-0.348822
-0.348949
-0.349185
-0.349558
-0.350087
-0.350765
-0.351607
-0.352598
-0.353718
-0.354949
-0.356263
-0.357611
-0.358934
-0.36017
-0.361255
-0.36211
-0.362642
-0.362751
-0.362357
-0.361373
-0.359742
-0.357476
-0.354701
-0.35165
-0.348689
-0.346297
-0.344945
-0.345
-0.346597
-0.349616
-0.353692
-0.358389
-0.363269
-0.367962
-0.372231
-0.37594
-0.379015
-0.38145
-0.383269
-0.384478
-0.385094
-0.385115
-0.384523
-0.383314
-0.381465
-0.37903
-0.376126
-0.372976
-0.36989
-0.367279
-0.365544
-0.365012
-0.365747
-0.367582
-0.370121
-0.372852
-0.375241
-0.376868
-0.377417
-0.376777
-0.374993
-0.372316
-0.369137
-0.365977
-0.363346
-0.361715
-0.361363
-0.362399
-0.364724
-0.368077
-0.372182
-0.376706
-0.381362
-0.385895
-0.390103
-0.393846
-0.397015
-0.399555
-0.401469
-0.402763
-0.403467
-0.403647
-0.403367
-0.402704
-0.401748
-0.400604
-0.399365
-0.398137
-0.397036
-0.396109
-0.395415
-0.394974
-0.394774
-0.394813
-0.395029
-0.395389
-0.395846
-0.396338
-0.396828
-0.397261
-0.397595
-0.397806
-0.39787
-0.397749
-0.397403
-0.396785
-0.395826
-0.394457
-0.392637
-0.390365
-0.387725
-0.384932
-0.382294
-0.380165
-0.37888
-0.378647
-0.379464
-0.381134
-0.383372
-0.385851
-0.388336
-0.390653
-0.392705
-0.394416
-0.395714
-0.39649
-0.396629
-0.396016
-0.394532
-0.392148
-0.38888
-0.384895
-0.380485
-0.376067
-0.372174
-0.369307
-0.36786
-0.367956
-0.369436
-0.371882
-0.374747
-0.377453
-0.379529
-0.380693
-0.380893
-0.380297
-0.379249
-0.378186
-0.377528
-0.37748
-0.378006
-0.378838
-0.379606
-0.37997
-0.379752
-0.378974
-0.377818
-0.376606
-0.375694
-0.375417
-0.375987
-0.377465
-0.379741
-0.382592
-0.385743
-0.388903
-0.391826
-0.394329
-0.396284
-0.397642
-0.398382
-0.398508
-0.398056
-0.397051
-0.395544
-0.393526
-0.391009
-0.387974
-0.384365
-0.380134
-0.37523
-0.369653
-0.363536
-0.357219
-0.351263
-0.346461
-0.343539
-0.342948
-0.344593
-0.347895
-0.351927
-0.355804
-0.358861
-0.360746
-0.361393
-0.360939
-0.359704
-0.358061
-0.356401
-0.355058
-0.354247
-0.354034
-0.354375
-0.355128
-0.356151
-0.357288
-0.35846
-0.359574
-0.360561
-0.361387
-0.362048
-0.362487
-0.362686
-0.362633
-0.362322
-0.361748
-0.360927
-0.359877
-0.358656
-0.35729
-0.355808
-0.354219
-0.352501
-0.350596
-0.348444
-0.346006
-0.343327
-0.340567
-0.338011
-0.336022
-0.335006
-0.335202
-0.336672
-0.339227
-0.342526
-0.346165
-0.349764
-0.353045
-0.355807
-0.357949
-0.359419
-0.36022
-0.360346
-0.359863
-0.358851
-0.357412
-0.355669
-0.353774
-0.35187
-0.350109
-0.34864
-0.347566
-0.346992
-0.346921
-0.347349
-0.348176
-0.349324
-0.350631
-0.351995
-0.35329
-0.354437
-0.355361
-0.356037
-0.356449
-0.356597
-0.356536
-0.356319
-0.356012
-0.35572
-0.355517
-0.355472
-0.355619
-0.355918
-0.356277
-0.356591
-0.356713
-0.356504
-0.355929
-0.355029
-0.353975
-0.353062
-0.352636
-0.353013
-0.354383
-0.356726
-0.359813
-0.363313
-0.366826
-0.36998
-0.372476
-0.3741
-0.374667
-0.374054
-0.372168
-0.368923
-0.364293
-0.358286
-0.350976
-0.342513
-0.333106
-0.323074
-0.312865
-0.303264
-0.295573
-0.291515
-0.29264
-0.299307
-0.310243
-0.323122
-0.335721
-0.346623
-0.355321
-0.361917
-0.366765
-0.370326
-0.372962
-0.374953
-0.376503
-0.377753
-0.378757
-0.379553
-0.380171
-0.38063
-0.380904
-0.380999
-0.380934
-0.380703
-0.380307
-0.379749
-0.37901
-0.37809
-0.376953
-0.375594
-0.374012
-0.372196
-0.370197
-0.368074
-0.365901
-0.363772
-0.361794
-0.360049
-0.358583
-0.357426
-0.356548
-0.355923
-0.355502
-0.355243
-0.355097
-0.355029
-0.354995
-0.354963
-0.35489
-0.354766
-0.354585
-0.354346
-0.354047
-0.353706
-0.353352
-0.35305
-0.352884
-0.35298
-0.353434
-0.354357
-0.355812
-0.357787
-0.360197
-0.362865
-0.365576
-0.368073
-0.370133
-0.371538
-0.372178
-0.372006
-0.371087
-0.369623
-0.36791
-0.366293
-0.365114
-0.364594
-0.364797
-0.365549
-0.366614
-0.36771
-0.368662
-0.369442
-0.370191
-0.371112
-0.372446
-0.374357
-0.376867
-0.379878
-0.383152
-0.38645
-0.389531
-0.392207
-0.394359
-0.395935
-0.396865
-0.397122
-0.396684
-0.395495
-0.393515
-0.3907
-0.387059
-0.382727
-0.377982
-0.373302
-0.369324
-0.366702
-0.365902
-0.36698
-0.369633
-0.373261
-0.377153
-0.38076
-0.383686
-0.385743
-0.386929
-0.38727
-0.386888
-0.385911
-0.384505
-0.38285
-0.381162
-0.379679
-0.378617
-0.378175
-0.37847
-0.379529
-0.38127
-0.383542
-0.386125
-0.388842
-0.391524
-0.39404
-0.396337
-0.398375
-0.400151
-0.401675
-0.402963
-0.404014
-0.404801
-0.405301
-0.405441
-0.405186
-0.404439
-0.403146
-0.401273
-0.398831
-0.395924
-0.392749
-0.389633
-0.386965
-0.385136
-0.384432
-0.384939
-0.386499
-0.388814
-0.391456
-0.394034
-0.396265
-0.39795
-0.399043
-0.399537
-0.399528
-0.399158
-0.398595
-0.398021
-0.397599
-0.397473
-0.397733
-0.398406
-0.399466
-0.400813
-0.40234
-0.403931
-0.405464
-0.406857
-0.408056
-0.40904
-0.409805
-0.410368
-0.410763
-0.411046
-0.411258
-0.411423
-0.411556
-0.411658
-0.411687
-0.411599
-0.411344
-0.410854
-0.410083
-0.408992
-0.407549
-0.40575
-0.403667
-0.401348
-0.398937
-0.396558
-0.39436
-0.392506
-0.391095
-0.390202
-0.389828
-0.389941
-0.390466
-0.391315
-0.392385
-0.39359
-0.394842
-0.396077
-0.397258
-0.398363
-0.399374
-0.400293
-0.401117
-0.40186
-0.402518
-0.403072
-0.403538
-0.403852
-0.404016
-0.404009
-0.40381
-0.403414
-0.402828
-0.402063
-0.401143
-0.400084
-0.398914
-0.397623
-0.396222
-0.394691
-0.393004
-0.391156
-0.389165
-0.387069
-0.384956
-0.382972
-0.381292
-0.380083
-0.379495
-0.379618
-0.380441
-0.381884
-0.383784
-0.385958
-0.388199
-0.390338
-0.392222
-0.393751
-0.394866
-0.395527
-0.395725
-0.395479
-0.394824
-0.393816
-0.392528
-0.391038
-0.389477
-0.387954
-0.386596
-0.385522
-0.384829
-0.384594
-0.384853
-0.385595
-0.386774
-0.388319
-0.390153
-0.392182
-0.394324
-0.396505
-0.39868
-0.400792
-0.402829
-0.40476
-0.406584
-0.408283
-0.409818
-0.411163
-0.412272
-0.413086
-0.41352
-0.413476
-0.412858
-0.411566
-0.409543
-0.406726
-0.40315
-0.398937
-0.394326
-0.389631
-0.385229
-0.38151
-0.378792
-0.377287
-0.377098
-0.378208
-0.380499
-0.383784
-0.387799
-0.392275
-0.397006
-0.401881
-0.406871
-0.412007
-0.417286
-0.422601
-0.427777
-0.432545
-0.436647
-0.439841
-0.44196
-0.442912
-0.442677
-0.441284
-0.438836
-0.435491
-0.431484
-0.427138
-0.422839
-0.419034
-0.416111
-0.414376
-0.413874
-0.414427
-0.415629
-0.416993
-0.418068
-0.418604
-0.418626
-0.418458
-0.41861
-0.419611
-0.421812
-0.425303
-0.429868
-0.435184
-0.440848
-0.446562
-0.452025
-0.457084
-0.461636
-0.465585
-0.468897
-0.471576
-0.473629
-0.47507
-0.47591
-0.476169
-0.475872
-0.47504
-0.473678
-0.471826
-0.469527
-0.466834
-0.463799
-0.460478
-0.456943
-0.453294
-0.449609
-0.446056
-0.442829
-0.440144
-0.438279
-0.437454
-0.437836
-0.439483
-0.442338
-0.446195
-0.450748
-0.455604
-0.460347
-0.464564
-0.467967
-0.470377
-0.471743
-0.472179
-0.471951
-0.471407
-0.470961
-0.470993
-0.471778
-0.473457
-0.476039
-0.479481
-0.483657
-0.488438
-0.493724
-0.499424
-0.505405
-0.51153
-0.517631
-0.523545
-0.529069
-0.534009
-0.538154
-0.541278
-0.543143
-0.543574
-0.542352
-0.539375
-0.534658
-0.528384
-0.520888
-0.512631
-0.504107
-0.49564
-0.487319
-0.47896
-0.470149
-0.460511
-0.449918
-0.438827
-0.428469
-0.4207
-0.417528
-0.420347
-0.429322
-0.443331
-0.460302
-0.477841
-0.493828
-0.506735
-0.515684
-0.520425
-0.521215
-0.518669
-0.513672
-0.507198
-0.500239
-0.493773
-0.488628
-0.485361
-0.484071
-0.484362
-0.485581
-0.486972
-0.487899
-0.487807
-0.48619
-0.482602
-0.476846
-0.469092
-0.460034
-0.450905
-0.443211
-0.438365
-0.437238
-0.439947
-0.445779
-0.453462
-0.461519
-0.468652
-0.474019
-0.477281
-0.478529
-0.47815
-0.476697
-0.474777
-0.472941
-0.471604
-0.470947
-0.470955
-0.471459
-0.472198
-0.472929
-0.473461
-0.473681
-0.473539
-0.473036
-0.472204
-0.471098
-0.469742
-0.468178
-0.466432
-0.46453
-0.46252
-0.460436
-0.458312
-0.456182
-0.454142
-0.452242
-0.45053
-0.449074
-0.447933
-0.447083
-0.446468
-0.445925
-0.445249
-0.44412
-0.442193
-0.439049
-0.434333
-0.427801
-0.419453
-0.409687
-0.399435
-0.389932
-0.382563
-0.378297
-0.377349
-0.379231
-0.383059
-0.387871
-0.392911
-0.397643
-0.401754
-0.405015
-0.407315
-0.408567
-0.408709
-0.40776
-0.40587
-0.403333
-0.400649
-0.398426
-0.397252
-0.397539
-0.399327
-0.40235
-0.406091
-0.409967
-0.413531
-0.416488
-0.418693
-0.420143
-0.42089
-0.421051
-0.420764
-0.420157
-0.419337
-0.41843
-0.417544
-0.416765
-0.416157
-0.415773
-0.415648
-0.415773
-0.416139
-0.41673
-0.417513
-0.418447
-0.419506
-0.420673
-0.421908
-0.423195
-0.424479
-0.42575
-0.426938
-0.427971
-0.428757
-0.429149
-0.428993
-0.428085
-0.426236
-0.423276
-0.419115
-0.413877
-0.407922
-0.401933
-0.396851
-0.393711
-0.393277
-0.395834
-0.401032
-0.407993
-0.415627
-0.422909
-0.429064
-0.433645
-0.436434
-0.437427
-0.436665
-0.43422
-0.430188
-0.424628
-0.417686
-0.409689
-0.401251
-0.393381
-0.387365
-0.384388
-0.385084
-0.389257
-0.396009
-0.404171
-0.412724
-0.420965
-0.428525
-0.435201
-0.440967
-0.445795
-0.449711
-0.452757
-0.454943
-0.45633
-0.456914
-0.456728
-0.45582
-0.454265
-0.452151
-0.449647
-0.446947
-0.444312
-0.442024
-0.440336
-0.439471
-0.439524
-0.440493
-0.442195
-0.444324
-0.446451
-0.448081
-0.448675
-0.447742
-0.444955
-0.440271
-0.434118
-0.427581
-0.422251
-0.419852
-0.42152
-0.427189
-0.435724
-0.445404
-0.454676
-0.46251
-0.468419
-0.472345
-0.474427
-0.474895
-0.474023
-0.472008
-0.469033
-0.465244
-0.46081
-0.455925
-0.450831
-0.445871
-0.441434
-0.43791
-0.43561
-0.434775
-0.435495
-0.43777
-0.441415
-0.446209
-0.451828
-0.45792
-0.464112
-0.470081
-0.475544
-0.480306
-0.484259
-0.487359
-0.489598
-0.491027
-0.491723
-0.491768
-0.491256
-0.490271
-0.488902
-0.487251
-0.485379
-0.48339
-0.48138
-0.479428
-0.477644
-0.476135
-0.475011
-0.474343
-0.474168
-0.474464
-0.475137
-0.476045
-0.476966
-0.477642
-0.477831
-0.477359
-0.476179
-0.474424
-0.472456
-0.470794
-0.470008
-0.47043
-0.472078
-0.474548
-0.477162
-0.479226
-0.480173
-0.479737
-0.477901
-0.474929
-0.471206
-0.467254
-0.463618
-0.460719
-0.45886
-0.458158
-0.458589
-0.460016
-0.462232
-0.465041
-0.46825
-0.471728
-0.475357
-0.479038
-0.482695
-0.486233
-0.489558
-0.492573
-0.495162
-0.497268
-0.498868
-0.499973
-0.500651
-0.501006
-0.50118
-0.50129
-0.501407
-0.501543
-0.501669
-0.501701
-0.501529
-0.501096
-0.500361
-0.499342
-0.498057
-0.496524
-0.494713
-0.492525
-0.489759
-0.486164
-0.481517
-0.475699
-0.46884
-0.461374
-0.454068
-0.447941
-0.443973
-0.442809
-0.444453
-0.448257
-0.453191
-0.458171
-0.462422
-0.46555
-0.467492
-0.468408
-0.46849
-0.467884
-0.466613
-0.464632
-0.461879
-0.458412
-0.4544
-0.450232
-0.446454
-0.44368
-0.442436
-0.443012
-0.445426
-0.449363
-0.454314
-0.459723
-0.465012
-0.469716
-0.473471
-0.476014
-0.477191
-0.476887
-0.475047
-0.471628
-0.466606
-0.460046
-0.452181
-0.443692
-0.435847
-0.430461
-0.429303
-0.433153
-0.441325
-0.451966
-0.463035
-0.473017
-0.481141
-0.487228
-0.491349
-0.493719
-0.494542
-0.493931
-0.491956
-0.48865
-0.48406
-0.478352
-0.471849
-0.465053
-0.458615
-0.453181
-0.449244
-0.446948
-0.446105
-0.4463
-0.447073
-0.447996
-0.44875
-0.449135
-0.449019
-0.44834
-0.447105
-0.445355
-0.443165
-0.440628
-0.437892
-0.435196
-0.432874
-0.431385
-0.43118
-0.432569
-0.435503
-0.439654
-0.444401
-0.449145
-0.453387
-0.456837
-0.459438
-0.461257
-0.462452
-0.463206
-0.463711
-0.464146
-0.464636
-0.465275
-0.4661
-0.467145
-0.468376
-0.46978
-0.471284
-0.472821
-0.47431
-0.475664
-0.476833
-0.477779
-0.478477
-0.478992
-0.479361
-0.479677
-0.480023
-0.480455
-0.480977
-0.481526
-0.481968
-0.482061
-0.481522
-0.480023
-0.477236
-0.472867
-0.466753
-0.458954
-0.449864
-0.440267
-0.43124
-0.423848
-0.41878
-0.416097
-0.415326
-0.415682
-0.416382
-0.416892
-0.416949
-0.416586
-0.416133
-0.41604
-0.416788
-0.418694
-0.421791
-0.425839
-0.430389
-0.435008
-0.439309
-0.443089
-0.446251
-0.448821
-0.45087
-0.452471
-0.453693
-0.454577
-0.455172
-0.455501
-0.455583
-0.455427
-0.455003
-0.454296
-0.453271
-0.451878
-0.450054
-0.447755
-0.444878
-0.441342
-0.43704
-0.431876
-0.425744
-0.418567
-0.410349
-0.401221
-0.391552
-0.381949
-0.37344
-0.367377
-0.365193
-0.367832
-0.375095
-0.385612
-0.397359
-0.40855
-0.418103
-0.425632
-0.431227
-0.435205
-0.437931
-0.439686
-0.44071
-0.441162
-0.441161
-0.440753
-0.440016
-0.438963
-0.437666
-0.436161
-0.434504
-0.432737
-0.430917
-0.429131
-0.427456
-0.425992
-0.424888
-0.424247
-0.424174
-0.424729
-0.425922
-0.427686
-0.429927
-0.432561
-0.435488
-0.438623
-0.441908
-0.445264
-0.448638
-0.451953
-0.455102
-0.457937
-0.460345
-0.462109
-0.463009
-0.462773
-0.461088
-0.457629
-0.452167
-0.444701
-0.435715
-0.426351
-0.418247
-0.413068
-0.411702
-0.413843
-0.418234
-0.423375
-0.428105
-0.43178
-0.434231
-0.435585
-0.436152
-0.436333
-0.436598
-0.437359
-0.438893
-0.441292
-0.444428
-0.44806
-0.451913
-0.455787
-0.45954
-0.463088
-0.466458
-0.469642
-0.472715
-0.475729
-0.478721
-0.481709
-0.484664
-0.487517
-0.490168
-0.492492
-0.494348
-0.495566
-0.496026
-0.495591
-0.494111
-0.491501
-0.487706
-0.482739
-0.476725
-0.469924
-0.462759
-0.455788
-0.449625
-0.444883
-0.441997
-0.441054
-0.441826
-0.443767
-0.44613
-0.448194
-0.449392
-0.449396
-0.448246
-0.446248
-0.443901
-0.441798
-0.440416
-0.440013
-0.440574
-0.44187
-0.443625
-0.445636
-0.447797
-0.450028
-0.45232
-0.454614
-0.456778
-0.458613
-0.459813
-0.460075
-0.459075
-0.456526
-0.452297
-0.446551
-0.43982
-0.433156
-0.427895
-0.42527
-0.425893
-0.429411
-0.434747
-0.440673
-0.446183
-0.450654
-0.453895
-0.45595
-0.456974
-0.457156
-0.456692
-0.455725
-0.454372
-0.452757
-0.450989
-0.449152
-0.447336
-0.445696
-0.44434
-0.443408
-0.442999
-0.443183
-0.443966
-0.445303
-0.4471
-0.449218
-0.451486
-0.453723
-0.455791
-0.457539
-0.458859
-0.459655
-0.459846
-0.459387
-0.458233
-0.456384
-0.453868
-0.450744
-0.447128
-0.443172
-0.439084
-0.435084
-0.431374
-0.428131
-0.425457
-0.423424
-0.422095
-0.421508
-0.421701
-0.422732
-0.424612
-0.427305
-0.430679
-0.434505
-0.438519
-0.442405
-0.445866
-0.448656
-0.450559
-0.45146
-0.451247
-0.449936
-0.447617
-0.444483
-0.440806
-0.436953
-0.433318
-0.430243
-0.427969
-0.42662
-0.426159
-0.426435
-0.427178
-0.42805
-0.428733
-0.428934
-0.428518
-0.427559
-0.426373
-0.425451
-0.425284
-0.426259
-0.428492
-0.431833
-0.435889
-0.440189
-0.444283
-0.447853
-0.450701
-0.452765
-0.454073
-0.454717
-0.454838
-0.454555
-0.453997
-0.453272
-0.452466
-0.451617
-0.450743
-0.449853
-0.448927
-0.44796
-0.446926
-0.445823
-0.444658
-0.443461
-0.442262
-0.441085
-0.439973
-0.438957
-0.438051
-0.437276
-0.43662
-0.43605
-0.435536
-0.434995
-0.434352
-0.433499
-0.432303
-0.430631
-0.428346
-0.425315
-0.421478
-0.416877
-0.41171
-0.406329
-0.401228
-0.396906
-0.393747
-0.391894
-0.391246
-0.391549
-0.392545
-0.394055
-0.395912
-0.397963
-0.399987
-0.401769
-0.403096
-0.403871
-0.404134
-0.404048
-0.40392
-0.404078
-0.404775
-0.406145
-0.408092
-0.410403
-0.412795
-0.415011
-0.41687
-0.418289
-0.419281
-0.419878
-0.420142
-0.420144
-0.41993
-0.419522
-0.418918
-0.418099
-0.417028
-0.415683
-0.414006
-0.411981
-0.409588
-0.406801
-0.403638
-0.40014
-0.396381
-0.392426
-0.388369
-0.384219
-0.38
-0.375676
-0.371257
-0.366803
-0.362509
-0.358757
-0.355999
-0.354713
-0.355196
-0.357493
-0.361321
-0.366145
-0.371333
-0.376305
-0.380639
-0.384078
-0.386545
-0.388097
-0.388853
-0.388984
-0.388678
-0.388092
-0.387377
-0.386631
-0.385926
-0.385314
-0.384782
-0.38434
-0.383969
-0.38366
-0.383394
-0.38318
-0.383012
-0.382901
-0.382864
-0.382909
-0.383044
-0.383265
-0.383564
-0.383923
-0.384317
-0.384698
-0.385001
-0.385105
-0.384873
-0.38407
-0.382363
-0.379295
-0.374302
-0.366801
-0.356433
-0.343552
-0.32983
-0.318424
-0.312808
-0.314689
-0.322635
-0.333204
-0.343141
-0.350651
-0.355462
-0.358182
-0.359739
-0.360985
-0.362531
-0.364644
-0.367312
-0.370316
-0.373353
-0.376165
-0.378578
-0.380497
-0.381928
-0.382905
-0.383545
-0.38394
-0.384209
-0.384459
-0.38479
-0.385269
-0.385934
-0.38679
-0.387818
-0.388984
-0.390218
-0.391452
-0.392617
-0.39361
-0.394381
-0.394852
-0.394962
-0.394634
-0.393815
-0.39245
-0.390519
-0.388041
-0.385092
-0.38184
-0.378547
-0.375528
-0.373198
-0.371895
-0.37192
-0.373432
-0.376381
-0.380562
-0.385619
-0.391117
-0.396622
-0.401744
-0.40622
-0.409899
-0.412748
-0.414842
-0.416286
-0.417247
-0.417904
-0.418408
-0.418895
-0.419463
-0.420154
-0.420972
-0.42188
-0.422809
-0.423725
-0.424533
-0.425224
-0.425775
-0.426171
-0.426451
-0.426661
-0.426855
-0.427083
-0.427399
-0.427798
-0.428267
-0.428771
-0.429252
-0.42966
-0.429956
-0.43016
-0.430308
-0.430493
-0.430785
-0.431311
-0.432136
-0.433269
-0.434676
-0.436269
-0.437896
-0.439393
-0.440598
-0.441359
-0.441578
-0.441147
-0.440028
-0.43822
-0.435736
-0.432624
-0.428968
-0.42489
-0.42056
-0.416225
-0.41216
-0.408744
-0.40641
-0.405608
-0.406636
-0.409516
-0.413879
-0.419098
-0.42442
-0.429188
-0.432956
-0.435485
-0.436775
-0.437001
-0.436426
-0.435414
-0.434376
-0.433662
-0.433578
-0.434288
-0.435781
-0.437939
-0.440508
-0.443243
-0.44591
-0.448317
-0.450391
-0.452104
-0.453447
-0.454485
-0.45528
-0.455881
-0.456353
-0.456711
-0.456992
-0.457193
-0.457313
-0.45731
-0.457135
-0.45671
-0.455933
-0.454695
-0.452873
-0.450351
-0.447084
-0.443123
-0.438678
-0.434179
-0.430212
-0.427442
-0.42637
-0.427168
-0.429577
-0.433032
-0.436895
-0.440606
-0.443782
-0.446257
-0.447951
-0.448865
-0.449006
-0.448371
-0.446915
-0.444608
-0.441468
-0.437559
-0.433093
-0.4284
-0.423982
-0.420415
-0.418245
-0.417861
-0.419365
-0.422515
-0.426811
-0.431697
-0.436672
-0.441375
-0.445626
-0.449351
-0.452572
-0.455369
-0.457804
-0.45999
-0.461991
-0.463887
-0.465773
-0.467602
-0.469345
-0.470843
-0.47189
-0.472202
-0.471505
-0.469591
-0.466391
-0.462093
-0.457067
-0.451871
-0.447123
-0.443285
-0.440589
-0.439052
-0.438569
-0.439068
-0.440617
-0.443355
-0.447459
-0.452934
-0.45962
-0.467176
-0.475117
-0.482879
-0.489913
-0.495744
-0.49997
-0.502294
-0.502534
-0.50063
-0.496711
-0.491192
-0.484811
-0.478621
-0.473808
-0.471329
-0.471578
-0.474269
-0.4786
-0.483595
-0.488442
-0.492592
-0.495818
-0.498102
-0.499547
-0.500323
-0.500612
-0.500572
-0.500313
-0.499926
-0.499483
-0.499067
-0.498714
-0.498483
-0.498377
-0.4984
-0.498466
-0.498504
-0.498411
-0.498036
-0.49727
-0.496026
-0.494277
-0.492072
-0.489555
-0.48696
-0.484565
-0.482641
-0.481392
-0.480913
-0.481151
-0.481916
-0.482924
-0.483912
-0.484679
-0.485199
-0.485574
-0.486046
-0.486916
-0.488476
-0.490849
-0.494035
-0.497846
-0.501929
-0.505835
-0.509065
-0.51121
-0.511868
-0.510821
-0.507925
-0.50318
-0.496734
-0.488994
-0.480733
-0.47331
-0.468415
-0.467597
-0.471423
-0.479148
-0.489029
-0.499135
-0.507996
-0.514793
-0.519318
-0.521727
-0.522368
-0.521623
-0.519849
-0.517199
-0.513627
-0.50884
-0.502434
-0.49398
-0.48331
-0.470811
-0.457772
-0.44651
-0.439776
-0.439644
-0.446489
-0.458977
-0.474909
-0.492106
-0.508851
-0.524021
-0.537012
-0.5476
-0.555791
-0.561709
-0.565496
-0.567209
-0.566866
-0.564423
-0.559814
-0.553038
-0.544319
-0.534197
-0.523541
-0.513505
-0.505061
-0.49871
-0.494363
-0.491636
-0.490307
-0.490555
-0.492811
-0.497149
-0.503058
-0.509412
-0.514829
-0.518153
-0.518647
-0.516043
-0.510495
-0.502502
-0.492886
-0.482731
-0.473229
-0.46547
-0.46009
-0.457052
-0.455794
-0.455436
-0.455293
-0.455147
-0.455279
-0.456391
-0.459196
-0.464097
-0.470856
-0.478725
-0.486776
-0.494222
-0.500636
-0.505918
-0.510158
-0.513541
-0.51622
-0.51829
-0.519787
-0.520719
-0.521037
-0.520747
-0.519901
-0.518559
-0.516868
-0.514995
-0.513133
-0.511486
-0.510233
-0.509521
-0.509443
-0.510004
-0.511134
-0.512712
-0.514567
-0.516483
-0.518256
-0.519678
-0.520552
-0.520701
-0.520007
-0.518358
-0.515683
-0.511975
-0.507281
-0.501741
-0.495575
-0.48912
-0.482818
-0.477122
-0.47248
-0.469126
-0.467102
-0.46617
-0.465913
-0.465814
-0.46544
-0.464526
-0.462996
-0.460976
-0.458725
-0.456605
-0.455014
-0.454337
-0.4549
-0.456961
-0.460551
-0.465517
-0.471474
-0.477835
-0.483976
-0.489343
-0.493521
-0.4963
-0.497649
-0.497666
-0.496561
-0.494628
-0.492172
-0.48953
-0.486989
-0.48477
-0.483036
-0.481865
-0.48127
-0.481211
-0.481604
-0.48232
-0.483216
-0.484147
-0.484966
-0.485556
-0.485793
-0.485659
-0.485142
-0.484308
-0.48327
-0.482185
-0.481236
-0.480588
-0.480384
-0.480714
-0.4816
-0.483008
-0.484833
-0.486961
-0.489255
-0.491612
-0.493908
-0.496036
-0.497918
-0.49947
-0.500568
-0.501111
-0.501
-0.500108
-0.498346
-0.495658
-0.492088
-0.487812
-0.483222
-0.478893
-0.475475
-0.473533
-0.473337
-0.4748
-0.477483
-0.48079
-0.484118
-0.487013
-0.489201
-0.490531
-0.490965
-0.490546
-0.489376
-0.487629
-0.485526
-0.483362
-0.481453
-0.480078
-0.479456
-0.479669
-0.480659
-0.482232
-0.484094
-0.485903
-0.487328
-0.488104
-0.488057
-0.487156
-0.48547
-0.483216
-0.480685
-0.478255
-0.476277
-0.475021
-0.474647
-0.47514
-0.476359
-0.478043
-0.479873
-0.481547
-0.482824
-0.483595
-0.483892
-0.483898
-0.483943
-0.484364
-0.485442
-0.487306
-0.489855
-0.492861
-0.495993
-0.498986
-0.501612
-0.503795
-0.505509
-0.506782
-0.507649
-0.508184
-0.508442
-0.508473
-0.50838
-0.50825
-0.508182
-0.508266
-0.508575
-0.50912
-0.509877
-0.510777
-0.511751
-0.512729
-0.513663
-0.514548
-0.515411
-0.51628
-0.517194
-0.518173
-0.519231
-0.520337
-0.521441
-0.52247
-0.523325
-0.523913
-0.524108
-0.523824
-0.52291
-0.521276
-0.518863
-0.515636
-0.511633
-0.506982
-0.501915
-0.496765
-0.491901
-0.487659
-0.484276
-0.481801
-0.480202
-0.479454
-0.479642
-0.480961
-0.48354
-0.48734
-0.492074
-0.497316
-0.50258
-0.50754
-0.512041
-0.516088
-0.519782
-0.523207
-0.526369
-0.529201
-0.531586
-0.533399
-0.534534
-0.534957
-0.534649
-0.533682
-0.532156
-0.530204
-0.527995
-0.525693
-0.523473
-0.521501
-0.519897
-0.518743
-0.518054
-0.517816
-0.517962
-0.518397
-0.519054
-0.519854
-0.520722
-0.521614
-0.52244
-0.523117
-0.523555
-0.52367
-0.523419
-0.522777
-0.521816
-0.520663
-0.519508
-0.51856
-0.517963
-0.51783
-0.518126
-0.518727
-0.519421
-0.519947
-0.520089
-0.519613
-0.518332
-0.516071
-0.512738
-0.508251
-0.502613
-0.495899
-0.488271
-0.479873
-0.470804
-0.461116
-0.450968
-0.44099
-0.432499
-0.427321
-0.426828
-0.431075
-0.438695
-0.447773
-0.456766
-0.464952
-0.472242
-0.47886
-0.485019
-0.490828
-0.496266
-0.501256
-0.505687
-0.5095
-0.512657
-0.515197
-0.517173
-0.518687
-0.519852
-0.520784
-0.521581
-0.522341
-0.523139
-0.524024
-0.525024
-0.526121
-0.527296
-0.528505
-0.529695
-0.530804
-0.531745
-0.532442
-0.532808
-0.532752
-0.532221
-0.531159
-0.529528
-0.527338
-0.524657
-0.521545
-0.518123
-0.514478
-0.510645
-0.50661
-0.502267
-0.497508
-0.492182
-0.486218
-0.479644
-0.472663
-0.465662
-0.459238
-0.45414
-0.451027
-0.450227
-0.451597
-0.454556
-0.45827
-0.461949
-0.465019
-0.467263
-0.468873
-0.470395
-0.472586
-0.476156
-0.481414
-0.488135
-0.495547
-0.502691
-0.508702
-0.513008
-0.515381
-0.515853
-0.514676
-0.512259
-0.509108
-0.505821
-0.502973
-0.50106
-0.500327
-0.500822
-0.502342
-0.504558
-0.507122
-0.509744
-0.512203
-0.514383
-0.516207
-0.517641
-0.518687
-0.519383
-0.519764
-0.51987
-0.51978
-0.519586
-0.519361
-0.519177
-0.519091
-0.519107
-0.519211
-0.519305
-0.519276
-0.518962
-0.518222
-0.51692
-0.514984
-0.512416
-0.509326
-0.50591
-0.502437
-0.499248
-0.496651
-0.494879
-0.494002
-0.493967
-0.494545
-0.495457
-0.496377
-0.496996
-0.497099
-0.496586
-0.495398
-0.493608
-0.491301
-0.488592
-0.485572
-0.48234
-0.478982
-0.475616
-0.472446
-0.469777
-0.468038
-0.467679
-0.469033
-0.472215
-0.476938
-0.482686
-0.488794
-0.494639
-0.499749
-0.50387
-0.506891
-0.508855
-0.509844
-0.510019
-0.50951
-0.508453
-0.50697
-0.505181
-0.503203
-0.501111
-0.499009
-0.49696
-0.495036
-0.493282
-0.491739
-0.490437
-0.489407
-0.488645
-0.488162
-0.487943
-0.487964
-0.488197
-0.488613
-0.489187
-0.48986
-0.49061
-0.491369
-0.492104
-0.492763
-0.493271
-0.493566
-0.493583
-0.493243
-0.492484
-0.491232
-0.489429
-0.487034
-0.484049
-0.48053
-0.476556
-0.472253
-0.467818
-0.463473
-0.459442
-0.455919
-0.453078
-0.451037
-0.449859
-0.449578
-0.450184
-0.451627
-0.453834
-0.456674
-0.459969
-0.463485
-0.466953
-0.470116
-0.472783
-0.474856
-0.476373
-0.477466
-0.47837
-0.479351
-0.480615
-0.482289
-0.484378
-0.48678
-0.489333
-0.49188
-0.494268
-0.496392
-0.498177
-0.499591
-0.500602
-0.501232
-0.501513
-0.501474
-0.50121
-0.500862
-0.500577
-0.500494
-0.500724
-0.501337
-0.502311
-0.503538
-0.504906
-0.506245
-0.507411
-0.508335
-0.508974
-0.50933
-0.509459
-0.509443
-0.509296
-0.509088
-0.508801
-0.508437
-0.507938
-0.507264
-0.506376
-0.505247
-0.503862
-0.502213
-0.500334
-0.498303
-0.496154
-0.493977
-0.49187
-0.489936
-0.48829
-0.487057
-0.486344
-0.486204
-0.486597
-0.487416
-0.488408
-0.48925
-0.489605
-0.489198
-0.487854
-0.48559
-0.482623
-0.47938
-0.476393
-0.474192
-0.473127
-0.473272
-0.474409
-0.47617
-0.478207
-0.480357
-0.482659
-0.48538
-0.488755
-0.492865
-0.497527
-0.50226
-0.506453
-0.509451
-0.510676
-0.50967
-0.506118
-0.499928
-0.491393
-0.48132
-0.471162
-0.462846
-0.458218
-0.45825
-0.462611
-0.469771
-0.477811
-0.485052
-0.490455
-0.493575
-0.494451
-0.493392
-0.49079
-0.487166
-0.483029
-0.478879
-0.475193
-0.472344
-0.470551
-0.46981
-0.469882
-0.470338
-0.470564
-0.46988
-0.467601
-0.463148
-0.456162
-0.446749
-0.435615
-0.424396
-0.415478
-0.411451
-0.413966
-0.422836
-0.436072
-0.45092
-0.464981
-0.476819
-0.485911
-0.492342
-0.496476
-0.498743
-0.499577
-0.499351
-0.498408
-0.497025
-0.495481
-0.494044
-0.492896
-0.492213
-0.49208
-0.492525
-0.49353
-0.495033
-0.496942
-0.499127
-0.501453
-0.50375
-0.50584
-0.507496
-0.50847
-0.508458
-0.507107
-0.50401
-0.498704
-0.490755
-0.479965
-0.466641
-0.451951
-0.438122
-0.427971
-0.423698
-0.425723
-0.432603
-0.442025
-0.45201
-0.461342
-0.46954
-0.476515
-0.482373
-0.487257
-0.491349
-0.494742
-0.497529
-0.499751
-0.501402
-0.50247
-0.502939
-0.502759
-0.501894
-0.500309
-0.498007
-0.49503
-0.491501
-0.487611
-0.483625
-0.479887
-0.476758
-0.474547
-0.473433
-0.473476
-0.474556
-0.476384
-0.478664
-0.48107
-0.483312
-0.485121
-0.486305
-0.486711
-0.486293
-0.485033
-0.483047
-0.480551
-0.477899
-0.475516
-0.473876
-0.473366
-0.474166
-0.476159
-0.478947
-0.481953
-0.484689
-0.486856
-0.488397
-0.489457
-0.490262
-0.490978
-0.491586
-0.491877
-0.491502
-0.490071
-0.48725
-0.482859
-0.476895
-0.469546
-0.461256
-0.45265
-0.444524
-0.437715
-0.432957
-0.43069
-0.431015
-0.433701
-0.438193
-0.443863
-0.45004
-0.456126
-0.461647
-0.466259
-0.469687
-0.471766
-0.472407
-0.471601
-0.469475
-0.46628
-0.462434
-0.458497
-0.455035
-0.452505
-0.45104
-0.450389
-0.449918
-0.448849
-0.446428
-0.442264
-0.436359
-0.429355
-0.422403
-0.416971
-0.41436
-0.415317
-0.419831
-0.427229
-0.436448
-0.446376
-0.456017
-0.464589
-0.471631
-0.476917
-0.480419
-0.482221
-0.482462
-0.481284
-0.478838
-0.475248
-0.470642
-0.465183
-0.459089
-0.452649
-0.446236
-0.440255
-0.435056
-0.430907
-0.427898
-0.42599
-0.424956
-0.424578
-0.424774
-0.425591
-0.427281
-0.430189
-0.434499
-0.440136
-0.446728
-0.453639
-0.460194
-0.465819
-0.470145
-0.473017
-0.474444
-0.474619
-0.473829
-0.472457
-0.470881
-0.469511
-0.468733
-0.468793
-0.469777
-0.471541
-0.473707
-0.475818
-0.477331
-0.477798
-0.476941
-0.474638
-0.470904
-0.465886
-0.459841
-0.453151
-0.446447
-0.440547
-0.436303
-0.43424
-0.434214
-0.435488
-0.43709
-0.438236
-0.438677
-0.438615
-0.438574
-0.439105
-0.440591
-0.443217
-0.446838
-0.451187
-0.455886
-0.460543
-0.464826
-0.468455
-0.471259
-0.473161
-0.474182
-0.474438
-0.474092
-0.473333
-0.472307
-0.471099
-0.469694
-0.467918
-0.465528
-0.46222
-0.457739
-0.451981
-0.445039
-0.43735
-0.429638
-0.422878
-0.418043
-0.415756
-0.416035
-0.418197
-0.421197
-0.423873
-0.425266
-0.42482
-0.422373
-0.418168
-0.41283
-0.40731
-0.402721
-0.40007
-0.399999
-0.402536
-0.407134
-0.412934
-0.419034
-0.42479
-0.429852
-0.434095
-0.43758
-0.440438
-0.442755
-0.444649
-0.446148
-0.447272
-0.448014
-0.448344
-0.448246
-0.447694
-0.446695
-0.445254
-0.443401
-0.441183
-0.438659
-0.435904
-0.432965
-0.429904
-0.42677
-0.423591
-0.420416
-0.417299
-0.414322
-0.411591
-0.409242
-0.407369
-0.40607
-0.40536
-0.405215
-0.40556
-0.406268
-0.407208
-0.408252
-0.409288
-0.410215
-0.410936
-0.411358
-0.411385
-0.410941
-0.409948
-0.408388
-0.406236
-0.403578
-0.400525
-0.397229
-0.393939
-0.390876
-0.388275
-0.386331
-0.38521
-0.385013
-0.385813
-0.387591
-0.390313
-0.393815
-0.397864
-0.402171
-0.406429
-0.410353
-0.413754
-0.416492
-0.418511
-0.41979
-0.420365
-0.420277
-0.419567
-0.418321
-0.416652
-0.414681
-0.41261
-0.410691
-0.409192
-0.408386
-0.408452
-0.409466
-0.411356
-0.413941
-0.416985
-0.420235
-0.423465
-0.426536
-0.429352
-0.431863
-0.434046
-0.435896
-0.437435
-0.438664
-0.439566
-0.44014
-0.440357
-0.440182
-0.43957
-0.438458
-0.436788
-0.434475
-0.431425
-0.427526
-0.422665
-0.416812
-0.410069
-0.402846
-0.396
-0.390769
-0.388469
-0.389866
-0.394661
-0.401544
-0.408762
-0.41491
-0.419254
-0.421737
-0.422754
-0.422759
-0.421986
-0.420336
-0.417462
-0.413074
-0.407312
-0.400986
-0.395368
-0.391841
-0.391233
-0.393566
-0.398144
-0.403977
-0.410129
-0.415859
-0.420673
-0.424315
-0.426804
-0.428451
-0.429809
-0.431542
-0.434219
-0.438076
-0.442937
-0.448307
-0.453591
-0.458306
-0.462092
-0.464826
-0.466504
-0.467208
-0.467039
-0.466129
-0.464595
-0.462563
-0.460186
-0.457659
-0.455185
-0.45302
-0.451385
-0.450494
-0.450437
-0.45124
-0.452791
-0.454912
-0.457363
-0.459934
-0.462439
-0.464731
-0.466714
-0.468351
-0.469618
-0.470563
-0.471232
-0.471703
-0.4721
-0.472542
-0.473179
-0.474155
-0.475586
-0.477523
-0.479988
-0.482879
-0.486071
-0.489367
-0.492575
-0.495486
-0.497944
-0.499832
-0.501159
-0.502025
-0.502623
-0.503259
-0.504242
-0.505824
-0.508088
-0.510916
-0.514017
-0.516993
-0.519436
-0.521036
-0.521558
-0.520896
-0.519075
-0.51612
-0.512099
-0.50702
-0.500817
-0.493333
-0.484345
-0.473758
-0.461804
-0.449256
-0.437626
-0.429018
-0.42554
-0.428445
-0.437437
-0.450763
-0.466015
-0.480911
-0.493754
-0.503492
-0.50962
-0.512028
-0.510981
-0.507037
-0.501079
-0.494232
-0.487784
-0.483082
-0.481196
-0.482709
-0.487504
-0.49476
-0.503254
-0.511689
-0.519028
-0.524641
-0.528188
-0.529661
-0.529225
-0.527182
-0.523967
-0.520028
-0.51588
-0.511997
-0.508756
-0.506414
-0.505037
-0.50454
-0.504725
-0.505358
-0.506152
-0.506854
-0.5072
-0.506908
-0.505697
-0.503286
-0.499439
-0.49402
-0.487085
-0.479011
-0.47061
-0.463046
-0.457495
-0.454802
-0.455061
-0.457601
-0.461368
-0.465392
-0.469001
-0.471931
-0.474161
-0.47579
-0.47698
-0.477875
-0.47855
-0.479039
-0.47936
-0.479492
-0.479418
-0.479107
-0.478546
-0.477721
-0.476618
-0.475249
-0.473639
-0.471828
-0.469868
-0.467793
-0.46564
-0.463437
-0.461177
-0.458798
-0.456166
-0.453141
-0.449484
-0.444987
-0.439534
-0.433202
-0.426439
-0.420069
-0.415181
-0.412769
-0.413249
-0.416226
-0.420679
-0.425417
-0.429472
-0.432263
-0.433607
-0.433536
-0.432255
-0.430042
-0.427175
-0.423966
-0.420683
-0.417588
-0.414896
-0.412718
-0.411138
-0.41011
-0.409518
-0.409183
-0.408826
-0.408161
-0.406839
-0.404525
-0.400927
-0.395835
-0.38914
-0.380991
-0.371819
-0.362427
-0.35396
-0.347748
-0.344945
-0.346059
-0.350752
-0.357906
-0.366137
-0.374225
-0.381393
-0.387298
-0.391928
-0.395441
-0.398036
-0.399924
-0.401268
-0.402182
-0.402744
-0.402996
-0.402949
-0.402617
-0.402023
-0.401164
-0.400068
-0.398754
-0.397263
-0.395638
-0.393942
-0.3923
-0.390836
-0.389725
-0.389174
-0.389302
-0.390196
-0.391841
-0.394113
-0.396833
-0.399785
-0.402755
-0.405561
-0.408066
-0.410186
-0.411857
-0.413056
-0.41376
-0.413958
-0.413653
-0.412863
-0.411636
-0.410037
-0.40819
-0.406291
-0.404547
-0.403207
-0.4025
-0.402593
-0.403503
-0.405078
-0.407005
-0.408873
-0.410179
-0.410444
-0.409372
-0.40695
-0.403661
-0.400535
-0.3989
-0.399917
-0.403925
-0.410229
-0.417456
-0.424148
-0.429234
-0.432162
-0.432831
-0.43144
-0.428348
-0.424001
-0.418935
-0.413669
-0.40881
-0.404952
-0.402602
-0.402164
-0.403776
-0.407241
-0.412049
-0.417478
-0.422704
-0.427014
-0.429863
-0.430954
-0.430223
-0.427866
-0.424272
-0.420008
-0.415755
-0.412227
-0.409995
-0.409385
-0.410398
-0.412676
-0.415652
-0.418718
-0.421379
-0.423344
-0.424542
-0.425109
-0.425278
-0.425272
-0.425221
-0.42515
-0.424975
-0.424525
-0.42353
-0.421629
-0.418393
-0.413448
-0.406781
-0.399162
-0.392385
-0.388858
-0.390359
-0.396709
-0.405667
-0.414199
-0.419931
-0.421765
-0.419896
-0.41553
-0.410464
-0.406559
-0.405007
-0.405966
-0.408653
-0.41196
-0.415004
-0.417374
-0.419026
-0.420138
-0.420916
-0.421497
-0.421962
-0.422312
-0.422534
-0.42258
-0.422417
-0.422041
-0.421413
-0.420549
-0.419434
-0.418109
-0.416568
-0.414845
-0.412931
-0.410838
-0.408566
-0.406156
-0.403632
-0.401114
-0.398716
-0.396592
-0.394834
-0.393434
-0.392342
-0.391409
-0.39043
-0.389253
-0.387788
-0.386024
-0.38403
-0.381876
-0.379651
-0.37744
-0.375265
-0.373133
-0.37109
-0.369213
-0.367659
-0.366638
-0.366388
-0.367084
-0.368731
-0.371222
-0.374301
-0.37765
-0.380998
-0.384089
-0.38682
-0.389089
-0.390901
-0.392245
-0.393172
-0.393731
-0.393943
-0.393857
-0.393472
-0.392845
-0.391973
-0.390891
-0.389628
-0.388249
-0.386827
-0.385467
-0.384278
-0.383382
-0.382847
-0.382691
-0.382877
-0.383296
-0.383783
-0.384171
-0.384288
-0.384028
-0.383294
-0.38203
-0.380171
-0.37767
-0.374396
-0.370201
-0.3649
-0.358353
-0.350536
-0.341624
-0.332153
-0.323067
-0.315609
-0.311054
-0.310292
-0.313504
-0.320079
-0.328881
-0.338596
-0.348143
-0.356742
-0.364047
-0.369933
-0.374493
-0.37793
-0.380474
-0.382345
-0.383713
-0.384698
-0.38539
-0.385837
-0.386041
-0.38604
-0.385787
-0.385292
-0.384521
-0.38347
-0.382135
-0.380542
-0.37876
-0.376917
-0.375189
-0.373753
-0.372811
-0.372509
-0.372885
-0.373915
-0.375457
-0.377316
-0.379309
-0.38123
-0.382936
-0.384282
-0.385238
-0.385736
-0.385746
-0.385274
-0.384334
-0.382944
-0.381171
-0.37908
-0.376755
-0.374264
-0.371694
-0.369097
-0.366531
-0.364044
-0.361748
-0.359835
-0.358579
-0.358279
-0.3592
-0.361376
-0.364645
-0.368621
-0.372846
-0.376875
-0.380377
-0.383141
-0.385069
-0.386147
-0.386403
-0.385884
-0.384649
-0.382795
-0.3804
-0.37761
-0.374585
-0.371601
-0.3689
-0.366788
-0.365507
-0.365185
-0.365853
-0.367336
-0.369344
-0.371438
-0.373121
-0.373798
-0.372871
-0.369747
-0.36404
-0.355887
-0.346451
-0.338139
-0.333946
-0.335895
-0.343614
-0.354509
-0.365371
-0.373911
-0.379113
-0.380958
-0.380024
-0.377148
-0.373299
-0.369495
-0.366656
-0.365463
-0.366245
-0.368896
-0.372981
-0.377891
-0.383011
-0.387829
-0.392007
-0.395358
-0.397836
-0.399464
-0.400324
-0.400516
-0.400147
-0.399323
-0.398161
-0.39674
-0.395166
-0.39349
-0.391748
-0.38995
-0.388022
-0.385889
-0.38342
-0.380483
-0.376994
-0.372969
-0.368551
-0.364095
-0.360114
-0.357261
-0.356115
-0.357019
-0.359934
-0.364544
-0.370273
-0.376567
-0.382898
-0.388824
-0.393927
-0.397913
-0.400556
-0.401809
-0.401798
-0.400863
-0.399511
-0.398334
-0.397859
-0.398449
-0.400182
-0.4029
-0.406252
-0.409862
-0.413409
-0.416613
-0.419313
-0.42144
-0.422953
-0.423873
-0.42426
-0.424168
-0.423666
-0.4229
-0.421985
-0.421105
-0.420443
-0.420205
-0.420541
-0.421516
-0.423066
-0.425043
-0.427229
-0.429425
-0.431466
-0.43333
-0.435088
-0.436884
-0.438903
-0.441227
-0.443851
-0.446646
-0.449411
-0.451879
-0.453854
-0.455176
-0.455762
-0.45564
-0.454948
-0.453847
-0.452561
-0.451314
-0.450274
-0.449555
-0.449205
-0.449176
-0.449375
-0.449674
-0.449962
-0.45009
-0.449953
-0.449513
-0.448775
-0.447861
-0.446944
-0.446266
-0.446058
-0.44654
-0.447773
-0.4497
-0.451988
-0.454138
-0.455472
-0.455321
-0.453216
-0.449232
-0.444296
-0.440225
-0.43913
-0.442282
-0.44931
-0.458426
-0.46746
-0.474849
-0.479851
-0.482467
-0.483062
-0.482184
-0.480395
-0.478273
-0.476314
-0.474989
-0.474577
-0.475208
-0.476809
-0.479132
-0.481834
-0.484515
-0.486818
-0.488471
-0.489271
-0.489121
-0.488038
-0.486114
-0.483496
-0.480373
-0.476978
-0.473542
-0.470279
-0.467365
-0.464925
-0.463014
-0.461632
-0.46074
-0.460227
-0.460019
-0.460001
-0.460076
-0.460178
-0.46025
-0.460255
-0.460176
-0.460019
-0.459778
-0.459461
-0.45902
-0.458455
-0.457718
-0.456744
-0.455479
-0.453828
-0.451735
-0.449141
-0.446007
-0.442316
-0.438071
-0.433308
-0.42809
-0.422502
-0.416629
-0.410606
-0.404602
-0.39884
-0.39361
-0.389232
-0.386067
-0.384357
-0.384222
-0.385543
-0.388027
-0.391251
-0.394745
-0.398098
-0.401
-0.403259
-0.404785
-0.405584
-0.405691
-0.405162
-0.404083
-0.402547
-0.400609
-0.398332
-0.395788
-0.393045
-0.390159
-0.387208
-0.384239
-0.381309
-0.378449
-0.375689
-0.373026
-0.370447
-0.367937
-0.365482
-0.363121
-0.360915
-0.358963
-0.357439
-0.356503
-0.356315
-0.356973
-0.358475
-0.360697
-0.363459
-0.366541
-0.369678
-0.372696
-0.375453
-0.377875
-0.379894
-0.381495
-0.382652
-0.383372
-0.383624
-0.383393
-0.382691
-0.381548
-0.380069
-0.378394
-0.376728
-0.375269
-0.374148
-0.373354
-0.372716
-0.371916
-0.370589
-0.368435
-0.365345
-0.361525
-0.357481
-0.353955
-0.351747
-0.351463
-0.353261
-0.356861
-0.361711
-0.367172
-0.372712
-0.378034
-0.38296
-0.387405
-0.391272
-0.394449
-0.39676
-0.398017
-0.398049
-0.396737
-0.394045
-0.390037
-0.384922
-0.379072
-0.373038
-0.367449
-0.362905
-0.359867
-0.35853
-0.358747
-0.36016
-0.362324
-0.364761
-0.367126
-0.369153
-0.370664
-0.371588
-0.371886
-0.371578
-0.370728
-0.369473
-0.368016
-0.366647
-0.365699
-0.365482
-0.366191
-0.367807
-0.370155
-0.372885
-0.37564
-0.378063
-0.379904
-0.381027
-0.381385
-0.381007
-0.379939
-0.378255
-0.376049
-0.373377
-0.370292
-0.366827
-0.362988
-0.358751
-0.3541
-0.349039
-0.343597
-0.337841
-0.331978
-0.326246
-0.321014
-0.316687
-0.313645
-0.312155
-0.312349
-0.314132
-0.317226
-0.321259
-0.325812
-0.330474
-0.334968
-0.339072
-0.342659
-0.345681
-0.348135
-0.350022
-0.351382
-0.35223
-0.352583
-0.352444
-0.351813
-0.350705
-0.34914
-0.347207
-0.345024
-0.342781
-0.340711
-0.339081
-0.338105
-0.337944
-0.33862
-0.340027
-0.341954
-0.344128
-0.34629
-0.348172
-0.349587
-0.350372
-0.350408
-0.349545
-0.34774
-0.344971
-0.341354
-0.33715
-0.332842
-0.329053
-0.326445
-0.32549
-0.326299
-0.328581
-0.331805
-0.335364
-0.338767
-0.341699
-0.344074
-0.345908
-0.347293
-0.348346
-0.349121
-0.349689
-0.350058
-0.350194
-0.350077
-0.349662
-0.348895
-0.347745
-0.34619
-0.344244
-0.34195
-0.339383
-0.336665
-0.333972
-0.331505
-0.329468
-0.328045
-0.327311
-0.327301
-0.327945
-0.329092
-0.330565
-0.332196
-0.333808
-0.335279
-0.33651
-0.337417
-0.337972
-0.338161
-0.337969
-0.337427
-0.336568
-0.335435
-0.334117
-0.332691
-0.331291
-0.330023
-0.329021
-0.328402
-0.328251
-0.328621
-0.329511
-0.330885
-0.332659
-0.334763
-0.337094
-0.339556
-0.342081
-0.344577
-0.346999
-0.349307
-0.351484
-0.353517
-0.355396
-0.357134
-0.358729
-0.360203
-0.361547
-0.362763
-0.363847
-0.364793
-0.365561
-0.366097
-0.366341
-0.366203
-0.365555
-0.364264
-0.362188
-0.359154
-0.354991
-0.349491
-0.342387
-0.333403
-0.322338
-0.309457
-0.296007
-0.284493
-0.278022
-0.27882
-0.286847
-0.300111
-0.315929
-0.332005
-0.346639
-0.35864
-0.36724
-0.37203
-0.37291
-0.370179
-0.364597
-0.357418
-0.350233
-0.344457
-0.340695
-0.338519
-0.336872
-0.334755
-0.331881
-0.328773
-0.326478
-0.326065
-0.328147
-0.332612
-0.338775
-0.34558
-0.352033
-0.357363
-0.361174
-0.363361
-0.364068
-0.363571
-0.362191
-0.360279
-0.358124
-0.35594
-0.353873
-0.35199
-0.350392
-0.34912
-0.348252
-0.347818
-0.347878
-0.348422
-0.349388
-0.350674
-0.352134
-0.35364
-0.355085
-0.356436
-0.357681
-0.358877
-0.360048
-0.361207
-0.362282
-0.363185
-0.363812
-0.364044
-0.363805
-0.36307
-0.361893
-0.36038
-0.358682
-0.356955
-0.355368
-0.354075
-0.353207
-0.352808
-0.35291
-0.353464
-0.354344
-0.355365
-0.356234
-0.356599
-0.355989
-0.353835
-0.349494
-0.342279
-0.331622
-0.317433
-0.30061
-0.283532
-0.269807
-0.262886
-0.264186
-0.272395
-0.284564
-0.297814
-0.310269
-0.321035
-0.329883
-0.33691
-0.342335
-0.34639
-0.349314
-0.351296
-0.352479
-0.353021
-0.353061
-0.352696
-0.352044
-0.351186
-0.350205
-0.349213
-0.348258
-0.347414
-0.346706
-0.34616
-0.34576
-0.345479
-0.345267
-0.345064
-0.344805
-0.344404
-0.343841
-0.343113
-0.34222
-0.341215
-0.340182
-0.339179
-0.338266
-0.33748
-0.336806
-0.336192
-0.335515
-0.334649
-0.333457
-0.33181
-0.329666
-0.327076
-0.324279
-0.32163
-0.319623
-0.318747
-0.31931
-0.321357
-0.324636
-0.328729
-0.33315
-0.337486
-0.341414
-0.344674
-0.347049
-0.348375
-0.348514
-0.347443
-0.345247
-0.342155
-0.338601
-0.335129
-0.33236
-0.330855
-0.330997
-0.332938
-0.336516
-0.341341
-0.346892
-0.352613
-0.357966
-0.362481
-0.365797
-0.367624
-0.367752
-0.366123
-0.362895
-0.3585
-0.353699
-0.349433
-0.346625
-0.345802
-0.346938
-0.349532
-0.352891
-0.356421
-0.359807
-0.362964
-0.365985
-0.368996
-0.372104
-0.375367
-0.37877
-0.38224
-0.385681
-0.389
-0.392083
-0.39484
-0.397191
-0.399102
-0.400533
-0.401467
-0.401902
-0.401779
-0.401
-0.39939
-0.396712
-0.392682
-0.38706
-0.379759
-0.370988
-0.361367
-0.352056
-0.344609
-0.34073
-0.34161
-0.347397
-0.357019
-0.368682
-0.380558
-0.391335
-0.400343
-0.407433
-0.412748
-0.41662
-0.419434
-0.421622
-0.4236
-0.425738
-0.428307
-0.431441
-0.43513
-0.439252
-0.443574
-0.44786
-0.451926
-0.455619
-0.458869
-0.461645
-0.463936
-0.465764
-0.467144
-0.468048
-0.468496
-0.468478
-0.468005
-0.467169
-0.46606
-0.464843
-0.463699
-0.462816
-0.462336
-0.462295
-0.462645
-0.463255
-0.463944
-0.464566
-0.465018
-0.465268
-0.465368
-0.465402
-0.465472
-0.465655
-0.46598
-0.466402
-0.466857
-0.467292
-0.467625
-0.467837
-0.467953
-0.468021
-0.468059
-0.468036
-0.467865
-0.467424
-0.466622
-0.465504
-0.464388
-0.463777
-0.464301
-0.466391
-0.469994
-0.474443
-0.478596
-0.481161
-0.480942
-0.477242
-0.470001
-0.460282
-0.450295
-0.443062
-0.441088
-0.445011
-0.453368
-0.463679
-0.473813
-0.482493
-0.489242
-0.493924
-0.496562
-0.49717
-0.495744
-0.49233
-0.487066
-0.480225
-0.472286
-0.463842
-0.455616
-0.448444
-0.443351
-0.441385
-0.443199
-0.448673
-0.456795
-0.466067
-0.475112
-0.483005
-0.489326
-0.494027
-0.497206
-0.499063
-0.499755
-0.499433
-0.49823
-0.496295
-0.49375
-0.490792
-0.487665
-0.484618
-0.481904
-0.479718
-0.478167
-0.477243
-0.47684
-0.476764
-0.47682
-0.476808
-0.476627
-0.476195
-0.475496
-0.474523
-0.473248
-0.471615
-0.469511
-0.46682
-0.463437
-0.459294
-0.454377
-0.448728
-0.442379
-0.435361
-0.427721
-0.419609
-0.411474
-0.404145
-0.398821
-0.396683
-0.39849
-0.404125
-0.412692
-0.4228
-0.433075
-0.442516
-0.450549
-0.45697
-0.461825
-0.465288
-0.467533
-0.468759
-0.469113
-0.468729
-0.467725
-0.466248
-0.464471
-0.462597
-0.460887
-0.459574
-0.45885
-0.458791
-0.459346
-0.460308
-0.461379
-0.462202
-0.462455
-0.461868
-0.460282
-0.457606
-0.453861
-0.4492
-0.443822
-0.438018
-0.432085
-0.426209
-0.420504
-0.414999
-0.409845
-0.405438
-0.402432
-0.401502
-0.402902
-0.406216
-0.410406
-0.414199
-0.416553
-0.41687
-0.415038
-0.411436
-0.406719
-0.401735
-0.39735
-0.394283
-0.392952
-0.393374
-0.395186
-0.397725
-0.40021
-0.401921
-0.402416
-0.401647
-0.400011
-0.398298
-0.397507
-0.398452
-0.40143
-0.406098
-0.411708
-0.417403
-0.422478
-0.426549
-0.429477
-0.431274
-0.432056
-0.431901
-0.430886
-0.429077
-0.426481
-0.423127
-0.419034
-0.41429
-0.409084
-0.403724
-0.39864
-0.394305
-0.391116
-0.389266
-0.388692
-0.38911
-0.390084
-0.391183
-0.392074
-0.392561
-0.39257
-0.392175
-0.391537
-0.390911
-0.390551
-0.390735
-0.391627
-0.393257
-0.395542
-0.398265
-0.401157
-0.403981
-0.406531
-0.408654
-0.41024
-0.411223
-0.411576
-0.411269
-0.410274
-0.408552
-0.406129
-0.403009
-0.399288
-0.395109
-0.390701
-0.386349
-0.382339
-0.378856
-0.375996
-0.373689
-0.371793
-0.370129
-0.368624
-0.367272
-0.366203
-0.365607
-0.365704
-0.366649
-0.368479
-0.37113
-0.374362
-0.377868
-0.381328
-0.384386
-0.386759
-0.388155
-0.388326
-0.386999
-0.383856
-0.378587
-0.371071
-0.361646
-0.351509
-0.342833
-0.338164
-0.339053
-0.345034
-0.353952
-0.363233
-0.371076
-0.376693
-0.380071
-0.38158
-0.381723
-0.380898
-0.379518
-0.377859
-0.376143
-0.374546
-0.373192
-0.372152
-0.371467
-0.371127
-0.371081
-0.37127
-0.371615
-0.372052
-0.372494
-0.372907
-0.373262
-0.373545
-0.373755
-0.373887
-0.37398
-0.37404
-0.374115
-0.374216
-0.374374
-0.374608
-0.374911
-0.375305
-0.37576
-0.376269
-0.376791
-0.377276
-0.377671
-0.377941
-0.378036
-0.377941
-0.377652
-0.377181
-0.376593
-0.375941
-0.375312
-0.374791
-0.37443
-0.374256
-0.37426
-0.37438
-0.374515
-0.374544
-0.374316
-0.373758
-0.372859
-0.371726
-0.37062
-0.369859
-0.369739
-0.370458
-0.372014
-0.37418
-0.376635
-0.379031
-0.381067
-0.382584
-0.383522
-0.383895
-0.383736
-0.383104
-0.382026
-0.380494
-0.378556
-0.376362
-0.374261
-0.372726
-0.372337
-0.373519
-0.376409
-0.380729
-0.385934
-0.391374
-0.396533
-0.401034
-0.404693
-0.407529
-0.409608
-0.411037
-0.411939
-0.412443
-0.412616
-0.412521
-0.412163
-0.411526
-0.410559
-0.409199
-0.407416
-0.405227
-0.402788
-0.400354
-0.398304
-0.397001
-0.396706
-0.39747
-0.399042
-0.400979
-0.402701
-0.403755
-0.403894
-0.403155
-0.401936
-0.400853
-0.400627
-0.401791
-0.404524
-0.408577
-0.413392
-0.418346
-0.42294
-0.426832
-0.4299
-0.432207
-0.433908
-0.435225
-0.436356
-0.437479
-0.438735
-0.440193
-0.441879
-0.443737
-0.445724
-0.447723
-0.44964
-0.451382
-0.452875
-0.454037
-0.454873
-0.455347
-0.455476
-0.455298
-0.454878
-0.454265
-0.453536
-0.452737
-0.451959
-0.451254
-0.450661
-0.450184
-0.449869
-0.449687
-0.449615
-0.449624
-0.449659
-0.449651
-0.449546
-0.449251
-0.448677
-0.447723
-0.446289
-0.444274
-0.4416
-0.4382
-0.434066
-0.429258
-0.423977
-0.41853
-0.413358
-0.40902
-0.406042
-0.404825
-0.405528
-0.408002
-0.411884
-0.416652
-0.421815
-0.426958
-0.431791
-0.436143
-0.439903
-0.44301
-0.445409
-0.44703
-0.447803
-0.447645
-0.446476
-0.44424
-0.440905
-0.436482
-0.431072
-0.424885
-0.418247
-0.411573
-0.405414
-0.400246
-0.396488
-0.394381
-0.393999
-0.395228
-0.397772
-0.401269
-0.405334
-0.409583
-0.413703
-0.417496
-0.4208
-0.423548
-0.425697
-0.427243
-0.428227
-0.428707
-0.428759
-0.428492
-0.428011
-0.427425
-0.426841
-0.426328
-0.425919
-0.42565
-0.425506
-0.425465
-0.425528
-0.425665
-0.425908
-0.426276
-0.426779
-0.427408
-0.428151
-0.428941
-0.429716
-0.430353
-0.430778
-0.430887
-0.430612
-0.42989
-0.428708
-0.427043
-0.424926
-0.422436
-0.419692
-0.41685
-0.414121
-0.411709
-0.409843
-0.408701
-0.408406
-0.40904
-0.410598
-0.412998
-0.416067
-0.419513
-0.422934
-0.425932
-0.428135
-0.429348
-0.429505
-0.428777
-0.42747
-0.426034
-0.424974
-0.424785
-0.42586
-0.428356
-0.432191
-0.437031
-0.442383
-0.447715
-0.452567
-0.456614
-0.459644
-0.461549
-0.462306
-0.461917
-0.460397
-0.457735
-0.453846
-0.448655
-0.442038
-0.433992
-0.424705
-0.414728
-0.405036
-0.39697
-0.391894
-0.390763
-0.393794
-0.400371
-0.409339
-0.41942
-0.429487
-0.438747
-0.44673
-0.45326
-0.458291
-0.461898
-0.46419
-0.465295
-0.465367
-0.464551
-0.463022
-0.460942
-0.4585
-0.455903
-0.453315
-0.450924
-0.44883
-0.447119
-0.445819
-0.44486
-0.444138
-0.443516
-0.442856
-0.442017
-0.440924
-0.439543
-0.437928
-0.436202
-0.434532
-0.433153
-0.432267
-0.43202
-0.432447
-0.433501
-0.435022
-0.436822
-0.438693
-0.440473
-0.442064
-0.443424
-0.444537
-0.445438
-0.446164
-0.446727
-0.447119
-0.44733
-0.447313
-0.447042
-0.446493
-0.445648
-0.444505
-0.443069
-0.441362
-0.439398
-0.437222
-0.434883
-0.432451
-0.429984
-0.427585
-0.425304
-0.423192
-0.421264
-0.419494
-0.417815
-0.416098
-0.41423
-0.412093
-0.40962
-0.406791
-0.403678
-0.400506
-0.397564
-0.395207
-0.393753
-0.39339
-0.394108
-0.3957
-0.39783
-0.40012
-0.402232
-0.403915
-0.405037
-0.405539
-0.405432
-0.404789
-0.403711
-0.402305
-0.400732
-0.399126
-0.397654
-0.396459
-0.395658
-0.39534
-0.395545
-0.396275
-0.397458
-0.399048
-0.400941
-0.403067
-0.405361
-0.40775
-0.410189
-0.412598
-0.414883
-0.41695
-0.418677
-0.419872
-0.420387
-0.420003
-0.418568
-0.415974
-0.412201
-0.407396
-0.40189
-0.396134
-0.390604
-0.385691
-0.3816
-0.37843
-0.376154
-0.374761
-0.374252
-0.374586
-0.375726
-0.377602
-0.380218
-0.383591
-0.387717
-0.392571
-0.398047
-0.403955
-0.410102
-0.416254
-0.422273
-0.427995
-0.433325
-0.438163
-0.442459
-0.446145
-0.44914
-0.451402
-0.452844
-0.453412
-0.453029
-0.451678
-0.449346
-0.446139
-0.442185
-0.437744
-0.433183
-0.428944
-0.425479
-0.423209
-0.422418
-0.423225
-0.425533
-0.429074
-0.433445
-0.438162
-0.442745
-0.446734
-0.449781
-0.451611
-0.452078
-0.45113
-0.448809
-0.445256
-0.440614
-0.435088
-0.428873
-0.422124
-0.415019
-0.407739
-0.40053
-0.393651
-0.387434
-0.382291
-0.378723
-0.377381
-0.378838
-0.383431
-0.390847
-0.400206
-0.41026
-0.420021
-0.42902
-0.437354
-0.445291
-0.452915
-0.459933
-0.465794
-0.469934
-0.471953
-0.471715
-0.469347
-0.465123
-0.45946
-0.452855
-0.445801
-0.438857
-0.432538
-0.427347
-0.423678
-0.421772
-0.421683
-0.423136
-0.425673
-0.428753
-0.431832
-0.434552
-0.436667
-0.438084
-0.438794
-0.438871
-0.438404
-0.437466
-0.436159
-0.43457
-0.432782
-0.430893
-0.428975
-0.427126
-0.425412
-0.423913
-0.422681
-0.421745
-0.421124
-0.42079
-0.420722
-0.420873
-0.421229
-0.421749
-0.42246
-0.423352
-0.424431
-0.425695
-0.42708
-0.428542
-0.430003
-0.431394
-0.432639
-0.433657
-0.434373
-0.434684
-0.434458
-0.433553
-0.431826
-0.429156
-0.425517
-0.421005
-0.41593
-0.410779
-0.406116
-0.402442
-0.399962
-0.398553
-0.397875
-0.397541
-0.397325
-0.397228
-0.397437
-0.398204
-0.39979
-0.402288
-0.405667
-0.409732
-0.414214
-0.418781
-0.423168
-0.427142
-0.430559
-0.433348
-0.435492
-0.437021
-0.437991
-0.438466
-0.438508
-0.438184
-0.437546
-0.436637
-0.435517
-0.434249
-0.432903
-0.431573
-0.430319
-0.429205
-0.42825
-0.42742
-0.426667
-0.425918
-0.425127
-0.42425
-0.423332
-0.422448
-0.421718
-0.421297
-0.42134
-0.421959
-0.423197
-0.425046
-0.427418
-0.430151
-0.433034
-0.435837
-0.438297
-0.440124
-0.440957
-0.440437
-0.438207
-0.433954
-0.427599
-0.419485
-0.410561
-0.402437
-0.397073
-0.396012
-0.399739
-0.407366
-0.417146
-0.427207
-0.436182
-0.443308
-0.448392
-0.451584
-0.453192
-0.453577
-0.453086
-0.45197
-0.450435
-0.448647
-0.446684
-0.444602
-0.442437
-0.440255
-0.438142
-0.436253
-0.434796
-0.434003
-0.434029
-0.434898
-0.436428
-0.438208
-0.439704
-0.440378
-0.439762
-0.437586
-0.433786
-0.428565
-0.422377
-0.415941
-0.410116
-0.40577
-0.403499
-0.403539
-0.405698
-0.409504
-0.414386
-0.4198
-0.425346
-0.430727
-0.435751
-0.440288
-0.444216
-0.447474
-0.450008
-0.451796
-0.452849
-0.453167
-0.452758
-0.451658
-0.449889
-0.447476
-0.444484
-0.440951
-0.436978
-0.43265
-0.428103
-0.423453
-0.418899
-0.414649
-0.410966
-0.408175
-0.406563
-0.406358
-0.407609
-0.410171
-0.413699
-0.417742
-0.421843
-0.425584
-0.428635
-0.430761
-0.431769
-0.431505
-0.429822
-0.426538
-0.421482
-0.414491
-0.40548
-0.394597
-0.382384
-0.369944
-0.358982
-0.351452
-0.348791
-0.351176
-0.357456
-0.365755
-0.374266
-0.381778
-0.387674
-0.39187
-0.394569
-0.396138
-0.397005
-0.397582
-0.398232
-0.399154
-0.400419
-0.401984
-0.403732
-0.405493
-0.407124
-0.408524
-0.409641
-0.410463
-0.410993
-0.411265
-0.411264
-0.410958
-0.410262
-0.408969
-0.406829
-0.40345
-0.398418
-0.391257
-0.38169
-0.369874
-0.356736
-0.344251
-0.335083
-0.33153
-0.334314
-0.342054
-0.352262
-0.36257
-0.37146
-0.378349
-0.383193
-0.386286
-0.387926
-0.388444
-0.388104
-0.387142
-0.385791
-0.384307
-0.382966
-0.382037
-0.381777
-0.382332
-0.383762
-0.385955
-0.388692
-0.39172
-0.394738
-0.397455
-0.399636
-0.401
-0.401317
-0.400269
-0.397577
-0.392997
-0.386455
-0.378237
-0.369178
-0.360665
-0.354329
-0.351329
-0.351782
-0.354754
-0.358897
-0.363097
-0.366845
-0.370133
-0.373265
-0.376531
-0.380151
-0.384188
-0.388573
-0.393149
-0.397751
-0.402177
-0.406261
-0.409828
-0.412689
-0.414679
-0.415609
-0.415324
-0.413734
-0.410819
-0.406734
-0.40176
-0.396328
-0.390957
-0.386126
-0.382165
-0.379248
-0.377338
-0.37635
-0.376189
-0.376848
-0.378339
-0.380738
-0.384039
-0.388144
-0.392861
-0.397933
-0.403066
-0.407939
-0.412284
-0.415877
-0.418605
-0.420438
-0.421421
-0.42168
-0.421382
-0.420715
-0.419881
-0.419073
-0.41848
-0.418241
-0.418461
-0.41918
-0.42041
-0.422101
-0.42417
-0.426497
-0.428968
-0.431447
-0.433817
-0.435992
-0.437882
-0.439461
-0.440775
-0.441879
-0.442863
-0.443848
-0.444948
-0.446185
-0.447507
-0.448768
-0.449738
-0.450152
-0.449765
-0.448369
-0.445841
-0.44221
-0.437684
-0.432623
-0.427551
-0.423048
-0.419582
-0.417413
-0.416523
-0.416701
-0.417638
-0.419025
-0.420629
-0.422323
-0.424051
-0.425834
-0.427701
-0.429708
-0.431888
-0.434238
-0.436709
-0.439242
-0.441709
-0.443995
-0.445949
-0.447459
-0.4484
-0.448722
-0.44841
-0.447532
-0.446194
-0.444566
-0.442871
-0.441326
-0.440144
-0.439478
-0.439396
-0.439892
-0.440857
-0.442151
-0.443602
-0.445052
-0.446382
-0.447515
-0.448422
-0.449096
-0.449604
-0.449978
-0.450276
-0.45052
-0.450739
-0.45091
-0.450976
-0.450831
-0.450351
-0.449363
-0.447657
-0.44502
-0.441262
-0.436272
-0.43013
-0.423284
-0.416532
-0.411032
-0.407884
-0.407744
-0.410434
-0.415041
-0.420339
-0.42523
-0.428942
-0.431058
-0.431424
-0.429971
-0.426746
-0.421856
-0.415492
-0.408065
-0.400228
-0.392892
-0.386996
-0.383289
-0.38202
-0.38294
-0.385419
-0.388781
-0.392451
-0.396051
-0.39935
-0.402265
-0.404786
-0.406989
-0.408954
-0.410773
-0.412497
-0.414073
-0.415411
-0.416361
-0.416765
-0.416474
-0.415381
-0.413428
-0.410683
-0.407271
-0.40345
-0.399575
-0.396079
-0.393397
-0.391832
-0.391491
-0.392274
-0.393854
-0.395812
-0.397748
-0.399342
-0.400392
-0.400812
-0.400607
-0.399869
-0.398781
-0.397548
-0.396391
-0.395488
-0.394972
-0.394922
-0.395297
-0.396017
-0.396961
-0.397996
-0.398965
-0.399764
-0.400316
-0.400573
-0.40051
-0.400147
-0.399529
-0.398679
-0.397627
-0.396417
-0.395093
-0.393684
-0.392277
-0.390942
-0.389802
-0.389018
-0.388727
-0.389068
-0.390148
-0.391982
-0.394486
-0.397545
-0.400944
-0.404466
-0.407907
-0.411122
-0.414001
-0.416492
-0.418622
-0.420419
-0.421959
-0.423301
-0.424548
-0.425781
-0.427074
-0.428467
-0.430003
-0.431666
-0.433445
-0.435289
-0.43714
-0.438927
-0.440603
-0.4421
-0.443353
-0.444303
-0.444942
-0.445231
-0.445153
-0.44471
-0.443925
-0.442833
-0.441489
-0.440002
-0.43847
-0.437032
-0.435824
-0.434993
-0.434669
-0.434958
-0.435901
-0.43752
-0.439755
-0.442453
-0.445408
-0.448308
-0.45078
-0.452434
-0.452861
-0.451696
-0.448658
-0.443595
-0.4366
-0.428053
-0.418712
-0.409683
-0.402291
-0.397751
-0.396829
-0.399623
-0.405679
-0.414135
-0.424014
-0.434415
-0.444637
-0.454158
-0.462622
-0.469784
-0.475503
-0.479663
-0.482182
-0.483003
-0.482123
-0.479561
-0.475417
-0.469933
-0.463481
-0.456562
-0.449754
-0.443598
-0.438435
-0.434443
-0.431549
-0.429529
-0.428071
-0.426821
-0.425449
-0.423695
-0.421419
-0.418632
-0.415517
-0.412423
-0.409761
-0.407964
-0.407322
-0.407893
-0.409565
-0.412002
-0.414841
-0.417771
-0.420596
-0.423199
-0.425547
-0.427693
-0.429683
-0.431572
-0.433369
-0.435079
-0.436673
-0.438103
-0.439319
-0.440291
-0.440959
-0.441283
-0.441196
-0.440644
-0.439543
-0.437789
-0.435262
-0.431839
-0.427377
-0.421777
-0.415
-0.407105
-0.398324
-0.389094
-0.380046
-0.371946
-0.365598
-0.361612
-0.360309
-0.361659
-0.365246
-0.370451
-0.376617
-0.383071
-0.389325
-0.395029
-0.399956
-0.404021
-0.40722
-0.409581
-0.41119
-0.412133
-0.41251
-0.412405
-0.411931
-0.411174
-0.410257
-0.409225
-0.40819
-0.407227
-0.40639
-0.405763
-0.405408
-0.405379
-0.405705
-0.406409
-0.407473
-0.408852
-0.410467
-0.412241
-0.414047
-0.415811
-0.417434
-0.418835
-0.419954
-0.420761
-0.421252
-0.42144
-0.421383
-0.421155
-0.420835
-0.420502
-0.42021
-0.41997
-0.419669
-0.419153
-0.418178
-0.416498
-0.413889
-0.410266
-0.405781
-0.400859
-0.396173
-0.392476
-0.390279
-0.389725
-0.390489
-0.392106
-0.394228
-0.396808
-0.400038
-0.404139
-0.409096
-0.414612
-0.420226
-0.425452
-0.429945
-0.433559
-0.436319
-0.438386
-0.439954
-0.441249
-0.442431
-0.443628
-0.444922
-0.446346
-0.447861
-0.449419
-0.450925
-0.452302
-0.453471
-0.454337
-0.454872
-0.455034
-0.454822
-0.454254
-0.453372
-0.452271
-0.451048
-0.449812
-0.44869
-0.447773
-0.447151
-0.446862
-0.446874
-0.447131
-0.447553
-0.448011
-0.448378
-0.448532
-0.448369
-0.447822
-0.446858
-0.445495
-0.443766
-0.441742
-0.439479
-0.437055
-0.43457
-0.432096
-0.429748
-0.427638
-0.425924
-0.424751
-0.424306
-0.424705
-0.426036
-0.428262
-0.431272
-0.434865
-0.438783
-0.442739
-0.446435
-0.449612
-0.452053
-0.453562
-0.454017
-0.453294
-0.451326
-0.448088
-0.443579
-0.43789
-0.431255
-0.423982
-0.416528
-0.409396
-0.403099
-0.398019
-0.394373
-0.392141
-0.391126
-0.391001
-0.391421
-0.392057
-0.392686
-0.393255
-0.393863
-0.394714
-0.39605
-0.398029
-0.400676
-0.403854
-0.407341
-0.410861
-0.414183
-0.417143
-0.419663
-0.421705
-0.423298
-0.424484
-0.425323
-0.425866
-0.42617
-0.42628
-0.426239
-0.426062
-0.425766
-0.425355
-0.424821
-0.424157
-0.423309
-0.422211
-0.420779
-0.418861
-0.416273
-0.41273
-0.40792
-0.401441
-0.392932
-0.382281
-0.369805
-0.356601
-0.344597
-0.335877
-0.331706
-0.331784
-0.334559
-0.338227
-0.341725
-0.344789
-0.347722
-0.350931
-0.354578
-0.358537
-0.362525
-0.366236
-0.369504
-0.37236
-0.375072
-0.378044
-0.381674
-0.3862
-0.391614
-0.397642
-0.403829
-0.409721
-0.414925
-0.419211
-0.422478
-0.424696
-0.425954
-0.426353
-0.426033
-0.425148
-0.423916
-0.422522
-0.421197
-0.420133
-0.419498
-0.419362
-0.419725
-0.420508
-0.421566
-0.422742
-0.423897
-0.424899
-0.425691
-0.426231
-0.426514
-0.426611
-0.426546
-0.426388
-0.426171
-0.425948
-0.425717
-0.425447
-0.425062
-0.424429
-0.42334
-0.421586
-0.418869
-0.414877
-0.409383
-0.402302
-0.393823
-0.384549
-0.375574
-0.368247
-0.363838
-0.363029
-0.365552
-0.370396
-0.376255
-0.382089
-0.387397
-0.392226
-0.396944
