0.6           1   -0.937664   -0.937664           0
0.6           2    -0.93324   -0.935452  0.00156412
0.6           3   -0.933576   -0.934827  0.00116104
0.6           4   -0.931768   -0.934062  0.00109398
0.6           5     -0.9352    -0.93429 0.000898549
0.6           6   -0.936904   -0.934725 0.000847884
0.6           7   -0.931448   -0.934257 0.000846206
0.6           8    -0.93716    -0.93462 0.000814521
0.6           9   -0.934984    -0.93466 0.000725022
0.6          10     -0.9448   -0.935674  0.00116236
0.6          11   -0.935648   -0.935672  0.00105669
0.6          12   -0.940904   -0.936108  0.00105475
0.6          13   -0.927656   -0.935458  0.00115677
0.6          14   -0.934304   -0.935375  0.00107708
0.6          15   -0.933368   -0.935242  0.00101355
0.6          16   -0.932352   -0.935061 0.000966161
0.6          17   -0.939048   -0.935296 0.000937361
0.6          18     -0.9328   -0.935157  0.00089548
0.6          19   -0.936336   -0.935219 0.000850497
0.6          20   -0.928912   -0.934904  0.00086446
