0.6           1    0.414798    0.414798           0
0.6           2    0.444186    0.429492   0.0103905
0.6           3    0.411824    0.423603  0.00843247
0.6           4    0.411966    0.420693  0.00680772
0.6           5    0.460356    0.428626  0.00894424
0.6           6    0.409646    0.425463  0.00799334
0.6           7    0.403042     0.42226  0.00746562
0.6           8    0.448613    0.425554  0.00722271
0.6           9    0.349528    0.417107   0.0102298
0.6          10    0.401689    0.415565  0.00932224
0.6          11    0.424658    0.416391  0.00851134
0.6          12    0.388286    0.414049   0.0081179
0.6          13    0.424304    0.414838  0.00753167
0.6          14    0.420116    0.415215  0.00700313
0.6          15    0.462736    0.418383  0.00721733
0.6          16    0.436232    0.419499  0.00685192
0.6          17    0.417252    0.419367  0.00645014
0.6          18    0.426489    0.419762  0.00610392
0.6          19     0.41378    0.419447  0.00579078
0.6          20    0.384169    0.417683  0.00576363
