0.6           1     46.6833     46.6833           0
0.6           2     42.6728      44.678     1.41791
0.6           3     43.5918      44.316    0.990421
0.6           4     40.4249     43.3432     1.12316
0.6           5     45.4535     43.7653    0.974605
0.6           6     44.8127     43.9398    0.827658
0.6           7     41.6296     43.6098    0.772425
0.6           8     47.1274     44.0495    0.791184
0.6           9     42.7781     43.9082    0.715775
0.6          10      51.592     44.6766    0.972804
0.6          11     44.1822     44.6317    0.885405
0.6          12     48.6977     44.9705    0.874054
0.6          13     39.2958      44.534     0.90931
0.6          14      43.714     44.4754    0.846243
0.6          15     42.9724     44.3752    0.795737
0.6          16     43.2129     44.3026    0.749312
0.6          17     45.7326     44.3867    0.709941
0.6          18     42.1296     44.2613    0.681483
0.6          19     44.9864     44.2995    0.646683
0.6          20     39.6395     44.0665    0.654979
