0.6           1    -0.04092    -0.04092           0
0.6           2   -0.075488   -0.058204   0.0122216
0.6           3    0.068744   -0.015888   0.0354986
0.6           4     0.11094    0.015819    0.038247
0.6           5   -0.149892  -0.0173232   0.0426021
0.6           6    0.145296     0.00978   0.0432727
0.6           7    0.084348   0.0204326   0.0383797
0.6           8    0.072568   0.0269495    0.034131
0.6           9    -0.09518   0.0133796    0.032926
0.6          10    0.030412   0.0150828   0.0296774
0.6          11    0.055448   0.0187524   0.0272054
0.6          12   -0.000488    0.017149   0.0249855
0.6          13      0.1111    0.024376    0.024086
0.6          14    0.010472   0.0233829   0.0223861
0.6          15    0.166808   0.0329445   0.0228446
0.6          16    0.039752     0.03337   0.0214208
0.6          17   -0.178504   0.0209068   0.0235085
0.6          18    0.154876   0.0283496   0.0233509
0.6          19     0.25238   0.0401406   0.0249217
0.6          20    0.042772   0.0402722    0.023676
