1.7           1    0.255057    0.255057           0
1.7           2    0.249587    0.252322  0.00193399
1.7           3    0.246382    0.250342  0.00206785
1.7           4    0.255576     0.25165  0.00192087
1.7           5    0.244644    0.250249  0.00198297
1.7           6    0.248617    0.249977  0.00167102
1.7           7    0.246706     0.24951   0.0014962
1.7           8    0.246874     0.24918  0.00134497
1.7           9    0.249499    0.249216  0.00119599
1.7          10    0.252855     0.24958   0.0011304
1.7          11     0.23656    0.248396  0.00152632
1.7          12    0.244692    0.248087  0.00142999
1.7          13    0.247681    0.248056  0.00132033
1.7          14    0.248308    0.248074  0.00122615
1.7          15    0.246459    0.247966  0.00114912
1.7          16    0.254448    0.248372  0.00114649
1.7          17     0.25192     0.24858  0.00109788
1.7          18    0.245757    0.248423  0.00104803
1.7          19    0.245478    0.248268  0.00100427
1.7          20    0.254297     0.24857  0.00099827
