1.7           1   -0.529128   -0.529128           0
1.7           2    -0.53288   -0.531004  0.00132653
1.7           3   -0.530512    -0.53084 0.000894435
1.7           4   -0.533488   -0.531502 0.000882435
1.7           5   -0.528488   -0.530899 0.000888289
1.7           6   -0.527536   -0.530339 0.000899882
1.7           7    -0.52708   -0.529873 0.000883572
1.7           8    -0.52764   -0.529594 0.000816029
1.7           9   -0.530312   -0.529674 0.000729248
1.7          10     -0.5246   -0.529166  0.00081391
1.7          11   -0.528568   -0.529112 0.000741734
1.7          12   -0.528512   -0.529062 0.000681606
1.7          13   -0.528288   -0.529002  0.00063177
1.7          14   -0.530664   -0.529121 0.000597687
1.7          15   -0.529248    -0.52913 0.000557901
1.7          16   -0.526152   -0.528943 0.000553201
1.7          17   -0.527736   -0.528872   0.0005252
1.7          18   -0.525936   -0.528709 0.000520743
1.7          19   -0.527344   -0.528637 0.000498269
1.7          20    -0.52644   -0.528528 0.000485318
