1.7           1     2.07501     2.07501           0
1.7           2     1.96484     2.01992   0.0389524
1.7           3     1.94351     1.99445   0.0332706
1.7           4     1.97342     1.98919    0.025365
1.7           5     1.88212     1.96778   0.0279044
1.7           6     1.82156     1.94341   0.0321811
1.7           7     1.85669     1.93102   0.0298735
1.7           8     1.90344     1.92757   0.0263375
1.7           9     1.88437     1.92277   0.0238446
1.7          10      1.8821     1.91871   0.0218042
1.7          11     1.91995     1.91882   0.0198223
1.7          12     1.91562     1.91855   0.0181722
1.7          13     1.90613      1.9176   0.0167994
1.7          14     1.89768     1.91617   0.0156596
1.7          15     1.95608     1.91883   0.0148398
1.7          16     1.82032     1.91268   0.0151359
1.7          17     1.91065     1.91256    0.014246
1.7          18     1.88616     1.91109   0.0135298
1.7          19     1.90249     1.91064   0.0128253
1.7          20     1.86884     1.90855   0.0123531
