1.7           1    0.011368    0.011368           0
1.7           2   -0.005648     0.00286  0.00601606
1.7           3    0.002316  0.00267867  0.00401344
1.7           4    0.006808    0.003711  0.00314004
1.7           5   -0.002248   0.0025192  0.00272885
1.7           6    0.003384  0.00266333  0.00227785
1.7           7   -0.005736  0.00146343  0.00224635
1.7           8    0.012064   0.0027885  0.00232374
1.7           9    0.001028  0.00259289  0.00207376
1.7          10   -0.004844   0.0018492  0.00199529
1.7          11   -0.007016  0.00104327  0.00196995
1.7          12    0.001984  0.00112167  0.00180734
1.7          13    0.011676  0.00193354  0.00184166
1.7          14    0.001412  0.00189629  0.00171049
1.7          15    0.001008  0.00183707  0.00159748
1.7          16    0.007304  0.00217875  0.00153375
1.7          17    0.002024  0.00216965  0.00144355
1.7          18   -0.000548  0.00201867  0.00137123
1.7          19     9.6e-05  0.00191747  0.00130279
1.7          20   -0.007132    0.001465  0.00131387
