1.3           1   -0.009288   -0.009288           0
1.3           2    -0.00486   -0.007074  0.00156553
1.3           3    0.025884    0.003912  0.00903055
1.3           4    0.000256    0.002998  0.00681901
1.3           5   -0.008612    0.000676  0.00583717
1.3           6    0.001744    0.000854  0.00486703
1.3           7   -0.003132 0.000284571  0.00420491
1.3           8    0.000832    0.000353  0.00367986
1.3           9     0.00424 0.000784889  0.00329623
1.3          10   -0.022516  -0.0015452  0.00369961
1.3          11   -0.003592 -0.00173127  0.00336796
1.3          12   -0.014688   -0.002811  0.00325578
1.3          13     0.00926 -0.00188246  0.00313494
1.3          14   -0.016064 -0.00289543  0.00307032
1.3          15    0.015076 -0.00169733  0.00309056
1.3          16    -0.01318   -0.002415  0.00297956
1.3          17    0.008396 -0.00177906  0.00287136
1.3          18   -0.002956 -0.00184444  0.00271258
1.3          19   -0.018132 -0.00270168  0.00270187
1.3          20   -0.017496  -0.0034414  0.00266612
