1.3           1     3.54097     3.54097           0
1.3           2     3.55774     3.54936  0.00592882
1.3           3     3.58567     3.56146   0.0106436
1.3           4     3.62398     3.57709   0.0157136
1.3           5     3.48919     3.55951   0.0201316
1.3           6       3.696     3.58226   0.0266963
1.3           7     3.55443     3.57828   0.0231766
1.3           8     3.70811     3.59451   0.0253319
1.3           9     3.57598     3.59245   0.0226008
1.3          10     3.65396      3.5986   0.0211612
1.3          11     3.66533     3.60467   0.0200881
1.3          12     3.40367     3.58792   0.0244185
1.3          13     3.51741     3.58249   0.0231347
1.3          14     3.45921     3.57369   0.0230974
1.3          15     3.59114     3.57485   0.0215869
1.3          16     3.66249     3.58033   0.0209211
1.3          17     3.60519     3.58179   0.0197415
1.3          18     3.70718     3.58876   0.0198357
1.3          19     3.55498     3.58698   0.0188712
1.3          20     3.78359     3.59681   0.0203276
