1.3           1   -0.644008   -0.644008           0
1.3           2    -0.64824   -0.646124  0.00149624
1.3           3   -0.647288   -0.646512  0.00104659
1.3           4   -0.653432   -0.648242  0.00169139
1.3           5   -0.647104   -0.648014  0.00136834
1.3           6   -0.643568   -0.647273  0.00132586
1.3           7   -0.649968   -0.647658  0.00119102
1.3           8   -0.644656   -0.647283  0.00109968
1.3           9   -0.644688   -0.646995  0.00101459
1.3          10   -0.644568   -0.646752 0.000941706
1.3          11   -0.647408   -0.646812 0.000857982
1.3          12   -0.643288   -0.646518 0.000835221
1.3          13   -0.644448   -0.646359 0.000786005
1.3          14   -0.645808   -0.646319 0.000730846
1.3          15   -0.646456   -0.646329 0.000682179
1.3          16   -0.646488   -0.646339 0.000639616
1.3          17    -0.64708   -0.646382 0.000603477
1.3          18   -0.649144   -0.646536 0.000589134
1.3          19   -0.645032   -0.646456 0.000563416
1.3          20   -0.645784   -0.646423 0.000536248
