1.3           1    0.346412    0.346412           0
1.3           2    0.355179    0.350796  0.00309962
1.3           3    0.344975    0.348856  0.00260377
1.3           4    0.342269    0.347209  0.00241805
1.3           5    0.342895    0.346346  0.00208269
1.3           6    0.351358    0.347182  0.00189571
1.3           7    0.339101    0.346027  0.00194489
1.3           8    0.345186    0.345922  0.00170462
1.3           9     0.34067    0.345338    0.001612
1.3          10    0.338658     0.34467  0.00158317
1.3          11    0.336819    0.343957  0.00159204
1.3          12    0.351529    0.344588  0.00157947
1.3          13    0.345204    0.344635  0.00145869
1.3          14    0.350661    0.345066  0.00141658
1.3          15    0.342095    0.344867  0.00133591
1.3          16    0.343408    0.344776  0.00125553
1.3          17    0.353319    0.345279   0.0012783
1.3          18    0.353465    0.345734  0.00128563
1.3          19    0.337088    0.345279    0.001296
1.3          20    0.345898    0.345309  0.00123157
