0.000000e+00  0.000000e+00  0.000000e+00
2.306643e-02  0.000000e+00  0.000000e+00
4.613286e-02  0.000000e+00  0.000000e+00
6.919929e-02  0.000000e+00  0.000000e+00
9.226572e-02  0.000000e+00  0.000000e+00
1.153321e-01  0.000000e+00  0.000000e+00
1.383986e-01  0.000000e+00  0.000000e+00
1.614650e-01  0.000000e+00  0.000000e+00
1.845314e-01  0.000000e+00  0.000000e+00
2.075979e-01  0.000000e+00  0.000000e+00
2.306643e-01  0.000000e+00  0.000000e+00
2.537307e-01  0.000000e+00  0.000000e+00
2.767971e-01  0.000000e+00  0.000000e+00
2.998636e-01  0.000000e+00  0.000000e+00
3.229300e-01  0.000000e+00  0.000000e+00
3.459964e-01  0.000000e+00  0.000000e+00
3.690629e-01  0.000000e+00  0.000000e+00
3.921293e-01  0.000000e+00  0.000000e+00
4.151957e-01  0.000000e+00  0.000000e+00
4.382621e-01  0.000000e+00  0.000000e+00
4.613286e-01  0.000000e+00  0.000000e+00
4.843950e-01  0.000000e+00  0.000000e+00
5.074614e-01  0.000000e+00  0.000000e+00
5.305279e-01  0.000000e+00  0.000000e+00
5.535943e-01  0.000000e+00  0.000000e+00
5.766607e-01  0.000000e+00  0.000000e+00
5.997271e-01  0.000000e+00  0.000000e+00
6.227936e-01  0.000000e+00  0.000000e+00
6.458600e-01  0.000000e+00  0.000000e+00
6.689264e-01  0.000000e+00  0.000000e+00
6.919929e-01  0.000000e+00  0.000000e+00
7.150593e-01  0.000000e+00  0.000000e+00
7.381257e-01  0.000000e+00  0.000000e+00
7.611922e-01  0.000000e+00  0.000000e+00
7.842586e-01  0.000000e+00  0.000000e+00
8.073250e-01  0.000000e+00  0.000000e+00
8.303914e-01  0.000000e+00  0.000000e+00
8.534579e-01  0.000000e+00  0.000000e+00
8.765243e-01  5.891240e-05  2.908567e-05
8.995907e-01  3.700845e-03  2.673963e-04
9.226572e-01  4.674948e-02  9.932841e-04
9.457236e-01  2.889322e-01  3.457344e-03
9.687900e-01  9.929953e-01  9.479788e-03
9.918564e-01  2.229103e+00  7.160415e-03
1.014923e+00  3.622805e+00  5.848652e-03
1.037989e+00  4.617300e+00  7.533698e-03
1.061056e+00  4.914663e+00  9.891520e-03
1.084122e+00  4.512490e+00  1.149684e-02
1.107189e+00  3.669304e+00  1.136627e-02
1.130255e+00  2.700704e+00  1.190895e-02
1.153321e+00  1.824998e+00  4.379776e-03
1.176388e+00  1.122130e+00  5.452247e-03
1.199454e+00  6.465073e-01  4.468431e-03
1.222521e+00  3.491028e-01  4.847441e-03
1.245587e+00  1.746654e-01  2.929807e-03
1.268654e+00  8.602843e-02  2.629995e-03
1.291720e+00  4.684968e-02  1.838203e-03
1.314786e+00  3.929488e-02  1.582313e-03
1.337853e+00  5.881997e-02  1.916686e-03
1.360919e+00  1.025419e-01  2.276446e-03
1.383986e+00  1.811917e-01  2.645806e-03
1.407052e+00  2.961109e-01  2.753383e-03
1.430119e+00  4.555201e-01  1.511516e-03
1.453185e+00  6.274868e-01  1.414464e-03
1.476251e+00  8.034302e-01  3.143478e-03
1.499318e+00  9.262008e-01  5.911731e-03
1.522384e+00  9.752130e-01  6.295505e-03
1.545451e+00  9.343570e-01  4.655953e-03
1.568517e+00  8.106538e-01  2.089258e-03
1.591584e+00  6.406039e-01  1.537007e-03
1.614650e+00  4.644030e-01  1.371561e-03
1.637716e+00  3.147107e-01  2.637274e-03
1.660783e+00  2.169454e-01  3.661141e-03
1.683849e+00  1.886072e-01  3.549262e-03
1.706916e+00  2.484111e-01  4.846322e-03
1.729982e+00  4.267821e-01  5.110778e-03
1.753049e+00  7.415521e-01  5.056811e-03
1.776115e+00  1.192427e+00  3.629807e-03
1.799181e+00  1.729029e+00  3.405254e-03
1.822248e+00  2.244535e+00  2.948114e-03
1.845314e+00  2.608060e+00  8.404530e-03
1.868381e+00  2.730793e+00  1.261642e-02
1.891447e+00  2.566920e+00  1.015832e-02
1.914514e+00  2.179504e+00  6.059770e-03
1.937580e+00  1.688322e+00  2.237793e-03
1.960646e+00  1.196973e+00  2.640497e-03
1.983713e+00  7.962297e-01  4.676843e-03
2.006779e+00  5.373946e-01  5.325089e-03
2.029846e+00  4.271224e-01  5.876910e-03
2.052912e+00  4.565237e-01  4.678371e-03
2.075979e+00  5.807783e-01  3.835553e-03
2.099045e+00  7.590148e-01  1.953674e-03
2.122111e+00  9.239435e-01  2.776326e-03
2.145178e+00  1.021450e+00  3.928879e-03
2.168244e+00  1.027884e+00  3.815302e-03
2.191311e+00  9.219642e-01  2.865304e-03
2.214377e+00  7.795466e-01  1.546223e-03
2.237444e+00  6.481470e-01  3.377488e-03
2.260510e+00  5.641292e-01  4.601082e-03
2.283576e+00  5.644561e-01  5.404714e-03
