           1     1.00528     1.00528           0
           2     1.31372      1.1595     0.10905
           3     1.38577     1.23492   0.0952781
           4     1.39057     1.27384   0.0790056
           5      1.4792     1.31491   0.0731051
           6     1.49082     1.34423   0.0665407
           7     1.52308     1.36978   0.0617456
           8     1.33209     1.36507   0.0542068
           9     1.39834     1.36876   0.0483097
          10     1.50854     1.38274   0.0454559
           1     1.00528     1.00528           0
           2     1.31372      1.1595     0.10905
           3     1.38577     1.23492   0.0952781
           4     1.39057     1.27384   0.0790056
           5      1.4792     1.31491   0.0731051
           6     1.49082     1.34423   0.0665407
           7     1.52308     1.36978   0.0617456
           8     1.33209     1.36507   0.0542068
           9     1.39834     1.36876   0.0483097
          10     1.50854     1.38274   0.0454559
           1      7.4166      7.4166           0
           2     7.59708     7.50684   0.0638091
           3     7.48452      7.4994   0.0429708
           4     7.58139      7.5199   0.0367937
           5     7.67823     7.55157   0.0408493
           6      7.5546     7.55207   0.0340442
           7     7.65636     7.56697   0.0322764
           8     7.45175     7.55257   0.0312905
           9     7.48894      7.5455   0.0286013
          10     7.61059     7.55201   0.0264715
