           1    -5.53981    -5.53981           0
           2    -5.47979     -5.5098    0.021221
           3    -5.46378    -5.49446   0.0188952
           4    -5.46286    -5.48656   0.0157367
           5    -5.44762    -5.47877   0.0143882
           6    -5.44041    -5.47238   0.0133352
           7    -5.44155    -5.46797   0.0121358
           8    -5.48247    -5.46979   0.0107532
           9    -5.45736     -5.4684  0.00964664
          10    -5.44838     -5.4664  0.00888733
           1    -5.53981    -5.53981           0
           2    -5.47979     -5.5098    0.021221
           3    -5.46378    -5.49446   0.0188952
           4    -5.46286    -5.48656   0.0157367
           5    -5.44762    -5.47877   0.0143882
           6    -5.44041    -5.47238   0.0133352
           7    -5.44155    -5.46797   0.0121358
           8    -5.48247    -5.46979   0.0107532
           9    -5.45736     -5.4684  0.00964664
          10    -5.44838     -5.4664  0.00888733
           1    -7.57918    -7.57918           0
           2     -7.5462    -7.56269   0.0116586
           3     -7.5667    -7.56403   0.0078489
           4    -7.54878    -7.56022   0.0067487
           5    -7.53076    -7.55432  0.00754458
           6    -7.55261    -7.55404  0.00629254
           7    -7.53528    -7.55136  0.00593699
           8    -7.57245    -7.55399  0.00575042
           9     -7.5665    -7.55538  0.00527674
          10    -7.54262    -7.55411   0.0049009
