1.20484
1.19646
1.17396
1.13777
1.08928
1.03112
0.967312
0.902796
0.842972
0.792552
0.754846
0.731407
0.72213
0.725614
0.739457
0.760557
0.785378
0.810466
0.83287
0.850436
0.861939
0.866855
0.865419
0.858455
0.847364
0.834062
0.820705
0.809493
0.802521
0.80146
0.80731
0.820138
0.838944
0.861775
0.886138
0.909516
0.929741
0.945265
0.955399
0.960354
0.961041
0.95879
0.955227
0.951816
0.949798
0.949833
0.952031
0.955882
0.960511
0.964718
0.967082
0.966111
0.960616
0.950082
0.93482
0.916078
0.89573
0.875829
0.858286
0.844607
0.835821
0.832496
0.834974
0.843295
0.857252
0.876032
0.898111
0.921279
0.942895
0.960438
0.972021
0.976731
0.97476
0.967318
0.956414
0.94435
0.933239
0.924623
0.919043
0.916246
0.915392
0.915403
0.915256
0.9142
0.911821
0.908034
0.902848
0.896403
0.889215
0.882307
0.877273
0.875789
0.879034
0.887099
0.898646
0.911238
0.921863
0.927711
0.926685
0.917799
0.9012
0.878084
0.850451
0.820882
0.792259
0.767469
0.749074
0.739096
0.738846
0.748731
0.767973
0.794845
0.826981
0.861788
0.896835
0.930013
0.959548
0.984013
1.00233
1.01371
1.01772
1.01442
1.00459
0.9896
0.971466
0.952431
0.934602
0.91955
0.908205
0.900986
0.897992
0.899013
0.903719
0.911397
0.9209
0.930825
0.939671
0.946123
0.949115
0.947914
0.942192
0.931909
0.917606
0.900424
0.882055
0.864531
0.849984
0.840001
0.835281
0.835632
0.839953
0.846615
0.853985
0.860939
0.867313
0.873829
0.881578
0.891243
0.902641
0.914728
0.926159
0.936043
0.944379
0.951807
0.959249
0.967183
0.975445
0.983394
0.990152
0.994786
0.996597
0.995273
0.990631
0.98266
0.971365
0.956785
0.939081
0.918613
0.896078
0.872572
0.849618
0.829018
0.812523
0.801585
0.79719
0.799739
0.809116
0.824528
0.844425
0.866543
0.888063
0.905929
0.917321
0.920234
0.914
0.899721
0.880191
0.859383
0.841706
0.83085
0.828956
0.836346
0.851684
0.872568
0.896108
0.919492
0.940302
0.956732
0.967877
0.973882
0.975734
0.974834
0.97241
0.969347
0.966465
0.964767
0.965091
0.96775
0.971907
0.975597
0.976413
0.972388
0.96284
0.948407
0.931045
0.913356
0.8978
0.886237
0.87968
0.878384
0.881928
0.889369
0.899241
0.909747
0.918967
0.925188
0.927031
0.923585
0.914521
0.900402
0.882634
0.863394
0.845315
0.831157
0.82333
0.823337
0.831426
0.846354
0.865588
0.885899
0.904115
0.917841
0.925752
0.927821
0.924954
0.9187
0.910746
0.90261
0.89529
0.889277
0.884644
0.881347
0.87937
0.87886
0.880082
0.883225
0.888385
0.895314
0.903345
0.911497
0.918734
0.92429
0.927964
0.93003
0.931239
0.932285
0.933391
0.934253
0.934268
0.93304
0.930615
0.927456
0.924282
0.921634
0.919797
0.918723
0.918119
0.917553
0.916544
0.914857
0.912493
0.909558
0.906323
0.903041
0.900023
0.897462
0.895359
0.893505
0.891541
0.889157
0.886247
0.883045
0.880052
0.87757
0.875577
0.87376
0.87181
0.869615
0.867488
0.865894
0.865265
0.865888
0.867791
0.870871
0.874992
0.880035
0.88579
0.891801
0.897277
0.901152
0.902286
0.899816
0.893349
0.883114
0.869937
0.855132
0.840411
0.827739
0.819123
0.816142
0.819623
0.829437
0.844677
0.863868
0.885351
0.907387
0.928489
0.947476
0.963636
0.976716
0.986694
0.993664
0.997717
0.998858
0.996998
0.992056
0.983998
0.972977
0.959489
0.944486
0.929395
0.915891
0.905581
0.89942
0.897362
0.898376
0.900786
0.90292
0.903628
0.902467
0.899619
0.895568
0.89082
0.885739
0.880553
0.87545
0.870729
0.86693
0.864844
0.865477
0.869944
0.878961
0.89239
0.909047
0.926706
0.942782
0.954886
0.961449
0.962013
0.957265
0.948631
0.937906
0.926534
0.915372
0.904638
0.894179
0.88386
0.873807
0.864342
0.855928
0.848877
0.843309
0.839365
0.837268
0.837385
0.839879
0.8445
0.85071
0.857743
0.865074
0.872556
0.880163
0.887954
0.895804
0.903376
0.910304
0.916443
0.922041
0.927673
0.934156
0.942109
0.951579
0.961879
0.971784
0.979803
0.984477
0.98451
0.978906
0.967189
0.949716
0.927775
0.903507
0.879592
0.858679
0.843131
0.834939
0.835612
0.845786
0.864785
0.890364
0.919094
0.947239
0.971623
0.990072
1.00144
1.00529
1.00177
0.991355
0.974643
0.952419
0.925938
0.89715
0.868565
0.843204
0.823781
0.812084
0.808853
0.813747
0.825794
0.843383
0.864359
0.886112
0.905764
0.920603
0.928553
0.928596
0.92086
0.906684
0.88852
0.869541
0.853216
0.842551
0.839357
0.843981
0.855308
0.871358
0.889983
0.909291
0.927907
0.945002
0.960226
0.97349
0.984874
0.994207
1.00097
1.00429
1.00314
0.996622
0.984406
0.966946
0.945463
0.921799
0.898316
0.877591
0.862073
0.853791
0.853985
0.862743
0.878858
0.899941
0.922678
0.943397
0.958656
0.966009
0.964387
0.954264
0.937445
0.916566
0.894725
0.874896
0.85941
0.849572
0.845573
0.846797
0.852368
0.86138
0.873085
0.886722
0.901259
0.915398
0.927541
0.936097
0.939835
0.93815
0.931277
0.920303
0.907067
0.893892
0.88323
0.877055
0.876222
0.880149
0.887211
0.89524
0.901969
0.905513
0.904582
0.89877
0.888584
0.87521
0.860392
0.845918
0.833388
0.824088
0.819093
0.819285
0.825195
0.83679
0.853155
0.872579
0.893126
0.913293
0.932481
0.95092
0.968903
0.985852
1.00025
1.01029
1.01474
1.01327
1.00627
0.994527
0.97901
0.960751
0.940899
0.920655
0.901115
0.883041
0.867163
0.85419
0.844946
0.840359
0.841214
0.847786
0.859612
0.875389
0.893185
0.910757
0.925729
0.935947
0.939826
0.936681
0.926825
0.911567
0.892984
0.873593
0.855906
0.842042
0.833512
0.830903
0.834214
0.843017
0.856735
0.874592
0.89536
0.917231
0.937778
0.954444
0.965072
0.968263
0.963778
0.952624
0.936899
0.919167
0.901944
0.887232
0.876317
0.869625
0.866995
0.867872
0.87163
0.877614
0.885158
0.893493
0.901732
0.90895
0.914182
0.916734
0.916385
0.913391
0.908387
0.902179
0.895596
0.889299
0.883812
0.8794
0.876216
0.874361
0.873857
0.874738
0.877051
0.880832
0.885982
0.892218
0.898938
0.905458
0.911144
0.915706
0.919488
0.923363
0.928425
0.935329
0.943781
0.952509
0.959694
0.963701
0.96385
0.960529
0.954591
0.946542
0.936148
0.923011
0.90718
0.889357
0.870733
0.852493
0.835694
0.821325
0.810415
0.803998
0.803056
0.808157
0.819359
0.836062
0.856882
0.879791
0.902361
0.922296
0.937991
0.948811
0.9551
0.957734
0.957571
0.955223
0.950906
0.944751
0.937124
0.928937
0.921591
0.916514
0.914834
0.91691
0.922165
0.929288
0.93659
0.942596
0.946388
0.947739
0.947104
0.94524
0.942818
0.940176
0.937067
0.932806
0.926443
0.917212
0.904793
0.889621
0.872924
0.856629
0.842913
0.833649
0.82993
0.831862
0.838695
0.849036
0.861307
0.874019
0.885979
0.896306
0.904438
0.910108
0.913216
0.913916
0.912549
0.90973
0.906206
0.90266
0.899511
0.897031
0.895293
0.894267
0.893627
0.892899
0.891636
0.889673
0.887273
0.885178
0.884136
0.884416
0.885548
0.886519
0.886236
0.883867
0.879211
0.872708
0.865196
0.857652
0.850908
0.84549
0.84175
0.840048
0.840783
0.844345
0.850945
0.860466
0.872529
0.886499
0.901578
0.916988
0.932014
0.945973
0.958191
0.967958
0.974661
0.977779
0.977015
0.972416
0.964222
0.953022
0.939887
0.926278
0.913876
0.904168
0.898045
0.895546
0.895901
0.897865
0.900039
0.901249
0.900861
0.898803
0.895467
0.891659
0.888274
0.886158
0.885651
0.886497
0.887864
0.888682
0.888001
0.88535
0.880819
0.875103
0.869231
0.864363
0.861522
0.86145
0.864449
0.870314
0.878351
0.887534
0.896787
0.905089
0.911736
0.916341
0.918846
0.91929
0.917654
0.913723
0.907223
0.898032
0.88632
0.872684
0.858142
0.844083
0.831941
0.823113
0.818654
0.81915
0.82465
0.834795
0.848862
0.865867
0.884553
0.903306
0.920488
0.934688
0.945042
0.951427
0.95445
0.955335
0.955645
0.956817
0.959769
0.964632
0.970777
0.976964
0.981894
0.984573
0.984738
0.982874
0.979808
0.976255
0.972514
0.968418
0.963424
0.956768
0.947718
0.935643
0.920285
0.90188
0.881306
0.860191
0.840723
0.825402
0.816358
0.814829
0.820617
0.83208
0.846508
0.860734
0.871915
0.878045
0.87809
0.872073
0.860964
0.84633
0.829981
0.813826
0.799607
0.788715
0.782221
0.780832
0.785085
0.795231
0.811009
0.831299
0.854118
0.877123
0.898215
0.916207
0.930994
0.943411
0.954525
0.965061
0.974978
0.983484
0.989437
0.991849
0.990179
0.984513
0.975479
0.964006
0.951051
0.937412
0.923788
0.910742
0.898732
0.888151
0.879179
0.871918
0.866408
0.862898
0.861988
0.864378
0.870584
0.880482
0.893363
0.908084
0.923423
0.93832
0.951897
0.963417
0.972232
0.977829
0.979853
0.978199
0.972998
0.964579
0.953556
0.940736
0.927005
0.9133
0.900474
0.889085
0.879378
0.871172
0.863911
0.856864
0.849213
0.840309
0.829841
0.817883
0.804866
0.791456
0.77865
0.767947
0.761271
0.760872
0.768844
0.786141
0.812011
0.843986
0.878662
0.912703
0.943471
0.969156
0.988627
1.00128
1.00702
1.00601
0.998741
0.985982
0.96885
0.948855
0.927933
0.90834
0.89232
0.881583
0.876893
0.877838
0.883045
0.890745
0.899238
0.907293
0.914009
0.918722
0.920908
0.920089
0.916092
0.909202
0.900245
0.890403
0.880903
0.872636
0.865854
0.860238
0.855199
0.850393
0.845997
0.842741
0.841691
0.843792
0.849566
0.859191
0.872467
0.888974
0.907855
0.92789
0.947482
0.964821
0.978135
0.985968
0.987405
0.982115
0.970484
0.953554
0.933028
0.910903
0.889254
0.869979
0.854633
0.844244
0.839278
0.839459
0.843778
0.850757
0.858873
0.866912
0.874204
0.880727
0.886964
0.89364
0.901309
0.910033
0.91929
0.928178
0.935617
0.940751
