-7.2383
-7.22949
-7.20202
-7.1616
-7.11297
-7.05243
-6.98864
-6.9237
-6.86333
-6.81567
-6.7787
-6.75509
-6.74847
-6.75149
-6.76621
-6.78558
-6.8109
-6.83682
-6.85753
-6.8755
-6.88603
-6.88899
-6.88599
-6.87821
-6.86745
-6.8534
-6.83951
-6.83025
-6.8251
-6.82469
-6.83385
-6.84701
-6.86762
-6.8904
-6.9151
-6.93922
-6.95839
-6.97371
-6.9846
-6.98973
-6.99102
-6.98565
-6.98139
-6.97775
-6.97656
-6.97811
-6.97921
-6.98319
-6.98816
-6.99095
-6.99402
-6.99362
-6.9886
-6.97918
-6.96415
-6.94386
-6.92023
-6.9008
-6.88423
-6.8723
-6.86501
-6.86323
-6.86564
-6.87519
-6.88871
-6.90887
-6.93085
-6.95366
-6.97271
-6.98941
-7.00065
-7.00466
-7.00207
-6.99548
-6.98435
-6.97229
-6.96429
-6.95403
-6.94648
-6.94457
-6.9432
-6.9413
-6.93947
-6.93797
-6.93351
-6.9312
-6.92685
-6.92127
-6.9147
-6.90855
-6.90283
-6.9021
-6.90487
-6.91434
-6.92547
-6.94027
-6.95119
-6.95481
-6.95431
-6.94399
-6.92764
-6.90267
-6.87601
-6.84705
-6.81771
-6.79248
-6.77549
-6.76579
-6.76752
-6.77905
-6.79785
-6.82536
-6.86047
-6.89638
-6.93166
-6.96325
-6.99201
-7.01526
-7.03388
-7.04454
-7.04878
-7.04478
-7.03468
-7.0196
-7.00127
-6.98162
-6.96434
-6.95124
-6.93965
-6.92929
-6.92703
-6.92844
-6.93089
-6.93946
-6.94713
-6.95733
-6.96568
-6.9715
-6.97637
-6.9744
-6.96822
-6.9575
-6.94381
-6.92578
-6.90611
-6.88814
-6.87593
-6.86419
-6.85968
-6.85952
-6.86448
-6.87063
-6.88189
-6.88942
-6.89738
-6.90559
-6.91254
-6.92111
-6.93361
-6.94537
-6.95699
-6.96606
-6.97524
-6.98263
-6.99335
-7.00165
-7.00765
-7.01455
-7.0192
-7.02422
-7.02444
-7.02117
-7.01878
-7.00983
-6.99529
-6.98072
-6.9611
-6.94071
-6.91673
-6.89385
-6.87007
-6.84981
-6.83186
-6.82284
-6.8214
-6.82529
-6.83565
-6.85191
-6.87312
-6.89434
-6.91693
-6.93362
-6.94424
-6.94559
-6.93977
-6.92416
-6.90366
-6.88232
-6.86453
-6.85579
-6.85582
-6.86441
-6.87978
-6.89976
-6.92341
-6.94632
-6.96676
-6.9856
-6.99685
-7.00401
-7.00681
-7.007
-7.00351
-7.00107
-6.99794
-6.99803
-6.99794
-6.99919
-7.00308
-7.00886
-7.01056
-7.00372
-6.99363
-6.97848
-6.9587
-6.93917
-6.92459
-6.91382
-6.90649
-6.90603
-6.90937
-6.91616
-6.92585
-6.93794
-6.94855
-6.95277
-6.95444
-6.94914
-6.94083
-6.92627
-6.90792
-6.89029
-6.87118
-6.85788
-6.84819
-6.85194
-6.86111
-6.87499
-6.89319
-6.91666
-6.93549
-6.94576
-6.95145
-6.95524
-6.95066
-6.94513
-6.93904
-6.93062
-6.92342
-6.91787
-6.91337
-6.91021
-6.90837
-6.91126
-6.90975
-6.91245
-6.91586
-6.92099
-6.92941
-6.93752
-6.94396
-6.95257
-6.95639
-6.95768
-6.95917
-6.95957
-6.961
-6.95986
-6.96106
-6.95809
-6.95491
-6.95333
-6.9502
-6.94568
-6.9436
-6.94323
-6.94136
-6.94077
-6.94099
-6.9415
-6.93519
-6.9348
-6.93317
-6.93184
-6.92821
-6.927
-6.92558
-6.92535
-6.92141
-6.92027
-6.91634
-6.91379
-6.90987
-6.90614
-6.90548
-6.90334
-6.90039
-6.89689
-6.89544
-6.89457
-6.89374
-6.8932
-6.8949
-6.89809
-6.90166
-6.90549
-6.91227
-6.91925
-6.92299
-6.92697
-6.92907
-6.92653
-6.91902
-6.90942
-6.89568
-6.87919
-6.86685
-6.85255
-6.84378
-6.84175
-6.84491
-6.85597
-6.87071
-6.89247
-6.91312
-6.93706
-6.95541
-6.97414
-6.99097
-7.00536
-7.01503
-7.02203
-7.02644
-7.02728
-7.02771
-7.02116
-7.01183
-6.99988
-6.98716
-6.97402
-6.95836
-6.94673
-6.93616
-6.92978
-6.92809
-6.92868
-6.93048
-6.93122
-6.93175
-6.92943
-6.92676
-6.92036
-6.91426
-6.91078
-6.90916
-6.90537
-6.8978
-6.89122
-6.88741
-6.88935
-6.89749
-6.90632
-6.92015
-6.93734
-6.95432
-6.97042
-6.98332
-6.99058
-6.9912
-6.98729
-6.97934
-6.96784
-6.95452
-6.9434
-6.93141
-6.92097
-6.90905
-6.89774
-6.88869
-6.88104
-6.87284
-6.86646
-6.86398
-6.86176
-6.86179
-6.86452
-6.87159
-6.87565
-6.88241
-6.89138
-6.89854
-6.90779
-6.91495
-6.92279
-6.93031
-6.93781
-6.94323
-6.94944
-6.95383
-6.9572
-6.96532
-6.97588
-6.98685
-6.99728
-7.00471
-7.01027
-7.00978
-7.00584
-6.99352
-6.97391
-6.95357
-6.93018
-6.90418
-6.88241
-6.86751
-6.85917
-6.86078
-6.87287
-6.89298
-6.91969
-6.94852
-6.97837
-7.00256
-7.02034
-7.03032
-7.03148
-7.02822
-7.01714
-6.99919
-6.97842
-6.95064
-6.92174
-6.89528
-6.87105
-6.85298
-6.84147
-6.83649
-6.84183
-6.85289
-6.87158
-6.8934
-6.91411
-6.93275
-6.94633
-6.95157
-6.94952
-6.94268
-6.92636
-6.90958
-6.89071
-6.87515
-6.86453
-6.86407
-6.86878
-6.88101
-6.89741
-6.91716
-6.93904
-6.9598
-6.97898
-6.99466
-7.00773
-7.01698
-7.02511
-7.03028
-7.03288
-7.03446
-7.02512
-7.01331
-6.99506
-6.97229
-6.94821
-6.92424
-6.9036
-6.88905
-6.87866
-6.87876
-6.8893
-6.90636
-6.92777
-6.9508
-6.96917
-6.98341
-6.99216
-6.99287
-6.98133
-6.96301
-6.94124
-6.9198
-6.9016
-6.88632
-6.87545
-6.87072
-6.87307
-6.88032
-6.89028
-6.90221
-6.91697
-6.93218
-6.94393
-6.95513
-6.96163
-6.96323
-6.96197
-6.95494
-6.94494
-6.9329
-6.92084
-6.91054
-6.90618
-6.90426
-6.90858
-6.91649
-6.92385
-6.92937
-6.9338
-6.9298
-6.92448
-6.91424
-6.89999
-6.88545
-6.87142
-6.85787
-6.84928
-6.84314
-6.84324
-6.85168
-6.8651
-6.88251
-6.90213
-6.92302
-6.94472
-6.96543
-6.9835
-7.00174
-7.01852
-7.03321
-7.04273
-7.04626
-7.04293
-7.03541
-7.02356
-7.00934
-6.99184
-6.97093
-6.94812
-6.92837
-6.9108
-6.89486
-6.88189
-6.87243
-6.86997
-6.86978
-6.87723
-6.88888
-6.90334
-6.92219
-6.93993
-6.95225
-6.96319
-6.968
-6.96415
-6.954
-6.93831
-6.9205
-6.89955
-6.8828
-6.86812
-6.86017
-6.85783
-6.86302
-6.87201
-6.88457
-6.90278
-6.92084
-6.94334
-6.96329
-6.97847
-6.98808
-6.99179
-6.98851
-6.97712
-6.96302
-6.94555
-6.9272
-6.9125
-6.90071
-6.89347
-6.89186
-6.89306
-6.89901
-6.90421
-6.9109
-6.92056
-6.92907
-6.93678
-6.94241
-6.94533
-6.94372
-6.94146
-6.93662
-6.92872
-6.92117
-6.91461
-6.90858
-6.90396
-6.90155
-6.90016
-6.90044
-6.90049
-6.90327
-6.9059
-6.9115
-6.91782
-6.9252
-6.9336
-6.9395
-6.94137
-6.94511
-6.94744
-6.95396
-6.96073
-6.97058
-6.98183
-6.98941
-6.99239
-6.99119
-6.98789
-6.98141
-6.97185
-6.96119
-6.94583
-6.93008
-6.91212
-6.89445
-6.87729
-6.86003
-6.84791
-6.8374
-6.83149
-6.83081
-6.83523
-6.84508
-6.8613
-6.8847
-6.9093
-6.93171
-6.95095
-6.96617
-6.97748
-6.98466
-6.986
-6.98593
-6.98143
-6.9766
-6.96995
-6.96221
-6.95404
-6.94686
-6.94176
-6.94175
-6.9445
-6.94904
-6.95723
-6.96447
-6.97223
-6.97674
-6.97754
-6.9761
-6.97416
-6.97138
-6.96806
-6.96261
-6.95851
-6.95415
-6.94429
-6.93124
-6.91649
-6.89974
-6.8823
-6.8709
-6.86281
-6.8574
-6.8589
-6.86518
-6.87578
-6.88946
-6.89987
-6.91041
-6.92054
-6.92714
-6.9332
-6.93574
-6.93686
-6.93693
-6.93466
-6.93078
-6.9279
-6.92417
-6.92403
-6.92107
-6.92107
-6.92239
-6.92195
-6.92094
-6.91891
-6.9178
-6.91384
-6.91002
-6.91139
-6.91482
-6.91636
-6.91298
-6.90974
-6.90455
-6.89822
-6.89228
-6.8864
-6.87815
-6.87256
-6.86739
-6.86656
-6.86854
-6.87239
-6.87995
-6.88845
-6.89944
-6.91226
-6.92514
-6.94119
-6.95582
-6.97125
-6.98488
-6.99242
-6.99846
-7.00023
-7.0007
-6.99766
-6.98752
-6.9751
-6.96411
-6.95054
-6.93705
-6.92735
-6.9229
-6.92009
-6.92066
-6.92077
-6.92386
-6.92364
-6.9247
-6.92249
-6.91939
-6.91494
-6.90938
-6.90806
-6.90836
-6.90995
-6.91196
-6.91234
-6.91051
-6.9083
-6.90426
-6.89945
-6.89557
-6.8915
-6.88891
-6.88882
-6.89245
-6.89792
-6.90742
-6.91633
-6.92489
-6.93467
-6.93918
-6.9426
-6.94393
-6.94481
-6.94134
-6.93749
-6.93266
-6.92353
-6.91159
-6.89943
-6.88455
-6.86997
-6.85843
-6.85064
-6.84731
-6.84799
-6.85267
-6.8639
-6.87993
-6.89813
-6.91496
-6.93266
-6.94798
-6.96021
-6.9708
-6.97843
-6.98474
-6.98647
-6.98389
-6.98553
-6.98868
-6.99533
-7.00155
-7.00799
-7.01176
-7.01321
-7.01346
-7.01047
-7.0096
-7.00699
-7.0042
-6.99842
-6.99201
-6.9845
-6.97549
-6.96309
-6.94579
-6.92744
-6.90673
-6.88502
-6.86488
-6.85139
-6.84307
-6.84295
-6.84714
-6.85968
-6.87326
-6.88763
-6.89773
-6.90328
-6.90076
-6.89353
-6.88199
-6.86807
-6.85327
-6.83659
-6.822
-6.81085
-6.80581
-6.80626
-6.80981
-6.82021
-6.83619
-6.85748
-6.88204
-6.90332
-6.92511
-6.94277
-6.96051
-6.97469
-6.98541
-6.99687
-7.00442
-7.0137
-7.02063
-7.02362
-7.02283
-7.01453
-7.00326
-6.98998
-6.97757
-6.96455
-6.95032
-6.938
-6.92612
-6.91634
-6.90786
-6.89883
-6.8922
-6.88827
-6.88863
-6.89139
-6.89798
-6.90822
-6.92264
-6.93812
-6.95444
-6.96956
-6.98232
-6.99489
-7.00632
-7.01124
-7.0129
-7.00894
-7.00242
-6.98983
-6.97826
-6.96628
-6.95218
-6.94047
-6.92842
-6.91557
-6.90506
-6.89633
-6.88751
-6.87785
-6.86881
-6.85943
-6.84751
-6.83801
-6.8233
-6.80892
-6.79917
-6.7878
-6.78262
-6.78362
-6.79413
-6.81331
-6.84155
-6.87525
-6.91098
-6.94448
-6.97384
-6.99926
-7.0184
-7.03327
-7.03703
-7.03406
-7.02556
-7.01425
-6.99352
-6.97495
-6.95568
-6.9357
-6.92176
-6.91096
-6.9072
-6.90638
-6.91191
-6.91912
-6.92859
-6.93493
-6.94082
-6.94595
-6.9485
-6.95028
-6.94403
-6.93592
-6.92649
-6.91663
-6.90592
-6.89878
-6.8889
-6.88369
-6.87803
-6.87228
-6.86893
-6.86681
-6.86734
-6.86881
-6.874
-6.88497
-6.89957
-6.91474
-6.93412
-6.95711
-6.9785
-6.99357
-7.0051
-7.012
-7.01115
-7.0052
-6.99039
-6.97528
-6.95547
-6.93071
-6.90922
-6.89028
-6.87409
-6.86391
-6.86208
-6.86273
-6.86706
-6.87616
-6.88432
-6.89554
-6.90307
-6.90954
-6.91643
-6.92092
-6.92935
-6.93719
-6.94807
-6.95654
-6.9641
-6.96833
