-6.03346
-6.03302
-6.02806
-6.02383
-6.02369
-6.02131
-6.02132
-6.0209
-6.02035
-6.02312
-6.02386
-6.02368
-6.02634
-6.02588
-6.02675
-6.02502
-6.02553
-6.02635
-6.02466
-6.02506
-6.02409
-6.02214
-6.02057
-6.01976
-6.02009
-6.01934
-6.0188
-6.02075
-6.02258
-6.02323
-6.02654
-6.02687
-6.02867
-6.02862
-6.02896
-6.0297
-6.02864
-6.02844
-6.0292
-6.02937
-6.02998
-6.02686
-6.02616
-6.02593
-6.02676
-6.02828
-6.02718
-6.0273
-6.02765
-6.02623
-6.02694
-6.02751
-6.02798
-6.0291
-6.02933
-6.02778
-6.0245
-6.02497
-6.02595
-6.02769
-6.02919
-6.03073
-6.03067
-6.0319
-6.03146
-6.03284
-6.03274
-6.03238
-6.02982
-6.02897
-6.02863
-6.02793
-6.02731
-6.02816
-6.02794
-6.02794
-6.03105
-6.02941
-6.02744
-6.02832
-6.02781
-6.0259
-6.02422
-6.02377
-6.02169
-6.02317
-6.024
-6.02487
-6.02549
-6.02624
-6.02556
-6.02631
-6.02584
-6.02724
-6.02682
-6.02903
-6.02932
-6.0271
-6.02763
-6.02619
-6.02644
-6.02459
-6.02556
-6.02617
-6.02545
-6.02501
-6.02642
-6.0267
-6.02868
-6.03032
-6.02988
-6.03052
-6.03349
-6.03459
-6.03482
-6.03324
-6.03246
-6.03125
-6.03156
-6.03083
-6.03106
-6.03036
-6.03009
-6.03
-6.02981
-6.02919
-6.02973
-6.03169
-6.03144
-6.0283
-6.02904
-6.02943
-6.02717
-6.02806
-6.02623
-6.02651
-6.026
-6.02538
-6.02725
-6.02649
-6.02602
-6.02559
-6.02621
-6.02536
-6.02405
-6.02361
-6.02595
-6.02419
-6.0244
-6.02389
-6.02452
-6.02402
-6.0279
-6.02848
-6.03007
-6.03176
-6.03096
-6.02987
-6.03097
-6.03064
-6.03084
-6.03002
-6.03086
-6.03082
-6.0341
-6.03447
-6.03221
-6.03116
-6.02905
-6.02944
-6.02784
-6.0259
-6.02815
-6.02717
-6.02393
-6.02393
-6.02202
-6.0221
-6.02065
-6.02128
-6.02045
-6.02079
-6.01934
-6.02126
-6.02421
-6.02555
-6.02653
-6.02738
-6.02869
-6.0278
-6.02886
-6.02769
-6.02692
-6.02536
-6.02577
-6.02444
-6.02347
-6.02294
-6.02282
-6.02494
-6.02686
-6.02806
-6.02809
-6.0272
-6.0273
-6.02682
-6.02646
-6.02887
-6.02898
-6.03012
-6.03108
-6.03217
-6.0311
-6.03173
-6.03147
-6.03326
-6.03285
-6.03144
-6.03117
-6.03326
-6.03414
-6.03133
-6.03079
-6.03007
-6.02765
-6.02582
-6.02679
-6.02758
-6.02681
-6.02765
-6.02744
-6.02679
-6.02661
-6.02819
-6.02958
-6.02758
-6.02741
-6.02556
-6.0263
-6.02587
-6.02528
-6.02689
-6.02587
-6.02672
-6.02486
-6.0286
-6.02969
-6.02863
-6.0276
-6.03076
-6.03138
-6.02792
-6.0257
-6.02742
-6.02571
-6.02643
-6.02829
-6.02801
-6.02813
-6.02859
-6.02873
-6.02886
-6.029
-6.0324
-6.02967
-6.02922
-6.02747
-6.02568
-6.02606
-6.02602
-6.02523
-6.02828
-6.02842
-6.02765
-6.02793
-6.02729
-6.02761
-6.02561
-6.02679
-6.02504
-6.0243
-6.02588
-6.02591
-6.02404
-6.0238
-6.02451
-6.02324
-6.02321
-6.02445
-6.02665
-6.02269
-6.02524
-6.02684
-6.02879
-6.02819
-6.02953
-6.03022
-6.03185
-6.02987
-6.03111
-6.0301
-6.03075
-6.02981
-6.02857
-6.0299
-6.02958
-6.02858
-6.02727
-6.02795
-6.02868
-6.02847
-6.02731
-6.02711
-6.02722
-6.02667
-6.02546
-6.02648
-6.02745
-6.02572
-6.02582
-6.02679
-6.02672
-6.02567
-6.02631
-6.02575
-6.02406
-6.02643
-6.02481
-6.02466
-6.02561
-6.02529
-6.02653
-6.02603
-6.0286
-6.02776
-6.02968
-6.02692
-6.02667
-6.02733
-6.02864
-6.02834
-6.02837
-6.02872
-6.02843
-6.03071
-6.02911
-6.02783
-6.0269
-6.02767
-6.02953
-6.02897
-6.03084
-6.03058
-6.03036
-6.03073
-6.0303
-6.0297
-6.0283
-6.02812
-6.02696
-6.02714
-6.02479
-6.02344
-6.02504
-6.0286
-6.02992
-6.02707
-6.02429
-6.02257
-6.02387
-6.02754
-6.02736
-6.02776
-6.0283
-6.02761
-6.02763
-6.02843
-6.02913
-6.02919
-6.03003
-6.03071
-6.02994
-6.02799
-6.02803
-6.02678
-6.02679
-6.02519
-6.02393
-6.02434
-6.02511
-6.02397
-6.02315
-6.02462
-6.0245
-6.02441
-6.02464
-6.02709
-6.02494
-6.02467
-6.0263
-6.02599
-6.02762
-6.02699
-6.02698
-6.02693
-6.0275
-6.02678
-6.0274
-6.02615
-6.02304
-6.02321
-6.0243
-6.02497
-6.0255
-6.02491
-6.0258
-6.02527
-6.02694
-6.02633
-6.02419
-6.02579
-6.02667
-6.02459
-6.02373
-6.02438
-6.02424
-6.02517
-6.02708
-6.02819
-6.02932
-6.02943
-6.03113
-6.03094
-6.03027
-6.02888
-6.02619
-6.02644
-6.02579
-6.02454
-6.026
-6.0247
-6.02459
-6.02672
-6.02785
-6.0292
-6.02939
-6.02764
-6.02808
-6.0271
-6.02819
-6.02904
-6.02799
-6.02699
-6.02573
-6.02302
-6.02093
-6.02182
-6.01967
-6.02106
-6.02117
-6.02193
-6.02197
-6.02471
-6.0248
-6.0257
-6.02605
-6.02717
-6.02975
-6.03189
-6.03398
-6.03443
-6.03424
-6.0321
-6.03091
-6.02931
-6.02859
-6.03133
-6.02849
-6.0289
-6.02811
-6.02683
-6.02641
-6.02592
-6.02601
-6.02697
-6.02487
-6.02477
-6.02655
-6.0275
-6.02783
-6.02812
-6.02578
-6.02476
-6.02615
-6.02849
-6.02707
-6.02556
-6.02467
-6.02507
-6.02671
-6.02691
-6.02588
-6.02515
-6.02627
-6.02795
-6.0289
-6.02913
-6.03024
-6.03092
-6.02853
-6.02759
-6.02553
-6.02339
-6.02382
-6.02367
-6.02464
-6.02583
-6.02694
-6.02731
-6.02913
-6.02804
-6.02843
-6.02928
-6.02861
-6.0274
-6.02829
-6.02521
-6.02571
-6.02565
-6.02478
-6.02506
-6.02551
-6.02448
-6.02519
-6.02405
-6.02396
-6.02649
-6.02831
-6.02936
-6.02955
-6.0299
-6.03143
-6.03295
-6.03258
-6.03284
-6.03267
-6.03296
-6.03244
-6.03153
-6.02965
-6.02913
-6.02904
-6.03033
-6.03109
-6.03003
-6.02746
-6.02725
-6.02776
-6.0277
-6.0277
-6.02748
-6.02961
-6.02856
-6.02945
-6.02927
-6.02795
-6.029
-6.02917
-6.02652
-6.02724
-6.02818
-6.02747
-6.02718
-6.02674
-6.02751
-6.02595
-6.02689
-6.02608
-6.02666
-6.02693
-6.0288
-6.029
-6.02783
-6.02819
-6.02548
-6.02611
-6.02552
-6.02403
-6.02301
-6.02353
-6.02474
-6.0245
-6.02612
-6.02638
-6.02526
-6.02527
-6.02439
-6.02384
-6.02487
-6.02518
-6.02738
-6.0266
-6.02574
-6.02707
-6.02733
-6.02783
-6.02823
-6.02859
-6.02733
-6.02807
-6.02824
-6.02654
-6.02558
-6.02531
-6.02477
-6.02456
-6.02534
-6.0258
-6.02658
-6.02575
-6.02622
-6.02507
-6.02552
-6.0256
-6.02626
-6.02814
-6.02836
-6.02566
-6.02563
-6.02408
-6.02553
-6.0254
-6.02679
-6.02932
-6.02971
-6.02869
-6.02734
-6.02736
-6.02682
-6.02531
-6.02505
-6.02282
-6.0229
-6.02277
-6.02372
-6.02479
-6.02434
-6.02658
-6.02698
-6.02749
-6.02775
-6.02708
-6.02572
-6.02524
-6.02782
-6.02951
-6.02935
-6.02866
-6.02818
-6.02867
-6.02956
-6.02827
-6.02835
-6.02621
-6.02569
-6.0252
-6.02509
-6.0251
-6.02527
-6.02524
-6.02691
-6.02759
-6.02688
-6.02795
-6.02788
-6.02963
-6.03035
-6.02981
-6.029
-6.02891
-6.02856
-6.02789
-6.02555
-6.0257
-6.02771
-6.02707
-6.02644
-6.02687
-6.02681
-6.02568
-6.02799
-6.02916
-6.02747
-6.02704
-6.02648
-6.02675
-6.02815
-6.02586
-6.02443
-6.02423
-6.0227
-6.0231
-6.02252
-6.02294
-6.02438
-6.02493
-6.02457
-6.02524
-6.02465
-6.02699
-6.02578
-6.02681
-6.02876
-6.02905
-6.02931
-6.02924
-6.03053
-6.02866
-6.02588
-6.02697
-6.02927
-6.02984
-6.02675
-6.02587
-6.02534
-6.02551
-6.02709
-6.02875
-6.02724
-6.02707
-6.02564
-6.02651
-6.02775
-6.02805
-6.029
-6.02798
-6.02691
-6.02576
-6.02356
-6.0242
-6.02381
-6.02528
-6.02669
-6.02446
-6.0238
-6.02245
-6.02368
-6.02525
-6.02329
-6.02208
-6.02422
-6.02427
-6.02318
-6.02319
-6.02486
-6.02454
-6.02476
-6.02291
-6.02383
-6.02239
-6.02384
-6.02368
-6.02392
-6.02328
-6.0211
-6.02191
-6.02271
-6.02346
-6.0241
-6.02366
-6.02251
-6.02295
-6.02344
-6.02435
-6.02634
-6.02714
-6.02739
-6.02737
-6.028
-6.02761
-6.02907
-6.0288
-6.0281
-6.02958
-6.02744
-6.02626
-6.02508
-6.02552
-6.02369
-6.02377
-6.02544
-6.0255
-6.02527
-6.02675
-6.02641
-6.02589
-6.02649
-6.02753
-6.02865
-6.02884
-6.02802
-6.02911
-6.03106
-6.03227
-6.03041
-6.02935
-6.02749
-6.02552
-6.02576
-6.027
-6.03029
-6.03113
-6.02824
-6.02871
-6.02891
-6.0307
-6.03077
-6.03102
-6.02986
-6.02864
-6.02873
-6.0276
-6.02979
-6.03074
-6.03169
-6.03001
-6.02858
-6.02773
-6.02777
-6.02745
-6.02551
-6.02556
-6.02542
-6.02483
-6.02416
-6.02599
-6.02671
-6.02812
-6.02652
-6.0276
-6.02675
-6.02689
-6.02581
-6.02524
-6.02267
-6.02145
-6.02103
-6.02174
-6.02329
-6.02276
-6.02239
-6.02214
-6.02359
-6.02543
-6.02472
-6.02498
-6.02518
-6.02618
-6.02793
-6.0262
-6.0269
-6.02656
-6.02952
-6.03128
-6.03088
-6.03181
-6.02945
-6.03021
-6.03119
-6.03177
-6.03265
-6.03002
-6.02779
-6.02598
-6.02652
-6.02714
-6.02653
-6.02726
-6.02739
-6.02819
-6.02868
-6.02691
-6.0258
-6.02538
-6.02665
-6.02701
-6.0274
-6.02774
-6.02928
-6.03004
-6.03101
-6.03124
-6.03042
-6.03147
-6.03408
-6.03341
-6.03305
-6.03074
-6.02943
-6.02525
-6.02471
-6.02554
-6.02518
-6.02717
-6.02794
-6.02649
-6.02569
-6.02516
-6.0236
-6.02099
-6.01959
-6.01912
-6.01767
-6.02013
-6.01843
-6.01747
-6.02052
-6.01985
-6.02135
-6.02275
-6.02528
-6.02717
-6.02954
-6.03127
-6.03232
-6.03177
-6.03036
-6.03011
-6.02977
-6.03199
-6.03001
-6.02806
-6.02682
-6.02827
-6.02467
-6.0261
-6.02775
-6.02736
-6.02944
-6.02938
-6.03031
-6.02854
-6.02887
-6.02837
-6.02935
-6.02763
-6.02681
-6.02723
-6.0276
-6.03019
-6.02794
-6.02671
-6.02625
-6.02622
-6.02502
-6.02614
-6.02304
-6.02345
-6.02283
-6.02189
-6.02293
-6.02407
-6.02564
-6.02502
-6.02444
-6.02578
-6.0271
-6.02577
-6.02627
-6.02922
-6.03102
-6.02875
-6.02696
-6.02603
-6.02375
-6.02308
-6.01991
-6.02173
-6.02245
-6.01981
-6.01997
-6.0203
-6.01946
-6.01967
-6.0228
-6.02327
-6.02328
-6.02541
-6.02545
-6.02863
-6.02887
-6.02881
-6.02947
-6.02728
-6.02804
-6.02715
-6.02878
-6.02836
-6.02849
-6.02758
