0.803223
0.797643
0.782639
0.758511
0.726187
0.687416
0.644875
0.601864
0.561981
0.528368
0.50323
0.487604
0.48142
0.483742
0.492971
0.507038
0.523585
0.540311
0.555247
0.566958
0.574626
0.577903
0.576946
0.572303
0.564909
0.556041
0.547137
0.539662
0.535014
0.534307
0.538206
0.546759
0.559296
0.574517
0.590759
0.606344
0.619828
0.630177
0.636933
0.640236
0.640694
0.639193
0.636818
0.634544
0.633198
0.633222
0.634687
0.637255
0.640341
0.643145
0.644721
0.644074
0.640411
0.633388
0.623213
0.610719
0.597153
0.583886
0.572191
0.563071
0.557214
0.554997
0.556649
0.562197
0.571501
0.584021
0.598741
0.614186
0.628597
0.640292
0.648014
0.651154
0.64984
0.644878
0.637609
0.629567
0.622159
0.616415
0.612695
0.610831
0.610261
0.610269
0.610171
0.609467
0.60788
0.605356
0.601899
0.597602
0.59281
0.588205
0.584849
0.583859
0.586022
0.591399
0.599097
0.607492
0.614576
0.618474
0.61779
0.611866
0.6008
0.585389
0.566967
0.547255
0.528173
0.511646
0.499383
0.492731
0.492564
0.499154
0.511982
0.529897
0.551321
0.574526
0.59789
0.620009
0.639699
0.656009
0.668218
0.675809
0.678483
0.676283
0.669724
0.659733
0.647644
0.634954
0.623068
0.613034
0.60547
0.600657
0.598661
0.599342
0.60248
0.607598
0.613934
0.62055
0.626447
0.630749
0.632743
0.631943
0.628128
0.621273
0.611737
0.600283
0.588036
0.576354
0.566656
0.560001
0.556854
0.557088
0.559969
0.56441
0.569323
0.57396
0.578208
0.582553
0.587719
0.594162
0.601761
0.609819
0.617439
0.624029
0.629586
0.634538
0.6395
0.644788
0.650297
0.655596
0.660101
0.66319
0.664398
0.663516
0.66042
0.655107
0.647576
0.637856
0.626054
0.612409
0.597385
0.581715
0.566412
0.552679
0.541682
0.53439
0.53146
0.533159
0.539411
0.549685
0.56295
0.577695
0.592042
0.603953
0.611547
0.61349
0.609333
0.599814
0.586794
0.572922
0.561137
0.5539
0.552637
0.557564
0.567789
0.581712
0.597405
0.612995
0.626868
0.637821
0.645252
0.649255
0.650489
0.649889
0.648273
0.646231
0.64431
0.643178
0.643394
0.645167
0.647938
0.650398
0.650942
0.648258
0.641893
0.632271
0.620697
0.608904
0.598534
0.590825
0.586453
0.585589
0.587952
0.592912
0.599494
0.606498
0.612644
0.616792
0.618021
0.615723
0.60968
0.600268
0.588423
0.575596
0.563543
0.554105
0.548887
0.548891
0.554284
0.564236
0.577059
0.590599
0.602743
0.611894
0.617168
0.618547
0.616636
0.612467
0.607164
0.60174
0.59686
0.592852
0.589762
0.587565
0.586246
0.585906
0.586722
0.588817
0.592257
0.596876
0.60223
0.607665
0.612489
0.616193
0.618643
0.62002
0.620826
0.621523
0.62226
0.622835
0.622845
0.622027
0.62041
0.618304
0.616188
0.614422
0.613198
0.612482
0.612079
0.611702
0.611029
0.609904
0.608329
0.606372
0.604215
0.602027
0.600015
0.598308
0.596906
0.59567
0.594361
0.592771
0.590831
0.588697
0.586701
0.585046
0.583718
0.582507
0.581206
0.579743
0.578325
0.577263
0.576843
0.577259
0.578527
0.580581
0.583328
0.58669
0.590526
0.594534
0.598185
0.600768
0.601524
0.599877
0.595566
0.588743
0.579958
0.570088
0.560274
0.551826
0.546082
0.544095
0.546415
0.552958
0.563118
0.575912
0.590234
0.604925
0.618993
0.631651
0.642424
0.651144
0.657796
0.662443
0.665145
0.665905
0.664665
0.661371
0.655999
0.648652
0.639659
0.629657
0.619596
0.610594
0.603721
0.599613
0.598241
0.598917
0.600524
0.601946
0.602419
0.601644
0.599746
0.597045
0.59388
0.590493
0.587035
0.583633
0.580486
0.577953
0.576563
0.576985
0.579963
0.585974
0.594926
0.606031
0.617804
0.628521
0.636591
0.640966
0.641342
0.638177
0.632421
0.62527
0.617689
0.610248
0.603092
0.596119
0.58924
0.582538
0.576228
0.570618
0.565918
0.562206
0.559577
0.558179
0.558257
0.55992
0.563
0.56714
0.571829
0.576716
0.581704
0.586776
0.591969
0.597203
0.602251
0.606869
0.610962
0.614694
0.618449
0.622771
0.628073
0.634386
0.641253
0.647856
0.653202
0.656318
0.65634
0.652604
0.644793
0.633144
0.618517
0.602338
0.586395
0.572453
0.562087
0.556626
0.557075
0.563857
0.576524
0.593576
0.612729
0.631493
0.647749
0.660048
0.667626
0.670193
0.667849
0.660903
0.649762
0.634946
0.617292
0.5981
0.579043
0.562136
0.549187
0.541389
0.539235
0.542498
0.550529
0.562255
0.576239
0.590741
0.603843
0.613735
0.619036
0.619064
0.613907
0.604456
0.592347
0.579694
0.568811
0.561701
0.559571
0.562654
0.570205
0.580906
0.593322
0.606194
0.618604
0.630001
0.640151
0.648993
0.656583
0.662805
0.667313
0.669526
0.668758
0.664414
0.656271
0.644631
0.630309
0.614533
0.598877
0.585061
0.574716
0.569194
0.569323
0.575162
0.585905
0.599961
0.615119
0.628931
0.639104
0.644006
0.642924
0.636176
0.624963
0.611044
0.596483
0.583264
0.57294
0.566381
0.563715
0.564531
0.568245
0.574253
0.582057
0.591148
0.60084
0.610265
0.618361
0.624065
0.626557
0.625433
0.620851
0.613536
0.604711
0.595928
0.58882
0.584703
0.584148
0.586766
0.591474
0.596827
0.601313
0.603675
0.603055
0.59918
0.59239
0.583473
0.573594
0.563946
0.555592
0.549392
0.546062
0.54619
0.55013
0.55786
0.56877
0.581719
0.595417
0.608862
0.621654
0.633946
0.645936
0.657234
0.666833
0.673524
0.676491
0.675516
0.670847
0.663018
0.652674
0.6405
0.627266
0.61377
0.600743
0.588694
0.578108
0.56946
0.563297
0.560239
0.560809
0.56519
0.573074
0.583592
0.595457
0.607172
0.617153
0.623965
0.626551
0.624454
0.617883
0.607711
0.595323
0.582395
0.570604
0.561361
0.555674
0.553935
0.556143
0.562011
0.571157
0.583061
0.596906
0.611488
0.625186
0.636296
0.643382
0.645509
0.642519
0.635083
0.624599
0.612778
0.601296
0.591488
0.584211
0.57975
0.577997
0.578581
0.581087
0.585076
0.590105
0.595662
0.601155
0.605967
0.609455
0.611156
0.610924
0.608927
0.605591
0.601452
0.597064
0.592866
0.589208
0.586267
0.584144
0.582907
0.582571
0.583159
0.584701
0.587221
0.590654
0.594812
0.599292
0.603638
0.607429
0.610471
0.612992
0.615575
0.61895
0.623553
0.629187
0.635006
0.639796
0.642468
0.642567
0.640353
0.636394
0.631028
0.624099
0.615341
0.604787
0.592905
0.580489
0.568329
0.557129
0.54755
0.540276
0.535999
0.535371
0.538771
0.54624
0.557375
0.571255
0.586527
0.601574
0.614864
0.625327
0.632541
0.636733
0.638489
0.638381
0.636815
0.633937
0.629834
0.624749
0.619292
0.614394
0.61101
0.609889
0.611273
0.614777
0.619526
0.624394
0.628398
0.630925
0.631826
0.631403
0.63016
0.628545
0.626784
0.624711
0.621871
0.617629
0.611475
0.603195
0.59308
0.58195
0.571086
0.561942
0.555766
0.553287
0.554575
0.55913
0.566024
0.574205
0.582679
0.590653
0.597538
0.602959
0.606739
0.608811
0.609278
0.608366
0.606487
0.604137
0.601773
0.599674
0.598021
0.596862
0.596178
0.595752
0.595266
0.594424
0.593115
0.591515
0.590118
0.589424
0.589611
0.590365
0.591013
0.590824
0.589245
0.586141
0.581805
0.576797
0.571768
0.567272
0.56366
0.561167
0.560032
0.560522
0.562896
0.567296
0.573644
0.581686
0.590999
0.601052
0.611325
0.621343
0.630648
0.638794
0.645305
0.649774
0.651853
0.651343
0.648277
0.642815
0.635348
0.626591
0.617519
0.609251
0.602779
0.598697
0.59703
0.597267
0.598577
0.600026
0.600833
0.600574
0.599202
0.596978
0.59444
0.592183
0.590772
0.590434
0.590998
0.591909
0.592455
0.592
0.590233
0.587213
0.583402
0.579487
0.576242
0.574348
0.5743
0.576299
0.580209
0.585567
0.591689
0.597858
0.603393
0.607824
0.610894
0.612564
0.61286
0.611769
0.609149
0.604815
0.598688
0.59088
0.58179
0.572094
0.562722
0.554627
0.548742
0.545769
0.5461
0.549767
0.55653
0.565908
0.577244
0.589702
0.602204
0.613659
0.623125
0.630028
0.634285
0.6363
0.63689
0.637097
0.637878
0.639846
0.643088
0.647185
0.651309
0.654596
0.656382
0.656492
0.655249
0.653205
0.650836
0.648343
0.645612
0.642283
0.637845
0.631812
0.623762
0.613523
0.601253
0.587538
0.573461
0.560482
0.550268
0.544238
0.54322
0.547078
0.55472
0.564339
0.573823
0.581276
0.585364
0.585394
0.581382
0.573976
0.56422
0.553321
0.542551
0.533071
0.52581
0.521481
0.520555
0.52339
0.530154
0.540673
0.554199
0.569412
0.584749
0.59881
0.610804
0.620663
0.62894
0.63635
0.643374
0.649985
0.655656
0.659625
0.661233
0.660119
0.656342
0.650319
0.64267
0.634034
0.624941
0.615858
0.607161
0.599154
0.5921
0.58612
0.581279
0.577605
0.575265
0.574659
0.576252
0.58039
0.586988
0.595575
0.605389
0.615615
0.625547
0.634598
0.642278
0.648155
0.651886
0.653235
0.652133
0.648665
0.643052
0.635704
0.627157
0.618003
0.608867
0.600316
0.592723
0.586252
0.580781
0.575941
0.571243
0.566142
0.560206
0.553227
0.545255
0.536577
0.527638
0.5191
0.511965
0.507514
0.507248
0.512563
0.524094
0.541341
0.562657
0.585774
0.608468
0.628981
0.646104
0.659085
0.667519
0.671346
0.67067
0.665828
0.657321
0.6459
0.63257
0.618622
0.60556
0.59488
0.587722
0.584596
0.585226
0.588697
0.59383
0.599492
0.604862
0.60934
0.612481
0.613938
0.613393
0.610728
0.606135
0.600164
0.593602
0.587268
0.581758
0.577236
0.573492
0.570133
0.566929
0.563998
0.561827
0.561127
0.562528
0.566377
0.572794
0.581644
0.592649
0.605237
0.618593
0.631655
0.643214
0.65209
0.657312
0.65827
0.654744
0.646989
0.635703
0.622019
0.607269
0.592836
0.579986
0.569756
0.56283
0.559519
0.559639
0.562519
0.567171
0.572582
0.577941
0.582803
0.587151
0.591309
0.59576
0.600873
0.606688
0.61286
0.618785
0.623745
0.627168
