5.4953
5.54768
5.69119
5.9109
6.19038
6.52751
6.88922
7.25377
7.59097
7.86754
8.07711
8.20874
8.25472
8.23571
8.15531
8.03957
7.89772
7.75341
7.6296
7.52864
7.46556
7.44261
7.45567
7.49916
7.56408
7.64435
7.72474
7.78776
7.82737
7.8365
7.80129
7.73364
7.62927
7.50573
7.37133
7.23953
7.1269
7.03601
6.97063
6.93359
6.91838
6.92737
6.93908
6.95025
6.95347
6.94629
6.93557
6.91558
6.89323
6.87919
6.8724
6.88522
6.92314
6.98658
7.07636
7.18731
7.30911
7.41867
7.51283
7.58291
7.62563
7.63726
7.61979
7.56696
7.48703
7.37734
7.25383
7.12601
7.0122
6.91711
6.8532
6.82705
6.83655
6.8721
6.92861
6.99118
7.04254
7.09205
7.12714
7.14217
7.15067
7.15813
7.16612
7.17623
7.19676
7.21687
7.24541
7.27965
7.31708
7.35111
7.37698
7.38003
7.36084
7.31327
7.25319
7.18427
7.1323
7.11325
7.1263
7.18667
7.28514
7.4231
7.57842
7.74354
7.90447
8.04182
8.13798
8.18829
8.17956
8.11452
8.00138
7.84292
7.64968
7.4454
7.24189
7.05345
6.88467
6.74658
6.64118
6.57844
6.55616
6.57761
6.63527
6.72165
6.82623
6.93734
7.03994
7.12457
7.19342
7.24513
7.26405
7.26015
7.2406
7.19709
7.14897
7.09378
7.04629
7.01259
6.99294
7.00257
7.03686
7.09606
7.17456
7.27124
7.37438
7.46987
7.5424
7.5987
7.62187
7.61907
7.59215
7.55475
7.50346
7.46097
7.41909
7.37663
7.3343
7.28415
7.22179
7.16008
7.10085
7.05113
7.00454
6.96293
6.91262
6.86492
6.82035
6.77434
6.73694
6.70555
6.69398
6.70105
6.71819
6.76217
6.83106
6.91262
7.01706
7.13342
7.26503
7.39748
7.52974
7.64616
7.7435
7.80263
7.82336
7.80937
7.75895
7.67629
7.56884
7.45499
7.34103
7.25247
7.19828
7.19111
7.2277
7.30963
7.41701
7.52827
7.62031
7.66997
7.67146
7.62437
7.53677
7.4209
7.28798
7.15672
7.03885
6.93835
6.8713
6.82989
6.81181
6.80921
6.82072
6.83305
6.84731
6.85207
6.85233
6.84448
6.82858
6.81204
6.81453
6.85079
6.91073
6.9955
7.09789
7.19935
7.28218
7.34319
7.38001
7.38444
7.36461
7.32469
7.2709
7.21044
7.158
7.13
7.12251
7.14781
7.19763
7.27661
7.37426
7.47327
7.5698
7.6394
7.67982
7.66558
7.61412
7.53161
7.42726
7.30932
7.20925
7.14296
7.10568
7.09182
7.11264
7.14727
7.18949
7.23838
7.28273
7.31953
7.34916
7.37066
7.38371
7.3802
7.37927
7.3616
7.33499
7.29848
7.25102
7.20364
7.16259
7.12207
7.09818
7.08509
7.07491
7.06859
7.06098
7.06078
7.05874
7.06986
7.08506
7.09893
7.11637
7.13533
7.14661
7.15191
7.15913
7.16345
7.16696
7.17149
7.19267
7.2024
7.21583
7.22895
7.2468
7.2588
7.27078
7.28034
7.29907
7.31339
7.33527
7.35453
7.3756
7.39389
7.40298
7.41336
7.42428
7.43528
7.43985
7.43998
7.43585
7.42657
7.40825
7.38329
7.35497
7.32457
7.28759
7.25211
7.22841
7.2123
7.21157
7.23453
7.28246
7.34758
7.43086
7.52422
7.60637
7.68378
7.73363
7.74844
7.72924
7.67086
7.58573
7.47153
7.35179
7.22265
7.10857
7.0004
6.90554
6.82627
6.76771
6.72517
6.6983
6.68936
6.6919
6.7206
6.76636
6.82802
6.89968
6.97731
7.06087
7.13087
7.18902
7.22577
7.24032
7.24117
7.23562
7.23352
7.23631
7.25095
7.27143
7.30361
7.33693
7.36492
7.38803
7.41387
7.44458
7.46785
7.47726
7.46336
7.42242
7.3651
7.28331
7.18504
7.08516
6.99318
6.92129
6.87944
6.87107
6.88967
6.92996
6.98589
7.04944
7.10923
7.17113
7.23006
7.29278
7.35426
7.40979
7.45994
7.50794
7.54788
7.5744
7.59431
7.60204
7.59593
7.57284
7.55039
7.518
7.47808
7.43985
7.39487
7.3523
7.30672
7.26146
7.21696
7.1782
7.13828
7.10133
7.06366
7.01164
6.95087
6.8884
6.83038
6.78694
6.76023
6.76335
6.79339
6.86196
6.96489
7.08315
7.21451
7.34932
7.46397
7.54497
7.58667
7.57731
7.51432
7.40592
7.26279
7.1056
6.94849
6.81604
6.71712
6.65897
6.64549
6.66696
6.7294
6.82848
6.95209
7.10452
7.26608
7.42022
7.55772
7.66142
7.72473
7.74543
7.7162
7.65048
7.54971
7.43122
7.31346
7.20819
7.1308
7.09501
7.10171
7.14467
7.22935
7.32781
7.43296
7.52171
7.58091
7.59325
7.56842
7.50445
7.41437
7.30674
7.19032
7.07703
6.97116
6.87892
6.79947
6.73635
6.6849
6.65119
6.63715
6.64223
6.69002
6.76209
6.86478
6.98917
7.12164
7.25121
7.36255
7.44202
7.48789
7.4833
7.42896
7.33793
7.22311
7.10119
6.99745
6.92117
6.88253
6.88993
6.95084
7.04764
7.16456
7.2838
7.38984
7.47632
7.5359
7.56387
7.55946
7.52967
7.48163
7.41924
7.34335
7.26272
7.19056
7.12585
7.08286
7.06604
7.07282
7.10881
7.16453
7.23216
7.29992
7.35635
7.38653
7.39562
7.37689
7.34099
7.30356
7.27423
7.25712
7.27203
7.30451
7.36084
7.43503
7.5136
7.58907
7.65641
7.70161
7.72678
7.72112
7.67863
7.60725
7.51231
7.40302
7.28747
7.1713
7.06042
6.95841
6.8592
6.76875
6.69309
6.64397
6.62641
6.64296
6.68622
6.75374
6.83793
6.93708
7.04754
7.16216
7.26681
7.36073
7.44297
7.50853
7.55402
7.5694
7.56318
7.52326
7.45909
7.37791
7.2823
7.19133
7.12155
7.0704
7.05266
7.07558
7.13264
7.21781
7.31692
7.42418
7.51558
7.58901
7.62971
7.63797
7.60962
7.55409
7.47421
7.3687
7.25507
7.12996
7.0167
6.92848
6.87394
6.85786
6.88283
6.94763
7.0337
7.13401
7.23483
7.31957
7.38551
7.42716
7.44228
7.4385
7.41361
7.38198
7.34125
7.29103
7.24362
7.20177
7.17153
7.15662
7.16178
7.17779
7.20688
7.24746
7.2894
7.32892
7.36516
7.39483
7.41535
7.42884
7.43353
7.4333
7.42141
7.40416
7.37515
7.34041
7.301
7.25921
7.22456
7.20104
7.17467
7.15013
7.11239
7.06869
7.01416
6.95657
6.91257
6.88893
6.88695
6.90137
6.9327
6.97975
7.03883
7.11859
7.2089
7.31109
7.41579
7.51843
7.61642
7.69476
7.75748
7.79447
7.80129
7.77642
7.7192
7.62994
7.51159
7.38391
7.26202
7.15513
7.07018
7.00898
6.97135
6.95869
6.95886
6.97662
7.00208
7.03746
7.0792
7.1225
7.1597
7.18386
7.18512
7.1677
7.13575
7.0895
7.04432
7.00181
6.97335
6.96104
6.96084
6.96718
6.97913
6.99552
7.0207
7.04913
7.08674
7.14688
7.22465
7.31471
7.41311
7.51054
7.58541
7.63779
7.66555
7.65905
7.62532
7.56959
7.49965
7.43422
7.37009
7.31161
7.26768
7.23293
7.21423
7.20644
7.20736
7.21767
7.23328
7.24632
7.25932
7.2617
7.26724
7.26379
7.25611
7.25255
7.2521
7.25648
7.26081
7.2716
7.28063
7.27652
7.26754
7.26505
7.27856
7.29888
7.33065
7.37045
7.41214
7.45331
7.49659
7.52911
7.55444
7.56285
7.55654
7.53661
7.49879
7.44962
7.38718
7.31498
7.23929
7.1557
7.07657
6.99932
6.93199
6.8862
6.85404
6.84311
6.84778
6.87273
6.9247
6.99071
7.05894
7.13317
7.20223
7.25343
7.28098
7.29281
7.28763
7.27787
7.26034
7.25235
7.24604
7.25189
7.26371
7.28044
7.29906
7.3059
7.30599
7.30105
7.29541
7.29645
7.30776
7.32619
7.35399
7.3863
7.41592
7.44155
7.45641
7.45619
7.43762
7.40576
7.35823
7.30835
7.25925
7.2107
7.17917
7.15681
7.14632
7.1443
7.15968
7.18436
7.2202
7.27439
7.34252
7.41648
7.49799
7.57588
7.63939
7.6826
7.7008
7.6934
7.66054
7.59833
7.51335
7.41505
7.31581
7.21599
7.12788
7.05734
7.00358
6.96958
6.94942
6.94604
6.95385
6.94969
6.93657
6.90962
6.87931
6.8477
6.82492
6.81296
6.81021
6.82011
6.82905
6.84384
6.86069
6.88669
6.91874
6.96029
7.01449
7.08703
7.18147
7.28794
7.40568
7.5259
7.63553
7.71554
7.76257
7.76651
7.73693
7.67054
7.59211
7.51229
7.45122
7.41624
7.41848
7.45078
7.5096
7.58599
7.6707
7.75963
7.83829
7.89892
7.93199
7.9361
7.91451
7.85825
7.77129
7.65796
7.52886
7.4055
7.2858
7.1835
7.08979
7.0106
6.94303
6.87636
6.82138
6.76846
6.72989
6.71217
6.71642
6.75048
6.80252
6.86772
6.93693
7.01075
7.08823
7.16056
7.22931
7.2895
7.34193
7.39011
7.42705
7.45103
7.45663
7.44582
7.41417
7.36262
7.29237
7.21379
7.13116
7.05224
6.98249
6.91961
6.86776
6.84026
6.83109
6.84565
6.8767
6.93066
6.99
7.05536
7.1276
7.19415
7.25864
7.32053
7.37263
7.41699
7.45953
7.50432
7.55055
7.602
7.6641
7.72548
7.80111
7.8762
7.93766
7.99402
8.02204
8.01489
7.95964
7.85591
7.70596
7.52548
7.33234
7.14601
6.97902
6.83703
6.72923
6.65343
6.62536
6.63504
6.67831
6.74648
6.84994
6.958
7.07027
7.17922
7.26288
7.32207
7.34602
7.34503
7.31585
7.27429
7.22444
7.18253
7.14614
7.11863
7.10609
7.10606
7.13468
7.17722
7.22961
7.28604
7.34349
7.38963
7.43721
7.47077
7.50277
7.53313
7.55552
7.57001
7.57038
7.55754
7.52383
7.46435
7.3845
7.29276
7.18441
7.0653
6.95236
6.8619
6.79352
6.75416
6.75349
6.78638
6.85927
6.94952
7.06092
7.18723
7.30364
7.40554
7.48763
7.53979
7.55597
7.55035
7.52381
7.47882
7.43281
7.38092
7.34001
7.30448
7.26969
7.23974
7.19919
7.15759
7.10835
7.06589
7.02977
7.00765
