2.23196
2.17006
2.06517
1.91867
1.73453
1.52079
1.29103
1.06451
0.863967
0.710473
0.617405
0.586523
0.608567
0.667548
0.746002
0.828826
0.905199
0.968738
1.01669
1.04894
1.06719
1.07422
1.07337
1.06792
1.06078
1.05435
1.05051
1.0505
1.05486
1.06349
1.07572
1.09032
1.10584
1.12066
1.13348
1.14373
1.15165
1.15825
1.16476
1.17195
1.17956
1.18652
1.19139
1.193
1.19101
1.18601
1.1793
1.17259
1.16751
1.16537
1.16693
1.17242
1.18167
1.19423
1.20947
1.22655
1.24448
1.26206
1.27808
1.29138
1.30077
1.30503
1.3029
1.29333
1.27607
1.25188
1.22239
1.18972
1.15584
1.12254
1.09179
1.06605
1.04881
1.04425
1.05531
1.08095
1.11578
1.15241
1.18467
1.2088
1.22321
1.228
1.2247
1.21576
1.20397
1.19164
1.18013
1.16972
1.16023
1.1515
1.14365
1.13694
1.13134
1.12622
1.12054
1.11344
1.10487
1.09568
1.08731
1.08111
1.07804
1.07859
1.08285
1.09062
1.10141
1.1145
1.12906
1.14424
1.15913
1.17288
1.18464
1.19372
1.19986
1.2033
1.20457
1.20423
1.20265
1.20017
1.19732
1.19503
1.19434
1.19594
1.20004
1.20617
1.21325
1.21971
1.22371
1.22346
1.21761
1.20582
1.18917
1.17021
1.15249
1.13969
1.13433
1.13687
1.14533
1.15602
1.16501
1.16958
1.16893
1.16421
1.15772
1.15185
1.14817
1.14688
1.14708
1.14704
1.14491
1.13915
1.12897
1.11466
1.09773
1.08055
1.06587
1.0564
1.05441
1.06144
1.07796
1.10313
1.13479
1.16984
1.20485
1.23658
1.26247
1.28093
1.29142
1.2943
1.29079
1.28259
1.27115
1.25738
1.24165
1.22398
1.20459
1.18414
1.16363
1.14417
1.12718
1.1145
1.10816
1.10959
1.11878
1.13388
1.15173
1.1688
1.18181
1.18844
1.18754
1.17918
1.16475
1.14661
1.12766
1.11074
1.09811
1.09098
1.0894
1.09247
1.09897
1.1082
1.12067
1.13758
1.15937
1.18436
1.20919
1.2302
1.24465
1.25097
1.24836
1.23684
1.2171
1.19072
1.16037
1.12959
1.10237
1.08218
1.07087
1.06854
1.07406
1.08592
1.10271
1.12323
1.14625
1.17045
1.1943
1.21632
1.23514
1.24959
1.2587
1.2618
1.25843
1.2483
1.23136
1.20802
1.17938
1.14757
1.11562
1.08724
1.06639
1.05665
1.06049
1.07859
1.10937
1.14916
1.19302
1.23564
1.27236
1.29972
1.31563
1.31935
1.31157
1.29478
1.27318
1.25172
1.23472
1.22403
1.21816
1.21243
1.20133
1.18112
1.15181
1.11709
1.08295
1.0557
1.04009
1.03815
1.04903
1.06939
1.09424
1.11832
1.13713
1.14814
1.15112
1.14794
1.14164
1.13519
1.13061
1.1284
1.12783
1.12757
1.1264
1.124
1.12114
1.11946
1.1208
1.12685
1.13872
1.1567
1.18028
1.2076
1.23543
1.25987
1.27754
1.28661
1.28676
1.27898
1.26518
1.24792
1.23016
1.21458
1.20318
1.19683
1.19509
1.19653
1.19902
1.20038
1.19879
1.19301
1.18259
1.16789
1.14992
1.13025
1.1108
1.09347
1.08006
1.0718
1.06903
1.07098
1.07633
1.08376
1.0925
1.1023
1.11301
1.12419
1.13517
1.14525
1.15422
1.16254
1.17129
1.18185
1.19513
1.21116
1.229
1.24724
1.26454
1.28011
1.29382
1.30575
1.31569
1.32236
1.32368
1.31749
1.30235
1.27798
1.24543
1.20677
1.16463
1.1217
1.08047
1.04283
1.01025
0.98388
0.965213
0.956262
0.958997
0.974524
1.00206
1.03906
1.08188
1.12659
1.16957
1.20764
1.23822
1.25931
1.26961
1.26889
1.25809
1.23948
1.21653
1.19305
1.17235
1.1567
1.14749
1.14529
1.14981
1.15997
1.1739
1.18943
1.2045
1.21781
1.22909
1.23905
1.24854
1.25758
1.26515
1.26961
1.26932
1.26304
1.25004
1.23018
1.204
1.17277
1.13859
1.10419
1.0727
1.04721
1.03014
1.02256
1.02413
1.03341
1.04831
1.06668
1.08663
1.10693
1.12678
1.14554
1.16253
1.177
1.18831
1.19609
1.20052
1.20221
1.20204
1.20075
1.19876
1.19598
1.19206
1.1867
1.18
1.17266
1.16575
1.16042
1.15752
1.15729
1.15932
1.16285
1.16711
1.17165
1.17637
1.18132
1.18636
1.19068
1.19281
1.19092
1.18355
1.17028
1.15204
1.13067
1.1082
1.08636
1.06663
1.05038
1.03879
1.03273
1.03274
1.03953
1.05413
1.07742
1.10877
1.1452
1.18201
1.21444
1.23914
1.25484
1.26197
1.26209
1.25731
1.24981
1.24164
1.23439
1.22902
1.22587
1.22455
1.22421
1.22362
1.22162
1.21738
1.21077
1.20246
1.19369
1.1858
1.17977
1.17577
1.1731
1.17036
1.16608
1.15946
1.15059
1.14068
1.13144
1.12432
1.11983
1.11773
1.11727
1.11793
1.1199
1.12427
1.13265
1.14613
1.16443
1.18544
1.2058
1.222
1.23136
1.23282
1.2271
1.21655
1.20467
1.19483
1.18937
1.1888
1.19189
1.19634
1.19971
1.19993
1.19558
1.18587
1.17049
1.14982
1.12503
1.09851
1.07381
1.05504
1.04542
1.04615
1.05601
1.07255
1.0936
1.11801
1.14528
1.17488
1.20566
1.23566
1.26263
1.28454
1.29978
1.3071
1.30567
1.29515
1.27606
1.25013
1.22037
1.19093
1.1664
1.15054
1.14505
1.14887
1.15861
1.16991
1.17872
1.1823
1.17936
1.17036
1.15696
1.14153
1.12629
1.11259
1.10096
1.09153
1.08466
1.08113
1.0818
1.0871
1.0966
1.10903
1.1228
1.13625
1.14799
1.15701
1.16285
1.16571
1.16632
1.16569
1.16489
1.16473
1.16584
1.16875
1.17396
1.18206
1.19336
1.20751
1.22323
1.23847
1.25099
1.25882
1.26075
1.25628
1.24551
1.229
1.20792
1.18419
1.1602
1.1383
1.12028
1.10692
1.09823
1.09423
1.0951
1.10099
1.11143
1.12506
1.14003
1.15461
1.1677
1.17868
1.18713
1.19264
1.19489
1.1937
1.18918
1.18191
1.17338
1.16615
1.16372
1.16961
1.18604
1.21298
1.24761
1.28498
1.31906
1.34414
1.35595
1.35233
1.33342
1.30134
1.26006
1.21455
1.17009
1.13107
1.1
1.07699
1.06064
1.04961
1.04398
1.04548
1.05633
1.0775
1.10748
1.14228
1.1765
1.20513
1.22472
1.23402
1.23359
1.22542
1.21225
1.19678
1.1816
1.16849
1.15793
1.14866
1.13816
1.12349
1.10289
1.07647
1.04627
1.01571
0.988986
0.970042
0.961575
0.964481
0.97774
0.999295
1.0267
1.05787
1.09111
1.12495
1.15784
1.18788
1.21312
1.23173
1.24246
1.24492
1.23978
1.22857
1.21343
1.19661
1.1802
1.16596
1.15544
1.15007
1.15087
1.15819
1.17154
1.18968
1.21095
1.23341
1.25488
1.27296
1.28538
1.29052
1.28778
1.2774
1.26029
1.23781
1.2117
1.18399
1.15687
1.13245
1.11234
1.09747
1.08806
1.08408
1.08588
1.09403
1.10875
1.12921
1.15322
1.17743
1.1984
1.21352
1.22147
1.22233
1.21688
1.20615
1.19101
1.17226
1.15087
1.12836
1.1069
1.08921
1.07777
1.07417
1.07862
1.09006
1.10678
1.1271
1.14979
1.17378
1.1979
1.22062
1.24011
1.2544
1.2618
1.26151
1.25382
1.2401
1.22222
1.20187
1.18019
1.15802
1.13654
1.11765
1.10396
1.098
1.10147
1.11437
1.13489
1.15974
1.18504
1.20726
1.22375
1.23284
1.23381
1.22672
1.21237
1.19224
1.16841
1.14333
1.11955
1.09939
1.08454
1.07605
1.07422
1.07905
1.0902
1.10722
1.12919
1.15437
1.18019
1.20359
1.22164
1.232
1.23324
1.22534
1.20998
1.19077
1.17269
1.16059
1.15767
1.16428
1.1783
1.19589
1.21274
1.22518
1.23117
1.23072
1.22542
1.21765
1.20945
1.20204
1.19566
1.18952
1.18202
1.17108
1.15492
1.13299
1.10649
1.0785
1.05327
1.03531
1.02829
1.03398
1.05182
1.07902
1.11156
1.14515
1.17655
1.20416
1.22773
1.2475
1.2634
1.27442
1.2787
1.27433
1.26015
1.23662
1.20629
1.17372
1.14412
1.12142
1.10706
1.10047
1.10083
1.1081
1.12279
1.14491
1.17314
1.20465
1.23546
1.26134
1.27889
1.28616
1.28274
1.2695
1.24831
1.22181
1.19281
1.16403
1.13794
1.11654
1.10149
1.09413
1.0957
1.10683
1.12703
1.15401
1.18376
1.21156
1.23328
1.24641
1.25027
1.24565
1.23386
1.21623
1.19395
1.1681
1.13998
1.11123
1.08416
1.06152
1.04599
1.03961
1.04298
1.05498
1.07316
1.09446
1.11618
1.13649
1.15479
1.17145
1.18712
1.20175
1.21411
1.22199
1.22313
1.21639
1.20237
1.18319
1.1619
1.14152
1.12464
1.11331
1.10897
1.11187
1.12061
1.13263
1.14586
1.16005
1.1766
1.19749
1.22375
1.25439
1.28611
1.31395
1.33262
1.33817
1.3291
1.30659
1.27398
1.2356
1.19555
1.15703
1.12255
1.09436
1.07451
1.06432
1.06386
1.07192
1.0866
1.10588
1.12809
1.15174
1.17541
1.19764
1.2169
1.23202
1.24236
1.24765
1.24799
1.24352
1.23443
1.22078
1.20283
1.18131
1.15749
1.1333
1.11117
1.09396
1.08434
1.08405
1.09301
1.10924
1.12933
1.14957
1.16701
1.1801
1.18873
1.19348
1.19525
1.19484
1.19291
1.18995
1.18641
1.18296
1.18037
1.17899
1.17856
1.17839
1.17796
1.17717
1.17626
1.17566
1.17559
1.17575
1.17532
1.17293
1.16701
1.15652
1.14166
1.12443
1.10851
1.0984
1.09769
1.10774
1.1269
1.15102
1.17483
1.19329
1.20257
1.20067
1.18752
1.16501
1.13658
1.10669
1.08025
1.06176
1.05464
1.06069
1.07961
1.10885
1.14394
1.17909
1.20885
1.22941
1.23942
1.24003
1.23431
1.22621
1.21967
1.21778
1.2222
1.23288
1.2481
1.26497
1.27994
1.28943
1.29069
1.2824
1.26514
1.24137
1.21507
1.19085
1.17246
1.16153
1.15729
1.15704
1.15703
1.15362
1.14422
