-7.82818
-7.74383
-7.61914
-7.45342
-7.25713
-7.03556
-6.80031
-6.57274
-6.37473
-6.2249
-6.13623
-6.10992
-6.13548
-6.19848
-6.27671
-6.35898
-6.43364
-6.4944
-6.53881
-6.57053
-6.58849
-6.59587
-6.59506
-6.58964
-6.58183
-6.57687
-6.57434
-6.57508
-6.57988
-6.59053
-6.60306
-6.61782
-6.63399
-6.64801
-6.65897
-6.66961
-6.67443
-6.68032
-6.68688
-6.69187
-6.70012
-6.7105
-6.71541
-6.71698
-6.71465
-6.70909
-6.70359
-6.69633
-6.69052
-6.69034
-6.68873
-6.69364
-6.70195
-6.71707
-6.73318
-6.75136
-6.76997
-6.78679
-6.80227
-6.81718
-6.82515
-6.82818
-6.82632
-6.81629
-6.79699
-6.77186
-6.74001
-6.70681
-6.67161
-6.63945
-6.6081
-6.58271
-6.5659
-6.56249
-6.57546
-6.60492
-6.63961
-6.67573
-6.70893
-6.73147
-6.74489
-6.75105
-6.74868
-6.739
-6.7261
-6.71413
-6.70273
-6.69177
-6.68301
-6.67469
-6.66629
-6.66003
-6.65225
-6.6468
-6.63971
-6.63213
-6.62344
-6.61459
-6.60832
-6.60402
-6.6
-6.59898
-6.60231
-6.6117
-6.62276
-6.63701
-6.65038
-6.6633
-6.67682
-6.69138
-6.7029
-6.71331
-6.72208
-6.7243
-6.72376
-6.72652
-6.72549
-6.72327
-6.72171
-6.71793
-6.71711
-6.71897
-6.72525
-6.73186
-6.74057
-6.74719
-6.75052
-6.75042
-6.74363
-6.73031
-6.712
-6.69201
-6.67301
-6.65957
-6.656
-6.65698
-6.66488
-6.67492
-6.68422
-6.68988
-6.69036
-6.68535
-6.67655
-6.67053
-6.66839
-6.66667
-6.66854
-6.66871
-6.66692
-6.66268
-6.65108
-6.63837
-6.62032
-6.60294
-6.58705
-6.57564
-6.57579
-6.58409
-6.60121
-6.62812
-6.66092
-6.69677
-6.73159
-6.76219
-6.78836
-6.80733
-6.81508
-6.81725
-6.81352
-6.80493
-6.79485
-6.78153
-6.76366
-6.74645
-6.72465
-6.70511
-6.68498
-6.66472
-6.64807
-6.63529
-6.63195
-6.63353
-6.64504
-6.66058
-6.67787
-6.69564
-6.70647
-6.71368
-6.71007
-6.70167
-6.68578
-6.66515
-6.64531
-6.62937
-6.61596
-6.61071
-6.60802
-6.61214
-6.61828
-6.62941
-6.64291
-6.66031
-6.68254
-6.7106
-6.73552
-6.75599
-6.76969
-6.77481
-6.77097
-6.7602
-6.73874
-6.7115
-6.67867
-6.64806
-6.62334
-6.60399
-6.5936
-6.59147
-6.59834
-6.60978
-6.62733
-6.64912
-6.672
-6.69688
-6.71997
-6.74237
-6.76404
-6.77929
-6.78751
-6.789
-6.78303
-6.77254
-6.75396
-6.73165
-6.70128
-6.66736
-6.63624
-6.60811
-6.58951
-6.58007
-6.58437
-6.6032
-6.63573
-6.67551
-6.71981
-6.76237
-6.79796
-6.82295
-6.83863
-6.84114
-6.83199
-6.81354
-6.79561
-6.77507
-6.7577
-6.74567
-6.74233
-6.73502
-6.72312
-6.70032
-6.67122
-6.63594
-6.60124
-6.57659
-6.56133
-6.55946
-6.57019
-6.59221
-6.61593
-6.64128
-6.65905
-6.66924
-6.67375
-6.6685
-6.66335
-6.65832
-6.6543
-6.65295
-6.6515
-6.65184
-6.6499
-6.64805
-6.64555
-6.64246
-6.64323
-6.65178
-6.66232
-6.6809
-6.70237
-6.73185
-6.76082
-6.78633
-6.80222
-6.81137
-6.8113
-6.80185
-6.78823
-6.77208
-6.75118
-6.73498
-6.72244
-6.71789
-6.71525
-6.71657
-6.72002
-6.72278
-6.72114
-6.71555
-6.70499
-6.69089
-6.67235
-6.65002
-6.63069
-6.61465
-6.60106
-6.59368
-6.59208
-6.59444
-6.5994
-6.60731
-6.61777
-6.62703
-6.63943
-6.65095
-6.66122
-6.67119
-6.67845
-6.68674
-6.69497
-6.70868
-6.7229
-6.73788
-6.75615
-6.77694
-6.79214
-6.80947
-6.82235
-6.83475
-6.8438
-6.84971
-6.8494
-6.84205
-6.82629
-6.80169
-6.76841
-6.72863
-6.68596
-6.64149
-6.59989
-6.56107
-6.52939
-6.505
-6.49012
-6.47967
-6.48431
-6.5011
-6.53102
-6.56846
-6.61164
-6.65796
-6.70058
-6.73704
-6.7661
-6.7868
-6.796
-6.79194
-6.78022
-6.76101
-6.73654
-6.71483
-6.69389
-6.67883
-6.67064
-6.66946
-6.67623
-6.68621
-6.69911
-6.71468
-6.72864
-6.74174
-6.7522
-6.76338
-6.77414
-6.78374
-6.78945
-6.79156
-6.79009
-6.78089
-6.7672
-6.747
-6.72056
-6.68699
-6.65297
-6.62066
-6.59061
-6.56587
-6.55036
-6.54277
-6.54552
-6.55578
-6.57113
-6.58779
-6.61008
-6.63037
-6.64917
-6.6694
-6.6865
-6.69971
-6.71164
-6.72069
-6.72579
-6.7266
-6.72629
-6.72298
-6.72384
-6.71998
-6.71529
-6.71075
-6.70588
-6.69627
-6.68849
-6.68144
-6.67913
-6.6772
-6.68039
-6.68273
-6.68898
-6.69289
-6.69925
-6.70552
-6.70956
-6.71471
-6.71652
-6.71413
-6.70487
-6.6904
-6.67111
-6.64792
-6.62576
-6.60472
-6.58398
-6.56911
-6.5574
-6.55289
-6.55614
-6.56527
-6.57942
-6.60358
-6.63627
-6.67264
-6.70987
-6.74358
-6.76546
-6.7793
-6.78596
-6.78451
-6.77904
-6.77203
-6.76196
-6.75421
-6.74938
-6.74677
-6.74754
-6.74658
-6.74558
-6.74272
-6.73986
-6.7353
-6.72332
-6.7133
-6.70555
-6.70006
-6.69818
-6.69493
-6.69242
-6.6889
-6.67814
-6.66975
-6.65918
-6.6514
-6.64583
-6.63998
-6.63645
-6.64
-6.6398
-6.64454
-6.646
-6.6555
-6.67015
-6.69112
-6.71287
-6.73394
-6.74891
-6.7562
-6.75527
-6.74666
-6.73582
-6.72625
-6.7158
-6.71149
-6.71202
-6.71439
-6.72045
-6.72197
-6.72244
-6.7179
-6.70957
-6.69202
-6.66925
-6.6448
-6.61634
-6.59335
-6.57342
-6.56645
-6.56818
-6.57883
-6.59687
-6.61765
-6.64204
-6.66989
-6.69935
-6.73404
-6.76514
-6.79007
-6.81234
-6.82588
-6.83365
-6.83099
-6.81763
-6.79711
-6.77258
-6.74135
-6.7122
-6.68936
-6.67385
-6.6681
-6.67399
-6.68376
-6.69433
-6.70077
-6.70373
-6.69787
-6.68672
-6.67495
-6.66074
-6.64496
-6.63178
-6.62004
-6.61181
-6.60556
-6.60404
-6.60613
-6.6106
-6.6211
-6.63439
-6.64852
-6.66089
-6.67142
-6.67949
-6.68533
-6.69052
-6.69192
-6.69091
-6.69079
-6.6904
-6.69038
-6.69382
-6.69897
-6.70738
-6.71964
-6.73306
-6.74786
-6.76261
-6.77409
-6.78331
-6.78429
-6.77853
-6.76844
-6.74979
-6.72803
-6.70384
-6.67995
-6.65838
-6.64016
-6.62629
-6.61872
-6.6139
-6.61494
-6.62198
-6.63151
-6.64634
-6.66101
-6.67386
-6.68709
-6.69784
-6.70601
-6.71153
-6.7141
-6.7145
-6.71064
-6.70348
-6.69559
-6.68867
-6.68596
-6.69412
-6.71165
-6.74147
-6.77792
-6.81718
-6.84867
-6.87129
-6.88098
-6.87416
-6.85348
-6.81866
-6.77898
-6.73593
-6.69313
-6.65355
-6.62396
-6.60105
-6.58495
-6.5741
-6.56875
-6.57239
-6.58492
-6.60741
-6.63873
-6.67081
-6.70403
-6.73253
-6.7495
-6.7555
-6.75289
-6.74539
-6.73122
-6.71858
-6.7029
-6.68875
-6.67905
-6.6685
-6.65738
-6.64315
-6.62419
-6.5976
-6.56816
-6.53746
-6.51167
-6.49368
-6.48667
-6.49068
-6.50326
-6.52421
-6.5537
-6.58417
-6.61916
-6.65007
-6.68146
-6.71112
-6.73933
-6.7572
-6.76808
-6.76973
-6.76196
-6.75122
-6.73581
-6.71895
-6.70203
-6.68583
-6.67543
-6.67064
-6.67242
-6.67811
-6.69298
-6.71151
-6.73266
-6.75481
-6.77443
-6.79367
-6.80833
-6.81366
-6.80916
-6.79773
-6.78228
-6.76065
-6.73363
-6.70426
-6.6757
-6.6523
-6.63042
-6.61739
-6.60852
-6.6051
-6.60783
-6.61631
-6.63232
-6.65422
-6.67971
-6.70343
-6.7223
-6.73771
-6.74525
-6.7464
-6.74038
-6.72949
-6.71461
-6.69651
-6.67331
-6.64917
-6.62765
-6.61144
-6.59815
-6.59634
-6.6022
-6.61651
-6.63139
-6.65168
-6.67131
-6.69732
-6.7217
-6.74516
-6.76389
-6.7795
-6.78615
-6.78444
-6.77736
-6.76411
-6.74688
-6.72377
-6.702
-6.68017
-6.65948
-6.64002
-6.627
-6.62289
-6.62799
-6.64111
-6.66256
-6.68731
-6.71148
-6.7342
-6.74937
-6.75766
-6.75684
-6.7493
-6.73364
-6.71304
-6.68962
-6.66422
-6.64006
-6.62004
-6.60482
-6.59829
-6.59616
-6.60422
-6.61567
-6.63258
-6.6553
-6.68034
-6.70672
-6.73003
-6.74643
-6.75398
-6.75396
-6.7465
-6.72927
-6.71155
-6.69451
-6.68225
-6.67902
-6.68585
-6.6988
-6.72008
-6.73599
-6.74687
-6.75186
-6.75018
-6.74517
-6.74019
-6.73365
-6.72505
-6.71843
-6.71256
-6.70708
-6.69439
-6.6783
-6.65355
-6.62674
-6.59915
-6.5738
-6.5542
-6.54775
-6.55116
-6.57009
-6.59867
-6.63183
-6.66791
-6.70222
-6.73135
-6.75615
-6.77717
-6.79459
-6.80535
-6.80982
-6.80288
-6.78577
-6.7614
-6.73191
-6.69779
-6.66906
-6.64523
-6.63072
-6.62615
-6.62622
-6.63518
-6.65031
-6.67247
-6.70313
-6.73606
-6.76592
-6.7898
-6.80606
-6.81128
-6.80618
-6.79236
-6.76987
-6.74331
-6.71259
-6.68268
-6.6573
-6.63711
-6.6231
-6.61594
-6.61941
-6.63183
-6.65187
-6.67835
-6.70813
-6.73581
-6.75708
-6.76895
-6.77063
-6.76555
-6.75182
-6.73561
-6.7126
-6.68679
-6.65884
-6.63047
-6.60565
-6.58166
-6.56892
-6.56287
-6.56912
-6.58025
-6.59921
-6.62099
-6.64036
-6.66048
-6.67891
-6.69317
-6.70909
-6.72324
-6.73721
-6.74451
-6.74683
-6.73995
-6.72595
-6.70577
-6.68281
-6.66203
-6.64562
-6.63331
-6.62939
-6.63524
-6.64443
-6.65794
-6.67382
-6.68623
-6.70474
-6.72712
-6.75325
-6.78387
-6.81382
-6.8413
-6.85815
-6.86323
-6.85143
-6.82643
-6.79111
-6.75206
-6.71203
-6.67413
-6.64081
-6.61338
-6.59574
-6.58557
-6.58507
-6.59453
-6.61073
-6.63231
-6.6557
-6.67877
-6.7027
-6.72339
-6.74294
-6.75761
-6.76873
-6.77385
-6.77402
-6.76876
-6.75889
-6.74544
-6.7245
-6.70138
-6.67808
-6.65267
-6.6335
-6.61337
-6.60592
-6.60563
-6.61349
-6.63059
-6.64957
-6.67094
-6.68766
-6.70126
-6.71044
-6.71518
-6.71637
-6.71578
-6.71729
-6.71392
-6.71101
-6.70728
-6.70449
-6.7055
-6.70318
-6.70527
-6.70092
-6.69783
-6.69758
-6.698
-6.69798
-6.69618
-6.69595
-6.69328
-6.68758
-6.67694
-6.6614
-6.64443
-6.62824
-6.61796
-6.61993
-6.63037
-6.6496
-6.67297
-6.69452
-6.71479
-6.72432
-6.72288
-6.70868
-6.68571
-6.65628
-6.62619
-6.59841
-6.57995
-6.57571
-6.58504
-6.6045
-6.63812
-6.67251
-6.70412
-6.73569
-6.75262
-6.76063
-6.76011
-6.75332
-6.74618
-6.7416
-6.74126
-6.74764
-6.75855
-6.7744
-6.78931
-6.80388
-6.81427
-6.81493
-6.80537
-6.78505
-6.7605
-6.73355
-6.71042
-6.69015
-6.68093
-6.67789
-6.67752
-6.67927
-6.67697
-6.66917
