1.48797
1.44671
1.37678
1.27911
1.15635
1.01386
0.860684
0.709676
0.575978
0.473648
0.411603
0.391015
0.405711
0.445032
0.497335
0.55255
0.603466
0.645825
0.677796
0.699295
0.711459
0.716149
0.715579
0.711947
0.70719
0.702902
0.700338
0.700335
0.70324
0.708996
0.717146
0.726882
0.737224
0.747106
0.755651
0.762486
0.767768
0.772166
0.776508
0.781298
0.786373
0.791013
0.79426
0.795331
0.794006
0.790672
0.786197
0.781728
0.778337
0.77691
0.777951
0.781616
0.787782
0.796151
0.806313
0.817697
0.829654
0.841372
0.852052
0.86092
0.86718
0.870021
0.868602
0.862222
0.850711
0.834586
0.814927
0.793147
0.770558
0.748363
0.727861
0.7107
0.699207
0.696167
0.703539
0.720636
0.743852
0.768275
0.789781
0.805868
0.81547
0.818666
0.816469
0.810503
0.802645
0.794426
0.786753
0.77981
0.773484
0.76767
0.762432
0.75796
0.754226
0.750815
0.747024
0.742296
0.736579
0.730454
0.724872
0.720738
0.718695
0.719063
0.721903
0.727081
0.734275
0.743001
0.75271
0.762824
0.772751
0.781921
0.789758
0.795814
0.799908
0.802202
0.803044
0.802818
0.801769
0.800114
0.798211
0.796689
0.796224
0.797291
0.800028
0.804115
0.808833
0.813138
0.815806
0.815643
0.81174
0.803879
0.792779
0.780137
0.768326
0.759792
0.756222
0.757911
0.763552
0.770678
0.776674
0.779722
0.779284
0.77614
0.771813
0.767898
0.765444
0.76459
0.764717
0.764695
0.763276
0.759432
0.752647
0.743108
0.731819
0.720369
0.710581
0.704267
0.702943
0.707629
0.71864
0.735418
0.756529
0.779894
0.803233
0.824389
0.841645
0.853956
0.860948
0.862868
0.860528
0.855057
0.847431
0.838256
0.827769
0.815985
0.803061
0.789427
0.775752
0.762779
0.75145
0.743
0.738771
0.739726
0.745851
0.755919
0.767822
0.779202
0.787871
0.79229
0.791694
0.786122
0.7765
0.764408
0.751775
0.74049
0.732072
0.727323
0.726266
0.728316
0.732649
0.738802
0.747114
0.758387
0.772913
0.789577
0.806125
0.820133
0.829769
0.833979
0.832242
0.824559
0.811403
0.793814
0.773579
0.753061
0.734913
0.72145
0.713915
0.71236
0.716039
0.723946
0.735142
0.748819
0.764164
0.780301
0.7962
0.81088
0.823426
0.833059
0.839134
0.841197
0.838953
0.832197
0.820908
0.805348
0.786254
0.765045
0.743748
0.724826
0.710927
0.704431
0.706993
0.719058
0.739579
0.766107
0.795344
0.823761
0.848242
0.866481
0.877088
0.879569
0.874377
0.863188
0.848787
0.834482
0.823147
0.816017
0.812105
0.80829
0.800884
0.787414
0.767875
0.744727
0.721968
0.703801
0.693393
0.692097
0.699353
0.712924
0.729497
0.745548
0.758084
0.765425
0.767411
0.765297
0.761092
0.756792
0.753741
0.752268
0.751887
0.751712
0.750933
0.749334
0.747427
0.746303
0.747197
0.751234
0.759149
0.771135
0.786856
0.80507
0.823622
0.839911
0.851691
0.85774
0.857841
0.85265
0.843457
0.831949
0.820109
0.809722
0.802118
0.797886
0.796726
0.797685
0.799347
0.800255
0.799195
0.795338
0.78839
0.778593
0.766615
0.753501
0.74053
0.728982
0.720038
0.714535
0.712685
0.713986
0.717556
0.722507
0.72833
0.734866
0.742006
0.74946
0.756782
0.7635
0.769483
0.775025
0.780857
0.787897
0.796752
0.807441
0.819335
0.831496
0.843026
0.85341
0.862547
0.870501
0.877127
0.881575
0.882453
0.87833
0.868233
0.851987
0.830285
0.804513
0.776417
0.747803
0.720317
0.695218
0.673503
0.65592
0.643475
0.637508
0.639331
0.649682
0.668039
0.692707
0.72125
0.751059
0.779716
0.805095
0.825478
0.83954
0.846409
0.84593
0.838725
0.82632
0.811022
0.79537
0.781566
0.771131
0.764995
0.763528
0.766541
0.773311
0.7826
0.79295
0.802998
0.811872
0.819391
0.826035
0.832361
0.838388
0.84343
0.846404
0.846216
0.84203
0.83336
0.820122
0.802666
0.781849
0.75906
0.736125
0.715131
0.698142
0.686758
0.681709
0.682756
0.688938
0.698875
0.711121
0.72442
0.737953
0.751189
0.763694
0.775022
0.78467
0.792205
0.797392
0.800344
0.801473
0.801359
0.800501
0.799174
0.797317
0.794706
0.791134
0.786666
0.781772
0.777164
0.773614
0.771681
0.771524
0.772878
0.775233
0.778076
0.781098
0.784247
0.78755
0.790904
0.793789
0.795209
0.793945
0.78903
0.780189
0.768029
0.753783
0.738801
0.724242
0.71109
0.700252
0.692529
0.688485
0.688496
0.693019
0.702752
0.718281
0.739183
0.76347
0.78801
0.809627
0.826094
0.836563
0.841314
0.841391
0.838204
0.833207
0.827761
0.822927
0.819346
0.817247
0.816369
0.816138
0.815749
0.81441
0.811584
0.807177
0.801638
0.795795
0.790534
0.786515
0.783848
0.782065
0.780239
0.777389
0.772971
0.767062
0.760453
0.754296
0.749549
0.746556
0.745152
0.744843
0.745287
0.746599
0.749516
0.7551
0.764087
0.77629
0.79029
0.803865
0.814664
0.820907
0.821882
0.818066
0.811036
0.803111
0.79655
0.792912
0.792534
0.794596
0.797561
0.799804
0.799953
0.797051
0.790578
0.780329
0.766547
0.75002
0.73234
0.715877
0.703357
0.696948
0.69743
0.704007
0.71503
0.729069
0.745339
0.763518
0.783253
0.803771
0.823775
0.841754
0.856358
0.866521
0.871403
0.870448
0.863432
0.850705
0.833421
0.813578
0.793953
0.777598
0.767026
0.763367
0.765914
0.772408
0.779939
0.785811
0.788197
0.78624
0.78024
0.771308
0.76102
0.750858
0.741727
0.733971
0.727684
0.723108
0.720755
0.721198
0.724735
0.731065
0.739356
0.748532
0.757499
0.765327
0.771339
0.775232
0.77714
0.777543
0.777124
0.776593
0.776485
0.777229
0.77917
0.782641
0.788039
0.795575
0.805009
0.815489
0.82565
0.833992
0.839214
0.840502
0.837523
0.830339
0.81933
0.80528
0.789463
0.773467
0.75887
0.746852
0.737945
0.732152
0.729485
0.730064
0.733995
0.740953
0.750042
0.760017
0.769737
0.778465
0.785788
0.791418
0.795096
0.796596
0.795802
0.79279
0.787942
0.78225
0.777435
0.775815
0.779739
0.790693
0.808651
0.831738
0.856651
0.879374
0.89609
0.903968
0.901555
0.888946
0.867563
0.840038
0.809698
0.780057
0.754049
0.733335
0.717995
0.707095
0.699742
0.695983
0.696986
0.704221
0.718336
0.738321
0.761518
0.784333
0.803419
0.816482
0.822678
0.822393
0.816948
0.808169
0.797855
0.787734
0.778994
0.77195
0.765777
0.758771
0.748994
0.735259
0.717649
0.697511
0.677139
0.659324
0.646695
0.64105
0.642987
0.651827
0.666197
0.68447
0.705244
0.727404
0.749967
0.771891
0.791922
0.808745
0.821154
0.828309
0.829946
0.826519
0.819045
0.80895
0.797743
0.786798
0.777305
0.770291
0.766711
0.767244
0.772126
0.781025
0.793123
0.807298
0.822274
0.836586
0.848643
0.856922
0.860347
0.85852
0.851599
0.840192
0.825204
0.807797
0.789325
0.771246
0.754965
0.741561
0.73165
0.725371
0.722723
0.723922
0.729352
0.739166
0.752807
0.76881
0.784954
0.798936
0.809016
0.814313
0.814888
0.811253
0.804098
0.794008
0.781508
0.767249
0.752238
0.737936
0.726138
0.718514
0.716115
0.71908
0.726706
0.73785
0.751399
0.766525
0.782521
0.798602
0.813748
0.82674
0.836268
0.841201
0.841009
0.83588
0.826731
0.814811
0.80125
0.786793
0.772016
0.75769
0.745101
0.735976
0.731997
0.734314
0.742914
0.756592
0.773161
0.790026
0.804842
0.815835
0.821893
0.822541
0.817813
0.808244
0.794829
0.778941
0.762218
0.746367
0.732924
0.723029
0.717366
0.716149
0.719364
0.7268
0.738144
0.752794
0.769578
0.786794
0.802393
0.814426
0.821333
0.82216
0.816892
0.806657
0.793848
0.781792
0.773728
0.771781
0.776185
0.785531
0.797262
0.808492
0.816785
0.820781
0.820477
0.816944
0.811765
0.806298
0.801357
0.79711
0.793015
0.788014
0.780719
0.769946
0.755323
0.737658
0.719
0.702182
0.690209
0.685524
0.68932
0.701211
0.719343
0.741038
0.763432
0.784369
0.80277
0.818485
0.831666
0.842267
0.849614
0.852465
0.84955
0.840101
0.82441
0.804191
0.782478
0.762747
0.747615
0.738038
0.733646
0.733885
0.738733
0.748528
0.763271
0.782096
0.8031
0.823642
0.840891
0.852593
0.85744
0.855162
0.846331
0.832209
0.81454
0.795203
0.776018
0.758627
0.744358
0.734324
0.729423
0.730464
0.737888
0.751353
0.769337
0.789175
0.807706
0.822188
0.830938
0.833516
0.830435
0.822574
0.81082
0.795963
0.778736
0.759988
0.740819
0.722771
0.707678
0.697326
0.693076
0.695322
0.70332
0.71544
0.729642
0.744121
0.757661
0.769859
0.780965
0.791413
0.801165
0.809406
0.81466
0.815418
0.810926
0.801582
0.788796
0.774597
0.761015
0.74976
0.742204
0.73931
0.741248
0.747076
0.755089
0.763904
0.773367
0.784397
0.798329
0.815836
0.836263
0.85741
0.875969
0.888415
0.892112
0.886069
0.871061
0.849322
0.823736
0.797034
0.771353
0.748365
0.729574
0.716339
0.709543
0.709238
0.714616
0.724399
0.737251
0.752059
0.767825
0.783609
0.798424
0.811269
0.82135
0.828237
0.831766
0.831992
0.829017
0.822952
0.813853
0.801886
0.787538
0.771657
0.755531
0.740779
0.729304
0.722892
0.722701
0.728676
0.739491
0.752886
0.766383
0.778004
0.78673
0.792484
0.795653
0.796832
0.79656
0.795273
0.793297
0.790941
0.788637
0.786911
0.785995
0.785707
0.785594
0.785307
0.784779
0.784171
0.783775
0.783728
0.783834
0.783546
0.781954
0.778005
0.771011
0.761104
0.749621
0.739005
0.732264
0.731791
0.73849
0.751264
0.767348
0.783221
0.795524
0.801716
0.800448
0.791679
0.776671
0.757717
0.737795
0.720165
0.707841
0.703091
0.707124
0.719739
0.739233
0.762624
0.786062
0.805901
0.819609
0.826281
0.826688
0.822873
0.817474
0.813113
0.811853
0.814801
0.821923
0.832066
0.843315
0.853292
0.859617
0.860459
0.854933
0.843429
0.827579
0.810043
0.793903
0.781639
0.774352
0.771528
0.771363
0.771354
0.769082
0.762816
