-5.59623
-5.57376
-5.55397
-5.53475
-5.5226
-5.51478
-5.50928
-5.50823
-5.51076
-5.51442
-5.51882
-5.5234
-5.52691
-5.53094
-5.5307
-5.53015
-5.52844
-5.52566
-5.52212
-5.52159
-5.5213
-5.52165
-5.52169
-5.52172
-5.52104
-5.52252
-5.52383
-5.52458
-5.52502
-5.52704
-5.52734
-5.5275
-5.52815
-5.52735
-5.52549
-5.52588
-5.52278
-5.52207
-5.52212
-5.51992
-5.52056
-5.52398
-5.52402
-5.52398
-5.52364
-5.52308
-5.52429
-5.52374
-5.52301
-5.52497
-5.5218
-5.52122
-5.52028
-5.52284
-5.52371
-5.52482
-5.52549
-5.52474
-5.5242
-5.5258
-5.52438
-5.52315
-5.52341
-5.52296
-5.52092
-5.51998
-5.51762
-5.51709
-5.51577
-5.5169
-5.51631
-5.51666
-5.51709
-5.51824
-5.52015
-5.52396
-5.52383
-5.52332
-5.52425
-5.52267
-5.52168
-5.52305
-5.52398
-5.52325
-5.52213
-5.52249
-5.5226
-5.52206
-5.52279
-5.52319
-5.52264
-5.52309
-5.52091
-5.52058
-5.51917
-5.51869
-5.51857
-5.51891
-5.52101
-5.52291
-5.52196
-5.52039
-5.51946
-5.52108
-5.52135
-5.52251
-5.52132
-5.51906
-5.51769
-5.5185
-5.51826
-5.51959
-5.52221
-5.521
-5.5192
-5.5223
-5.52284
-5.5231
-5.5244
-5.5229
-5.52278
-5.52303
-5.52521
-5.52569
-5.52732
-5.52749
-5.52681
-5.52695
-5.52602
-5.52449
-5.52283
-5.52181
-5.52052
-5.51988
-5.52166
-5.52012
-5.51955
-5.5189
-5.51921
-5.5203
-5.52143
-5.52114
-5.51883
-5.51868
-5.52022
-5.51979
-5.52147
-5.52166
-5.52201
-5.52353
-5.52211
-5.5237
-5.52259
-5.52239
-5.52117
-5.51924
-5.52138
-5.52265
-5.52325
-5.52499
-5.52613
-5.52692
-5.52674
-5.52561
-5.52589
-5.5264
-5.52366
-5.52295
-5.52273
-5.52235
-5.5237
-5.52415
-5.52201
-5.52247
-5.52006
-5.52097
-5.52135
-5.52056
-5.5209
-5.52079
-5.52379
-5.52395
-5.52627
-5.5267
-5.52613
-5.52684
-5.52467
-5.52524
-5.52253
-5.52249
-5.52102
-5.51854
-5.51765
-5.51864
-5.51786
-5.51972
-5.51862
-5.51967
-5.51931
-5.5212
-5.52224
-5.52273
-5.52317
-5.52624
-5.52634
-5.52579
-5.52503
-5.52384
-5.52261
-5.52336
-5.52164
-5.52078
-5.5183
-5.51847
-5.52097
-5.52181
-5.52273
-5.52293
-5.52428
-5.52386
-5.52461
-5.52589
-5.52575
-5.52643
-5.52567
-5.52605
-5.5289
-5.52971
-5.52881
-5.52721
-5.5246
-5.52424
-5.5226
-5.52363
-5.5219
-5.51979
-5.52062
-5.52087
-5.52312
-5.52343
-5.52388
-5.52461
-5.52636
-5.52635
-5.52679
-5.52672
-5.5256
-5.52323
-5.523
-5.52179
-5.52042
-5.51875
-5.52243
-5.52335
-5.52298
-5.52164
-5.52418
-5.52259
-5.52179
-5.5192
-5.51941
-5.51885
-5.51829
-5.52089
-5.52124
-5.52132
-5.52116
-5.52282
-5.52169
-5.52296
-5.52193
-5.5211
-5.52264
-5.52056
-5.52171
-5.52313
-5.52369
-5.52455
-5.52367
-5.52427
-5.5235
-5.52405
-5.52441
-5.52301
-5.52244
-5.52493
-5.52359
-5.52419
-5.52209
-5.52425
-5.52538
-5.52646
-5.52468
-5.52475
-5.52454
-5.52287
-5.52305
-5.52416
-5.52102
-5.52039
-5.51926
-5.52106
-5.52016
-5.52005
-5.521
-5.5224
-5.52235
-5.52254
-5.52241
-5.523
-5.52243
-5.51977
-5.51989
-5.52118
-5.521
-5.52188
-5.52305
-5.52346
-5.52307
-5.52355
-5.52528
-5.52473
-5.52642
-5.52676
-5.52605
-5.52594
-5.52422
-5.5242
-5.52368
-5.52684
-5.52777
-5.52672
-5.52714
-5.52969
-5.5276
-5.52936
-5.52853
-5.529
-5.52811
-5.52735
-5.52572
-5.52455
-5.52394
-5.5237
-5.52298
-5.52186
-5.52134
-5.51978
-5.51941
-5.51825
-5.51914
-5.52112
-5.52491
-5.52341
-5.52531
-5.52658
-5.52897
-5.5294
-5.52976
-5.53137
-5.53101
-5.5294
-5.52788
-5.52749
-5.52638
-5.52304
-5.52214
-5.52153
-5.52001
-5.52177
-5.52154
-5.52214
-5.52315
-5.52417
-5.52642
-5.52624
-5.52521
-5.52525
-5.52415
-5.52394
-5.52311
-5.52433
-5.5256
-5.52616
-5.52431
-5.52196
-5.52077
-5.51785
-5.51716
-5.51681
-5.51656
-5.51422
-5.51438
-5.51647
-5.51791
-5.51866
-5.52023
-5.52021
-5.52138
-5.52237
-5.52281
-5.5211
-5.52345
-5.52344
-5.52239
-5.52386
-5.52397
-5.52271
-5.52334
-5.5246
-5.52527
-5.52439
-5.52425
-5.52223
-5.52507
-5.524
-5.52323
-5.52405
-5.52589
-5.52361
-5.52275
-5.52102
-5.52161
-5.51992
-5.52108
-5.51989
-5.52187
-5.52124
-5.52288
-5.5242
-5.5232
-5.52403
-5.52371
-5.52321
-5.52133
-5.52012
-5.51907
-5.51725
-5.51756
-5.51835
-5.51735
-5.51873
-5.51861
-5.52016
-5.5234
-5.52574
-5.52529
-5.52616
-5.52749
-5.52744
-5.52785
-5.52914
-5.52632
-5.52445
-5.52399
-5.52243
-5.52173
-5.52222
-5.52031
-5.51982
-5.52036
-5.52089
-5.52298
-5.52237
-5.52195
-5.52111
-5.52249
-5.52454
-5.52087
-5.5196
-5.51975
-5.52029
-5.52241
-5.52183
-5.52206
-5.52282
-5.51869
-5.51916
-5.5185
-5.51996
-5.5215
-5.52015
-5.51873
-5.52274
-5.52187
-5.52464
-5.52173
-5.52285
-5.52402
-5.52668
-5.52743
-5.52814
-5.52691
-5.52485
-5.52245
-5.51956
-5.51926
-5.52159
-5.52097
-5.52212
-5.52321
-5.52249
-5.52411
-5.52226
-5.52251
-5.52232
-5.5237
-5.52153
-5.51943
-5.51977
-5.51784
-5.51954
-5.51839
-5.52103
-5.52203
-5.52282
-5.52432
-5.52405
-5.52403
-5.52461
-5.52447
-5.52838
-5.52947
-5.52744
-5.52781
-5.5261
-5.52655
-5.52532
-5.52248
-5.52105
-5.52245
-5.52099
-5.52127
-5.52296
-5.52332
-5.52305
-5.52512
-5.52515
-5.52442
-5.52205
-5.52143
-5.51851
-5.51636
-5.51799
-5.51921
-5.51867
-5.51919
-5.51908
-5.52029
-5.5209
-5.52291
-5.52433
-5.52349
-5.5245
-5.52536
-5.52572
-5.52464
-5.52343
-5.52248
-5.52248
-5.52481
-5.5256
-5.52522
-5.5259
-5.52567
-5.52454
-5.52507
-5.525
-5.52532
-5.52628
-5.52554
-5.52462
-5.52413
-5.5231
-5.52449
-5.52354
-5.52225
-5.52293
-5.5208
-5.52011
-5.51965
-5.51975
-5.52007
-5.51988
-5.51937
-5.52049
-5.51967
-5.51985
-5.52099
-5.52008
-5.52128
-5.52098
-5.51926
-5.51939
-5.51916
-5.51888
-5.51889
-5.5192
-5.5208
-5.52146
-5.52157
-5.52221
-5.52252
-5.52223
-5.52451
-5.52561
-5.52849
-5.53031
-5.53221
-5.52961
-5.52715
-5.52502
-5.52183
-5.52006
-5.51732
-5.51892
-5.52138
-5.52305
-5.52247
-5.52396
-5.52405
-5.52431
-5.52449
-5.52478
-5.52691
-5.52858
-5.5299
-5.53125
-5.52853
-5.52753
-5.5274
-5.52478
-5.52148
-5.5193
-5.51997
-5.51897
-5.5218
-5.5213
-5.52026
-5.52113
-5.51984
-5.51923
-5.51966
-5.5213
-5.52113
-5.52189
-5.52175
-5.52269
-5.52364
-5.5251
-5.5262
-5.52552
-5.52492
-5.527
-5.52631
-5.52805
-5.52512
-5.52363
-5.52323
-5.52622
-5.52547
-5.52561
-5.52481
-5.52218
-5.52265
-5.52239
-5.52234
-5.52183
-5.51987
-5.52
-5.52058
-5.52155
-5.51992
-5.52144
-5.52183
-5.52172
-5.5214
-5.51955
-5.5207
-5.52295
-5.52314
-5.52138
-5.52033
-5.52199
-5.52284
-5.52194
-5.52028
-5.51883
-5.51985
-5.51808
-5.51992
-5.52046
-5.52101
-5.52194
-5.52228
-5.52357
-5.52501
-5.52649
-5.526
-5.52389
-5.52418
-5.52378
-5.52407
-5.5235
-5.52334
-5.52359
-5.52425
-5.52244
-5.52081
-5.52074
-5.52223
-5.52038
-5.52217
-5.52358
-5.52645
-5.52462
-5.52458
-5.52152
-5.52353
-5.52379
-5.52453
-5.52378
-5.5251
-5.52435
-5.52292
-5.52354
-5.52401
-5.52467
-5.5219
-5.52181
-5.52214
-5.52294
-5.52237
-5.52303
-5.5249
-5.52652
-5.52674
-5.52767
-5.52757
-5.52644
-5.52694
-5.52561
-5.52482
-5.52303
-5.52258
-5.52127
-5.5208
-5.52121
-5.5209
-5.52051
-5.52065
-5.52028
-5.52224
-5.52194
-5.52518
-5.52547
-5.52537
-5.52611
-5.52598
-5.52653
-5.52644
-5.52479
-5.52199
-5.52072
-5.52116
-5.51929
-5.52078
-5.52182
-5.52166
-5.52135
-5.52158
-5.52051
-5.52419
-5.52325
-5.52169
-5.52069
-5.51947
-5.51975
-5.52254
-5.5242
-5.52302
-5.52277
-5.52304
-5.52506
-5.52331
-5.52338
-5.52057
-5.52025
-5.52065
-5.52053
-5.51888
-5.51946
-5.51718
-5.51828
-5.51965
-5.52027
-5.52276
-5.52567
-5.5272
-5.52843
-5.52967
-5.53119
-5.53093
-5.53112
-5.52855
-5.52562
-5.52479
-5.52562
-5.52407
-5.52494
-5.52381
-5.52366
-5.52568
-5.52539
-5.52708
-5.52752
-5.52757
-5.52999
-5.53141
-5.53045
-5.52846
-5.52717
-5.52513
-5.52344
-5.52287
-5.52156
-5.5215
-5.51978
-5.51865
-5.51936
-5.52057
-5.52161
-5.5218
-5.52372
-5.525
-5.52484
-5.52435
-5.52437
-5.52425
-5.5238
-5.52255
-5.52035
-5.51989
-5.51796
-5.51938
-5.51865
-5.51869
-5.51886
-5.51924
-5.5215
-5.52015
-5.52293
-5.52326
-5.52614
-5.52527
-5.52605
-5.52653
-5.52418
-5.52399
-5.52412
-5.52173
-5.52197
-5.52149
-5.5231
-5.52252
-5.5237
-5.52356
-5.52358
-5.52257
-5.52091
-5.52051
-5.52098
-5.52001
-5.52042
-5.52336
-5.52382
-5.52531
-5.52797
-5.52618
-5.52814
-5.52963
-5.5295
-5.52947
-5.52771
-5.52735
-5.52553
-5.52506
-5.52233
-5.51984
-5.51712
-5.51645
-5.51647
-5.5171
-5.51827
-5.51902
-5.52124
-5.52125
-5.52121
-5.52261
-5.52413
-5.52644
-5.52762
-5.52704
-5.52728
-5.52576
-5.52604
-5.52558
-5.52637
-5.5262
-5.52603
-5.52524
-5.52446
-5.52466
-5.52167
-5.52007
-5.52059
-5.51938
-5.52233
-5.51941
-5.52158
-5.52158
-5.52048
-5.52136
-5.52024
-5.52137
-5.52065
-5.52117
-5.52171
-5.5217
-5.52112
-5.52094
-5.52438
-5.52398
-5.5246
-5.52433
-5.52412
-5.5265
-5.52462
-5.52688
-5.52296
-5.52066
-5.52132
-5.52234
-5.52239
-5.52043
-5.52063
-5.52035
-5.52057
-5.52042
-5.51974
-5.52
-5.51973
-5.51956
-5.52224
-5.52263
-5.5227
-5.52195
-5.51969
-5.52151
-5.52175
-5.5222
-5.52116
-5.52071
-5.5197
-5.5195
-5.51816
-5.51819
-5.52108
-5.52435
-5.52489
-5.52927
-5.52858
-5.52503
-5.52684
-5.52321
-5.52121
-5.52008
-5.51901
-5.51997
-5.52193
-5.52348
-5.52544
-5.52567
-5.5263
-5.52434
-5.52394
-5.52484
-5.52425
-5.52297
-5.51991
-5.51913
-5.51848
-5.51957
-5.51769
-5.51941
-5.5206
-5.52048
-5.52224
-5.52335
-5.52494
