2.39389
2.82021
3.48935
4.39091
5.48088
6.71324
8.01216
9.26573
10.3546
11.1752
11.6623
11.8119
11.6775
11.3408
10.9053
10.4434
10.016
9.65945
9.38993
9.20168
9.09279
9.0479
9.05122
9.08384
9.13066
9.17126
9.19944
9.20834
9.19366
9.15114
9.09109
9.016
8.93221
8.85226
8.78215
8.71793
8.67125
8.62494
8.57732
8.53226
8.48071
8.42893
8.39793
8.3864
8.39626
8.42398
8.45803
8.49696
8.52835
8.53857
8.54
8.51394
8.46729
8.39377
8.3081
8.21092
8.1097
8.01371
7.92665
7.85143
7.80645
7.79176
7.81132
7.8749
7.98508
8.13117
8.30904
8.49951
8.69651
8.88188
9.05291
9.18946
9.27485
9.28714
9.21337
9.05845
8.86419
8.66089
8.47664
8.34022
8.2539
8.21396
8.21926
8.26017
8.31972
8.38201
8.44364
8.50336
8.55713
8.60864
8.65832
8.7006
8.74378
8.78144
8.82524
8.87474
8.93096
8.98887
9.03802
9.07535
9.10118
9.10765
9.09112
9.04825
8.99009
8.91564
8.83665
8.75529
8.6724
8.59016
8.5204
8.4611
8.41442
8.39057
8.37997
8.36806
8.3693
8.37703
8.38543
8.39812
8.40076
8.39178
8.36675
8.33605
8.29898
8.26922
8.2546
8.26041
8.29709
8.36468
8.45598
8.5558
8.6478
8.71169
8.73143
8.7182
8.67329
8.6181
8.57046
8.54466
8.54628
8.5726
8.61339
8.64778
8.66921
8.6847
8.69
8.70119
8.72365
8.76216
8.82867
8.90773
9.00334
9.09481
9.17174
9.21937
9.21557
9.16344
9.06067
8.90843
8.72256
8.51949
8.31937
8.13985
7.99008
7.88188
7.82648
7.81079
7.83208
7.88316
7.95181
8.038
8.14227
8.25163
8.37537
8.49545
8.61418
8.72624
8.81878
8.88572
8.90962
8.89733
8.83959
8.75588
8.66133
8.56983
8.50745
8.47393
8.48812
8.53597
8.61856
8.72213
8.82553
8.91312
8.98096
9.01296
9.02092
8.99797
8.9577
8.89517
8.81477
8.71069
8.58129
8.43063
8.28921
8.17135
8.09085
8.05709
8.07347
8.13566
8.24919
8.39762
8.57147
8.74195
8.88857
9.00198
9.06836
9.0884
9.06312
9.00612
8.91796
8.80648
8.68271
8.54941
8.42015
8.29778
8.18743
8.10584
8.05789
8.04545
8.07174
8.13096
8.23044
8.35849
8.51989
8.69719
8.86613
9.01415
9.11461
9.15765
9.12631
9.01771
8.83944
8.61756
8.37403
8.13919
7.93921
7.79326
7.70537
7.68614
7.72954
7.82236
7.93047
8.04592
8.1439
8.2147
8.25589
8.30801
8.38701
8.51532
8.68118
8.87249
9.05655
9.19441
9.27412
9.28156
9.22177
9.10821
8.97701
8.84455
8.7443
8.684
8.6602
8.67652
8.70286
8.73067
8.75231
8.76249
8.76894
8.77084
8.77968
8.7905
8.80215
8.8095
8.79732
8.75242
8.68463
8.58017
8.45266
8.29743
8.1434
8.00883
7.91708
7.86761
7.86685
7.91241
7.9871
8.07953
8.18557
8.27618
8.34729
8.38665
8.40843
8.41222
8.40793
8.40803
8.42601
8.46445
8.52667
8.60832
8.70786
8.81884
8.92049
9.0061
9.07238
9.10804
9.11388
9.09668
9.06396
9.01925
8.96594
8.91338
8.8529
8.79461
8.74095
8.69115
8.65035
8.60843
8.5641
8.50101
8.42708
8.3415
8.24123
8.132
8.0354
7.93721
7.85301
7.77508
7.7121
7.66856
7.65812
7.68945
7.77
7.90149
8.08035
8.2955
8.5309
8.77548
9.01089
9.23037
9.41865
9.56997
9.67335
9.73269
9.71817
9.63324
9.47856
9.27463
9.03698
8.78409
8.54321
8.3308
8.15885
8.03669
7.97582
7.98115
8.03743
8.13687
8.26382
8.38887
8.50562
8.5949
8.64946
8.66645
8.64389
8.59496
8.52548
8.44232
8.36067
8.283
8.21456
8.14717
8.08249
8.02351
7.98055
7.95881
7.96356
8.00766
8.08606
8.20304
8.3554
8.53986
8.73415
8.92396
9.09738
9.23755
9.32835
9.36922
9.35597
9.29945
9.21174
9.1083
8.98607
8.86663
8.75253
8.64043
8.5432
8.46527
8.40303
8.36086
8.34028
8.33976
8.34944
8.3706
8.38588
8.41416
8.44724
8.48305
8.52167
8.57041
8.61148
8.64386
8.65634
8.65779
8.63909
8.61552
8.5791
8.54519
8.50435
8.46308
8.42794
8.39529
8.38022
8.39041
8.43598
8.51425
8.62133
8.7493
8.88073
9.00914
9.13045
9.22701
9.29978
9.33632
9.33277
9.29072
9.20931
9.07649
8.89934
8.69883
8.49611
8.31527
8.18459
8.10004
8.05875
8.05833
8.0835
8.12185
8.1702
8.21145
8.24081
8.25844
8.26253
8.26676
8.27093
8.28247
8.29979
8.327
8.37476
8.41919
8.45579
8.48215
8.49519
8.50816
8.52044
8.53989
8.58249
8.62678
8.67939
8.7249
8.76087
8.79119
8.8108
8.81062
8.81476
8.80272
8.78852
8.74274
8.66877
8.56579
8.45284
8.3435
8.26021
8.21425
8.20994
8.24367
8.29635
8.35009
8.39964
8.42309
8.42209
8.40703
8.38074
8.36869
8.36967
8.39694
8.45052
8.54291
8.66372
8.80047
8.94998
9.07998
9.183
9.22767
9.2198
9.16219
9.06502
8.94501
8.80472
8.64731
8.48014
8.30039
8.134
7.99382
7.87847
7.80599
7.77308
7.79167
7.86218
7.97391
8.11346
8.27636
8.43035
8.55262
8.6305
8.65497
8.62631
8.57237
8.51351
8.47284
8.45758
8.48306
8.54038
8.61416
8.70111
8.79243
8.87427
8.94684
9.00431
9.04826
9.07004
9.06943
9.04812
8.99964
8.93482
8.86275
8.79399
8.73295
8.68413
8.64847
8.62219
8.61025
8.60697
8.60245
8.59696
8.58736
8.56543
8.53348
8.4866
8.423
8.35009
8.27151
8.19648
8.13847
8.10052
8.09891
8.13152
8.19252
8.28895
8.40489
8.53286
8.65958
8.77356
8.86736
8.93622
8.97527
8.99204
8.97936
8.93718
8.87547
8.79322
8.70876
8.6315
8.56053
8.50429
8.46421
8.441
8.43527
8.44453
8.47176
8.51162
8.55281
8.58302
8.58497
8.53462
8.43014
8.26724
8.0684
7.85827
7.67901
7.55073
7.49542
7.52748
7.6406
7.8281
8.05711
8.30829
8.55699
8.7827
8.96227
9.10112
9.20127
9.26829
9.30019
9.28429
9.21549
9.09051
8.91841
8.73039
8.54261
8.38348
8.2785
8.23073
8.23346
8.27282
8.34469
8.42258
8.50881
8.58815
8.65314
8.71896
8.79211
8.88536
9.00602
9.15867
9.32558
9.49186
9.63111
9.72525
9.7596
9.73201
9.65114
9.52414
9.35842
9.17781
8.98093
8.79233
8.60813
8.4398
8.29331
8.19381
8.13762
8.13031
8.16971
8.23619
8.32603
8.42424
8.52034
8.60606
8.66449
8.69112
8.68042
8.63729
8.55237
8.44227
8.3155
8.18284
8.06014
7.9514
7.87364
7.84279
7.86226
7.92498
8.0214
8.15129
8.3065
8.47295
8.63565
8.77752
8.90036
8.98447
9.03849
9.05895
9.04354
8.99222
8.90181
8.78003
8.64028
8.50524
8.39273
8.30825
8.26578
8.2623
8.29711
8.36169
8.4507
8.55884
8.6858
8.81655
8.93577
9.02915
9.09451
9.10874
9.07993
9.0098
8.92079
8.8075
8.68749
8.54928
8.41446
8.28655
8.17986
8.09705
8.05577
8.05709
8.09344
8.1626
8.25443
8.36822
8.48455
8.60322
8.71715
8.81951
8.89079
8.9179
8.89568
8.82727
8.71821
8.58967
8.46201
8.34797
8.26923
8.2295
8.23592
8.28284
8.3704
8.48649
8.61939
8.75888
8.88945
8.99725
9.07525
9.1119
9.11555
9.07415
9.00403
8.90304
8.77452
8.63238
8.48738
8.35877
8.26409
8.21466
8.21143
8.2535
8.34005
8.43941
8.53393
8.6002
8.62
8.58999
8.52501
8.43126
8.3511
8.29421
8.26817
8.27467
8.30184
8.33586
8.37454
8.41582
8.45072
8.48455
8.52308
8.5889
8.67847
8.80411
8.94698
9.09449
9.22683
9.32279
9.35563
9.32759
9.22835
9.07892
8.90246
8.71515
8.53701
8.38092
8.24687
8.1341
8.0438
7.98653
7.96719
8.0022
8.09131
8.22548
8.39103
8.57247
8.73205
8.85885
8.93818
8.96877
8.96326
8.91205
8.82036
8.68765
8.51646
8.33083
8.15597
8.01198
7.91353
7.8747
7.89561
7.97011
8.09203
8.24288
8.41319
8.58237
8.73351
8.85767
8.94635
8.99271
8.98439
8.92335
8.81494
8.66977
8.50779
8.35583
8.23643
8.16443
8.14455
8.16812
8.23604
8.33104
8.45871
8.60609
8.76665
8.93
9.07915
9.21071
9.29307
9.32985
9.3071
9.24449
9.14315
9.02324
8.90457
8.78602
8.67547
8.57847
8.48205
8.39517
8.31907
8.27475
8.26481
8.30113
8.37672
8.48236
8.60104
8.7123
8.80311
8.86745
8.89168
8.87212
8.82682
8.76035
8.682
8.60497
8.50473
8.38176
8.23529
8.06853
7.90383
7.76058
7.67212
7.65205
7.71524
7.84941
8.0378
8.25259
8.47481
8.68683
8.87432
9.02651
9.12812
9.18012
9.17753
9.12344
9.03107
8.90999
8.77414
8.63377
8.49198
8.36337
8.24872
8.16026
8.09756
8.06685
8.0655
8.09391
8.14953
8.22912
8.33951
8.46612
8.59986
8.73827
8.85509
8.95701
9.00617
9.00986
8.96656
8.88011
8.77667
8.66615
8.57273
8.49778
8.44517
8.41363
8.39897
8.39524
8.39236
8.40423
8.41777
8.43383
8.44676
8.44958
8.45868
8.45884
8.47482
8.4897
8.49901
8.50623
8.51333
8.52412
8.53387
8.55516
8.59323
8.65438
8.7367
8.82564
8.90505
8.95089
8.93971
8.87735
8.76955
8.63989
8.51777
8.41734
8.3706
8.38376
8.46005
8.58411
8.73948
8.89896
9.04084
9.13594
9.16344
9.12013
9.01538
8.84903
8.66474
8.48777
8.32847
8.22967
8.18238
8.18172
8.21326
8.25184
8.2791
8.28203
8.25039
8.18939
8.10372
8.01548
7.93442
7.87965
7.87142
7.9145
8.00798
8.12992
8.26436
8.38477
8.48323
8.53779
8.56204
8.57182
8.57897
8.60673
8.66458
