0.497955   -0.494345   0.49884  1.44875   1.00982   -0.713052
-0.337761   -0.329971   -0.495966  0.919798   0.0200672   0.786379
-0.485896   -0.34816   -0.331583  0.94686   0.158119   1.00493
-0.322955   0.489203   -0.332316  -0.301321   -2.28045   -0.864902
-0.173919   0.49066   0.488394  1.10611   -0.936873   -0.35447
0.0121429   -0.318069   0.499673  0.127257   -2.5211   -1.17145
-0.154248   -0.342531   -0.335385  0.33881   -0.429607   0.0435089
-0.0140839   0.490566   -0.326389  -0.441599   1.00511   0.11716
0.160697   0.495764   0.495322  -0.528495   1.40231   0.659141
0.331213   -0.333755   -0.490557  -1.00099   -0.151222   0.603235
0.156116   -0.339085   -0.314162  -1.17129   1.20792   -0.365649
0.329548   -0.485929   -0.32111  0.750563   -1.42986   0.628933
0.497051   -0.169463   0.490242  0.405157   -0.975243   -0.497756
-0.335976   -0.00232621   -0.494542  1.53896   -0.108521   -0.0501602
-0.499551   -0.00942512   -0.340781  -0.422511   0.0927834   -0.0899015
-0.316839   -0.183593   -0.327786  0.399897   1.52923   0.0435799
-0.160496   -0.163668   0.498813  -1.91162   -0.0791947   0.0216177
0.0122991   -0.00236206   -0.487797  -0.331312   0.775085   -1.57264
-0.1628   0.000902122   -0.331309  0.400138   -0.297339   -0.923914
0.00408782   -0.171321   -0.329417  -0.938555   0.943678   -0.215967
0.177053   -0.156006   0.495329  0.163525   -0.599441   -0.670398
0.343521   0.000684353   0.497006  -1.39833   1.07881   -0.83796
0.185089   0.0101905   -0.327214  -0.301587   0.123235   -0.25421
0.342733   -0.175282   -0.328261  -1.44575   0.99872   0.583584
-0.497187   0.172937   0.479599  -0.227644   0.599948   0.200359
-0.336457   0.324257   0.498064  -1.58462   1.34872   -0.337079
-0.494996   0.337019   -0.328635  1.43978   -0.334743   -0.43445
-0.330041   0.155398   -0.336226  1.13342   0.0651193   -0.448629
-0.165642   0.150072   0.498919  -1.0517   -0.605348   -0.969916
-0.00268455   0.332723   0.489532  1.8868   -0.923417   -0.841196
-0.158863   0.324531   -0.344696  0.384051   -0.502863   -0.797485
-0.00683767   0.169375   -0.341862  0.447698   -0.93804   -0.209666
0.181672   0.179242   -0.484729  -0.912472   0.673012   0.646025
0.33607   0.337217   0.493785  -1.91281   -0.714078   0.40033
0.165234   0.347549   -0.335245  0.909155   1.26554   -0.758125
0.341126   0.172882   -0.334613  0.0649279   -0.214284   -0.98147
0.4944   0.495606   -0.155451  0.908975   1.63768   0.00780068
-0.319705   -0.342974   -0.162375  1.06707   -0.710464   0.887949
-0.490273   -0.339224   0.00796102  -1.37288   -0.0124317   0.280258
-0.329736   0.486309   0.00410817  -0.201561   0.123816   1.10229
-0.150502   0.482001   -0.160528  -0.469041   -0.528214   -0.107724
-0.0174589   -0.334707   -0.157893  -0.868521   1.08232   0.512544
-0.173943   -0.34194   0.010836  -0.107646   -0.0623065   0.645098
-0.00825106   0.496182   -0.000607056  0.298431   0.346435   -0.770167
0.159822   -0.488455   -0.157152  -0.228119   1.16661   -0.519896
0.345066   -0.334415   -0.162635  0.26612   0.860327   -0.586134
0.170303   -0.319651   0.000911128  0.690341   -0.661507   0.544542
0.325418   -0.495481   0.00160562  -2.25626   0.121475   0.364133
-0.498543   -0.174254   -0.160202  0.747511   -0.467938   0.542421
-0.338777   0.00162649   -0.176066  1.56145   -0.257732   0.942346
0.497159   -0.00080179   -0.00171271  0.908179   0.557363   0.367386
-0.333399   -0.163864   -0.00391098  0.00501276   -1.18138   0.639657
-0.161166   -0.158736   -0.161025  -0.109021   0.430076   -1.41464
-0.00127497   0.00915402   -0.16892  -0.390297   -2.47086   0.192239
-0.171031   0.00705204   -0.000584504  -0.520581   1.43816   0.562941
-0.000911362   -0.161121   -0.00225234  0.372079   0.254875   -0.520031
0.176319   -0.173656   -0.160112  1.92527   -0.321511   -0.912646
0.346491   0.0104914   -0.165009  0.736465   -0.605419   -0.094872
0.158284   -0.00815931   -0.0139391  -1.00426   -0.337719   0.774018
0.340264   -0.161115   -0.00785046  1.56322   0.419092   -0.737664
-0.49707   0.172665   -0.172575  0.126715   1.7699   1.38588
-0.31539   0.335507   -0.173151  1.29504   0.710657   0.24337
0.493207   0.328264   -0.011434  -0.118628   -0.19189   0.735702
-0.346695   0.170443   0.0128885  0.46148   -1.09948   -0.109488
-0.177863   0.158889   -0.16903  -0.690213   -1.4854   -0.0106169
0.00126481   0.3282   -0.173749  -0.971461   -0.665103   -0.60271
-0.168834   0.319796   0.00333088  -0.460247   -0.576985   -1.26789
-0.00293368   0.171714   -0.00940465  -0.899346   -0.635548   0.773386
0.164824   0.176584   -0.157621  -0.0822798   1.04675   0.300599
0.327695   0.34361   -0.169598  0.785348   0.51711   -0.299484
0.149262   0.347494   0.00405771  -0.426045   0.232309   -1.78131
0.32955   0.167179   -0.00926087  0.354243   -1.12626   1.06501
0.486244   0.495162   0.168952  0.41582   1.18153   -0.000904775
-0.350153   -0.328915   0.175647  0.497074   0.732936   -0.074892
0.486322   -0.325574   0.331536  0.513175   0.506498   0.562998
-0.342881   -0.498379   0.3322  -0.688265   0.666342   -0.159176
-0.1517   0.499143   0.18609  -1.50487   0.358423   0.167787
-0.00200264   -0.32695   0.164849  1.32796   1.31448   -0.869448
-0.170763   -0.324153   0.345405  -0.391416   1.4919   -1.55294
-0.00257969   -0.476978   0.333302  -1.37629   1.46925   0.541238
0.162571   -0.489158   0.165279  0.418839   -1.12754   -1.55979
0.333492   -0.321736   0.1726  -0.273334   0.790413   -0.129826
0.180056   -0.336706   0.342086  -0.756301   -0.631711   0.551408
0.323559   0.492057   0.320694  -2.12319   0.785428   -0.561293
-0.499245   -0.160439   0.164972  -0.169734   1.12289   0.821917
-0.332931   -0.00368084   0.163208  -0.924057   0.419392   1.1173
-0.496427   0.00812277   0.342482  0.623579   -0.920962   1.22591
-0.337039   -0.164376   0.343657  -1.38473   -0.102417   -0.0702315
-0.174391   -0.170082   0.167564  -0.209747   -0.256508   -0.223969
-0.00244015   -0.000871659   0.164209  0.425971   -1.86498   0.926137
-0.16685   -0.0113803   0.322779  2.17727   0.2646   -0.0948197
0.00479244   -0.167087   0.334956  0.842096   -1.27672   0.970951
0.163545   -0.149221   0.167496  0.263672   0.722706   0.246886
0.32453   0.004497   0.149022  1.73519   -0.48706   1.38663
0.165719   0.0114947   0.346341  -0.178695   -0.880176   1.30459
0.321152   -0.164054   0.337803  0.584721   1.3224   -0.579128
-0.489912   0.158116   0.172795  0.125857   -0.824037   1.09543
-0.343842   0.339289   0.168927  -1.55113   -1.0544   0.87182
0.48761   0.32809   0.329211  1.07624   -0.999467   0.237891
-0.318836   0.151471   0.33232  -0.250919   1.04512   -0.888589
-0.171348   0.161254   0.172391  -0.0903877   -0.645523   -0.205093
-0.00908494   0.327047   0.162869  -1.24775   1.64217   -1.52179
-0.163368   0.318831   0.328706  -0.0211192   -0.585593   0.233838
0.00334457   0.16848   0.340604  0.735385   -1.12466   -0.302108
0.170811   0.163223   0.147003  1.07801   -1.08134   0.317005
0.326136   0.323048   0.140968  0.104875   0.91977   0.577633
0.159747   0.333737   0.325427  -0.398319   -0.519979   0.0864429
0.334222   0.170589   0.311065  -1.23107   -1.94559   1.03757
