3.75001
3.75002
3.75005
3.75009
3.75015
3.75022
3.7503
3.75039
3.7505
3.75062
3.75075
3.7509
3.75107
3.75125
3.75144
3.75166
3.75189
3.75214
3.7524
3.75269
3.75299
3.75332
3.75366
3.75403
3.75442
3.75483
3.75527
3.75574
3.75623
3.75676
3.75731
3.7579
3.75852
3.75918
3.75988
3.76062
3.7614
3.76224
3.76312
3.76406
3.76505
3.76611
3.76724
3.76845
3.76973
3.7711
3.77256
3.77412
3.7758
3.77759
3.77951
3.78156
3.78377
3.78612
3.78864
3.79133
3.79418
3.79717
3.80029
3.80347
3.80663
3.80961
3.81221
3.8141
3.81485
3.81394
3.81092
3.80564
3.79881
3.79241
3.78948
3.79277
3.8029
3.81777
3.83392
3.84826
3.85886
3.86472
3.86531
3.8604
3.85027
3.83627
3.82118
3.80855
3.80124
3.8003
3.80556
3.81656
3.83239
3.85099
3.86937
3.88482
3.89591
3.90271
3.90624
3.9077
3.90778
3.90651
3.90376
3.89988
3.89599
3.89356
3.89362
3.89614
3.90015
3.90438
3.90789
3.9105
3.91279
3.91587
3.92091
3.92873
3.93948
3.95262
3.96707
3.98148
3.99452
4.00514
4.01267
4.01685
4.01775
4.01563
4.01061
4.00224
3.98915
3.96889
3.93891
3.89941
3.85784
3.82968
3.82769
3.84949
3.88223
3.9154
3.94464
3.96903
3.98879
4.00445
4.01658
4.02564
4.03191
4.03548
4.03628
4.0342
4.0291
4.02092
4.00981
3.99635
3.98182
3.96827
3.95803
3.95282
3.95308
3.95827
3.96757
3.98009
3.99466
4.00973
4.02366
4.0351
4.04318
4.04744
4.04772
4.04405
4.03668
4.02636
4.01449
4.00307
3.99405
3.98837
3.98572
3.98516
3.98601
3.98804
3.99112
3.99477
3.99824
4.00071
4.00149
3.9999
3.99514
3.98627
3.97267
3.95505
3.9369
3.92477
3.92495
3.9383
3.95934
3.98089
3.99827
4.00981
4.01539
4.01536
4.0101
4.00004
3.98604
3.96966
3.9532
3.93937
3.93055
3.928
3.93161
3.94025
3.95221
3.96571
3.97914
3.99126
4.00131
4.00888
4.01379
4.01578
4.01435
4.0088
3.99862
3.98441
3.96912
3.95819
3.95688
3.9662
3.98205
3.99873
4.01244
4.02196
4.02765
4.03041
4.03107
4.03024
4.02831
4.02546
4.02175
4.01712
4.01143
4.00455
3.9964
3.98707
3.97701
3.96705
3.95829
3.9517
3.9477
3.94603
3.94614
3.9477
3.95086
3.95606
3.9635
3.97289
3.98339
3.99392
4.00346
4.01125
4.01679
4.01981
4.02013
4.01766
4.01246
4.00487
3.9957
3.98611
3.97723
3.96943
3.96214
3.95461
3.94752
3.94374
3.94675
3.95757
3.97349
3.99007
4.00396
4.01375
4.01952
4.02196
4.02184
4.01984
4.01652
4.01235
4.00771
4.00286
3.99787
3.9925
3.98624
3.97839
3.96827
3.95547
3.94021
3.92387
3.90964
3.90247
3.90677
3.92254
3.94472
3.96682
3.98459
3.99674
4.0038
4.00694
4.00732
4.00587
4.00322
3.99969
3.99529
3.98973
3.98259
3.97349
3.96238
3.94979
3.93666
3.92405
3.91271
3.90324
3.89639
3.89282
3.89226
3.89326
3.89416
3.89433
3.8948
3.89763
3.90466
3.91616
3.93057
3.94537
3.95841
3.96865
3.97617
3.98173
3.98616
3.98998
3.99325
3.99565
3.99665
3.99572
3.99247
3.98677
3.97894
3.96981
3.96063
3.95269
3.94669
3.94244
3.9392
3.93639
3.93424
3.93358
3.9352
3.93914
3.94464
3.95057
3.95593
3.96018
3.96319
3.96512
3.96635
3.96738
3.96869
3.97064
3.97337
3.9768
3.98064
3.98452
3.98809
3.99108
3.99327
3.99452
3.99471
3.99373
3.99147
3.98784
3.98282
3.97642
3.96878
3.96008
3.95066
3.94107
3.93223
3.92542
3.92192
3.92238
3.92632
3.93215
3.93791
3.94203
3.94393
3.94426
3.94472
3.94733
3.95343
3.963
3.97488
3.98747
3.99946
4.01004
4.0189
4.02597
4.03134
4.03512
4.03735
4.03802
4.03701
4.0341
4.02899
4.02131
4.01073
3.99713
3.98076
3.96245
3.94364
3.92622
3.91207
3.90252
3.89807
3.89836
3.90256
3.90978
3.91941
3.93103
3.94423
3.95827
3.97205
3.98434
3.99408
4.00061
4.00367
4.00332
3.99995
3.99427
3.98745
3.98099
3.97645
3.97487
3.97634
3.98001
3.98459
3.9889
3.99222
3.99426
3.99508
3.99494
3.99415
3.99302
3.99184
3.99083
3.99015
3.98986
3.98995
3.99031
3.99079
3.99119
3.99128
3.9908
3.98946
3.98696
3.98296
3.97707
3.96889
3.9581
3.94467
3.92933
3.91396
3.90161
3.89546
3.89719
3.90609
3.91969
3.93517
3.95027
3.96357
3.97446
3.98301
3.98971
3.99522
4.0001
4.00469
4.00902
4.01298
4.01637
4.01905
4.02094
4.02209
4.0226
4.02262
4.02233
4.02189
4.02141
4.02093
4.02039
4.01962
4.01834
4.01614
4.01253
4.00696
3.99892
3.98806
3.97448
3.95909
3.94387
3.93179
3.92575
3.92679
3.93293
3.9401
3.94457
3.94524
3.94444
3.94651
3.9545
3.96767
3.98224
3.99434
4.00183
4.0044
4.00282
3.99826
3.99197
3.98499
3.9781
3.9718
3.96656
3.96294
3.96165
3.9632
3.96757
3.97409
3.98167
3.98922
3.99596
4.00146
4.00561
4.00849
4.01026
4.0111
4.01119
4.0107
4.00976
4.0085
4.00704
4.00547
4.00391
4.00244
4.00117
4.00016
3.99946
3.99909
3.99901
3.99912
3.99924
3.99912
3.9984
3.99666
3.9935
3.98858
3.98196
3.97424
3.96676
3.96121
3.95889
3.9598
3.96263
3.96547
3.96688
3.96642
3.96464
3.96263
3.96156
3.9622
3.96484
3.96924
3.97474
3.98048
3.98554
3.98919
3.99104
3.9911
3.9897
3.98734
3.98452
3.98166
3.97908
3.97703
3.9757
3.97514
3.97522
3.97575
3.97663
3.97796
3.97982
3.982
3.98373
3.98371
3.98044
3.97272
3.96025
3.94428
3.92803
3.91625
3.9132
3.92035
3.93545
3.95405
3.9718
3.98582
3.99486
3.99883
3.99842
3.99496
3.99035
3.98677
3.98601
3.98861
3.99364
3.99927
4.00364
4.00553
4.00446
4.00071
3.99518
3.98937
3.98506
3.98383
3.98647
3.99266
4.00123
4.01075
4.02001
4.02824
4.03509
4.04047
4.0444
4.04695
4.04815
4.04793
4.04616
4.04258
4.03691
4.02893
4.01876
4.00718
3.99585
3.98699
3.98241
3.98242
3.98565
3.9901
3.99435
3.99814
4.002
4.00666
4.01241
4.01899
4.02572
4.03193
4.0371
4.041
4.04359
4.04497
4.04527
4.04464
4.04317
4.04094
4.03799
4.03433
4.02993
4.02481
4.01898
4.01252
4.00562
3.99856
3.9918
3.98583
3.98115
3.97814
3.97692
3.97739
3.97922
3.98201
3.98541
3.98912
3.99297
3.99689
4.00085
4.00482
4.00877
4.01265
4.01636
4.01977
4.02268
4.02488
4.02609
4.02595
4.02401
4.01964
4.01206
4.00037
3.98379
3.96221
3.93705
3.9119
3.8919
3.88138
3.88129
3.8888
3.8992
3.90859
3.91554
3.9215
3.92954
3.94182
3.95769
3.97413
3.98756
3.99514
3.99476
3.98459
3.96383
3.93551
3.91011
3.90227
3.91739
3.94552
3.97275
3.99198
4.00274
4.00707
4.00715
4.00456
4.00029
3.99491
3.98887
3.98259
3.97661
3.97165
3.96847
3.96765
3.96934
3.97316
3.97836
3.98409
3.98965
3.99458
3.99869
4.00198
4.00454
4.00649
4.00797
4.0091
4.00997
4.01065
4.01118
4.01158
4.01186
4.01199
4.01194
4.01165
4.011
4.00987
4.00805
4.00525
4.00107
3.995
3.98649
3.97508
3.96062
3.94349
3.92493
3.90774
3.89714
3.89931
3.91643
3.94319
3.97046
3.9913
4.00305
4.00619
4.0031
3.99753
3.99371
3.99462
4.00027
4.00788
4.01381
4.01545
4.01204
4.00478
3.99649
3.99071
3.98999
3.99455
4.00239
4.01091
4.01821
4.02353
4.02694
4.02885
4.02961
4.02936
4.02804
4.02555
4.02203
4.01809
4.01472
4.01305
4.01386
4.01715
4.02217
4.02779
4.03288
4.03663
4.03855
4.03842
4.03623
4.03212
4.02641
4.01959
4.01228
4.00519
3.99893
3.99394
3.99051
3.98884
3.98906
3.99116
3.99488
3.99971
4.00498
4.01006
4.01447
4.01793
4.02033
4.02167
4.02211
4.02199
4.02184
4.02234
4.02416
4.02763
4.03249
4.03789
4.04263
4.04553
4.04589
4.04364
4.03951
4.0348
4.03095
4.02876
4.02798
4.02747
4.02581
4.02194
4.01568
4.00816
4.00199
4.00052
4.00591
4.01753
4.03243
4.04741
4.06054
4.0713
4.07994
4.08687
4.09234
4.09638
4.09889
4.09971
4.09875
4.09595
4.0914
4.08529
4.07794
4.06985
4.06198
4.05584
4.05338
4.05599
4.06342
4.07362
4.08379
4.09168
4.0962
4.09731
4.0956
4.09193
4.08718
4.08209
4.07715
4.0726
4.06846
4.06458
4.06077
4.05691
4.05309
4.04964
4.04712
4.04619
4.04743
4.05111
4.05706
4.06469
4.07315
4.08153
4.08913
4.09552
4.10053
4.10421
4.1067
4.10813
4.10861
4.10813
4.10665
4.10403
4.10013
4.09482
4.088
4.07969
4.07007
4.05947
4.04844
4.03764
4.02778
4.01949
4.01321
4.00919
4.0075
4.00806
4.01065
4.01489
4.02025
4.02609
4.03177
4.03676
4.04069
4.04337
4.04476
4.04497
4.04419
4.04267
4.04066
4.03839
4.036
4.03354
4.03098
4.02823
4.0252
4.02181
4.01804
4.01389
4.00949
4.00515
4.00148
3.99935
3.99965
4.00283
4.00862
4.01597
4.02352
4.02998
4.03435
4.03598
4.03447
4.02967
4.02194
4.01247
4.00365
3.99853
3.99942
4.00635
4.01693
4.0279
4.03662
4.04168
4.04258
4.03923
4.03164
4.01999
4.00511
3.98923
3.97588
3.96809
3.96594
3.96663
3.96743
3.9678
3.96884
3.97155
3.97663
3.98494
3.99687
4.01108
4.02465
4.03465
4.03936
4.03841
4.03253
4.02337
4.01341
4.0053
4.00044
