-0.0318434
-0.031862
-0.0318931
-0.0319366
-0.0319927
-0.0320615
-0.0321431
-0.0322377
-0.0323504
-0.032496
-0.0326513
-0.0328311
-0.0330283
-0.0332484
-0.0334728
-0.0337256
-0.0339908
-0.0342832
-0.0345771
-0.0349041
-0.0352389
-0.0355915
-0.0359771
-0.0363826
-0.036792
-0.0372374
-0.0377176
-0.0381913
-0.0386931
-0.0392339
-0.0398106
-0.0404083
-0.0410434
-0.0417251
-0.0424345
-0.0431978
-0.0439871
-0.0448245
-0.0457156
-0.0466667
-0.0476722
-0.0487439
-0.0498776
-0.051107
-0.0524001
-0.0537849
-0.0552591
-0.0568305
-0.0585242
-0.0603373
-0.0622791
-0.064357
-0.066585
-0.0689595
-0.0714964
-0.0741909
-0.0770606
-0.0800745
-0.0832158
-0.0864065
-0.0895612
-0.0925238
-0.095072
-0.0968656
-0.0974778
-0.0963872
-0.0931341
-0.0876604
-0.0807619
-0.0745458
-0.0721321
-0.0761239
-0.0868654
-0.102027
-0.118126
-0.132155
-0.142324
-0.147673
-0.14773
-0.142269
-0.131669
-0.117423
-0.102411
-0.0902124
-0.0835362
-0.0832434
-0.0890961
-0.100637
-0.116873
-0.135588
-0.153779
-0.168822
-0.179457
-0.185872
-0.189156
-0.190469
-0.19042
-0.189008
-0.18611
-0.182175
-0.178359
-0.176152
-0.176465
-0.179187
-0.183283
-0.187479
-0.190902
-0.193424
-0.195742
-0.198976
-0.204266
-0.212382
-0.223408
-0.236738
-0.251251
-0.265581
-0.278437
-0.288774
-0.295981
-0.299826
-0.300418
-0.298015
-0.292684
-0.283927
-0.270233
-0.2491
-0.218082
-0.177878
-0.136873
-0.110932
-0.11172
-0.135256
-0.168406
-0.201303
-0.230058
-0.253976
-0.27331
-0.288578
-0.300386
-0.309162
-0.315158
-0.318455
-0.318984
-0.316613
-0.311212
-0.302718
-0.291337
-0.277698
-0.263159
-0.249837
-0.240051
-0.23538
-0.236163
-0.241796
-0.251459
-0.26423
-0.278928
-0.293951
-0.307685
-0.318819
-0.326535
-0.330409
-0.330284
-0.326214
-0.318511
-0.307967
-0.296042
-0.284793
-0.276087
-0.270744
-0.268337
-0.267941
-0.268904
-0.271046
-0.274203
-0.277881
-0.281289
-0.283627
-0.284201
-0.282333
-0.277212
-0.267885
-0.253825
-0.235938
-0.218067
-0.206934
-0.208508
-0.222944
-0.244343
-0.265626
-0.282458
-0.293378
-0.298379
-0.29782
-0.292068
-0.281569
-0.267259
-0.250745
-0.234415
-0.220996
-0.212751
-0.210841
-0.215028
-0.224078
-0.236274
-0.249835
-0.263169
-0.275107
-0.284908
-0.292219
-0.296852
-0.298535
-0.296736
-0.29074
-0.280095
-0.265617
-0.250496
-0.240323
-0.240132
-0.250356
-0.266538
-0.283045
-0.296363
-0.305481
-0.310843
-0.313355
-0.313843
-0.312891
-0.310879
-0.307952
-0.304144
-0.29943
-0.293633
-0.286639
-0.278348
-0.268919
-0.258826
-0.24893
-0.240353
-0.234009
-0.230265
-0.2288
-0.229058
-0.23076
-0.234103
-0.239516
-0.247172
-0.256715
-0.267266
-0.277737
-0.287129
-0.294717
-0.300024
-0.302774
-0.302824
-0.300073
-0.294621
-0.286825
-0.277554
-0.268001
-0.259228
-0.251526
-0.244224
-0.236677
-0.229762
-0.226512
-0.230323
-0.241844
-0.258038
-0.27448
-0.287973
-0.297349
-0.302751
-0.304889
-0.304557
-0.302408
-0.298979
-0.294738
-0.290058
-0.285211
-0.280186
-0.274752
-0.26837
-0.26033
-0.249956
-0.23688
-0.221433
-0.205126
-0.191352
-0.185173
-0.190706
-0.207409
-0.229868
-0.251671
-0.268904
-0.280506
-0.287115
-0.289915
-0.290057
-0.288468
-0.285717
-0.282111
-0.277608
-0.271922
-0.264592
-0.255282
-0.244002
-0.231303
-0.218197
-0.205683
-0.194495
-0.185252
-0.178712
-0.175479
-0.175159
-0.176227
-0.17705
-0.177182
-0.177779
-0.180966
-0.188461
-0.200352
-0.21491
-0.229615
-0.242398
-0.252337
-0.259618
-0.265027
-0.269373
-0.273148
-0.276355
-0.278625
-0.27946
-0.27831
-0.274804
-0.268878
-0.260883
-0.251686
-0.242579
-0.234805
-0.229
-0.224894
-0.221711
-0.218937
-0.216896
-0.21644
-0.218306
-0.222449
-0.228039
-0.233953
-0.23921
-0.243332
-0.246218
-0.248063
-0.249262
-0.250303
-0.25167
-0.253701
-0.256513
-0.260001
-0.263865
-0.267725
-0.271248
-0.274167
-0.276273
-0.277415
-0.277485
-0.276369
-0.273977
-0.270215
-0.26505
-0.258538
-0.25077
-0.241985
-0.232522
-0.222957
-0.214255
-0.207723
-0.204604
-0.205466
-0.209665
-0.215581
-0.221218
-0.225124
-0.226799
-0.227046
-0.227628
-0.230539
-0.237008
-0.246882
-0.258908
-0.271489
-0.283359
-0.293769
-0.302446
-0.309347
-0.314561
-0.318175
-0.320248
-0.32075
-0.319567
-0.316455
-0.311101
-0.303141
-0.292265
-0.278351
-0.261737
-0.243294
-0.224521
-0.207354
-0.19362
-0.184573
-0.180621
-0.181345
-0.185875
-0.193366
-0.203208
-0.21501
-0.228338
-0.24241
-0.256087
-0.268158
-0.277608
-0.283796
-0.28651
-0.285833
-0.282191
-0.276351
-0.26949
-0.263145
-0.258868
-0.25761
-0.259368
-0.263179
-0.267782
-0.272011
-0.275203
-0.277109
-0.277818
-0.277596
-0.27676
-0.275611
-0.274438
-0.273463
-0.272826
-0.272576
-0.272692
-0.273053
-0.273537
-0.273916
-0.273965
-0.273413
-0.271973
-0.269341
-0.265167
-0.25907
-0.250639
-0.239575
-0.225911
-0.210447
-0.195231
-0.18336
-0.177961
-0.180481
-0.189977
-0.203882
-0.219427
-0.2344
-0.247468
-0.258114
-0.266453
-0.273006
-0.278418
-0.283261
-0.287828
-0.29214
-0.296057
-0.299388
-0.301985
-0.3038
-0.304879
-0.305338
-0.305329
-0.305019
-0.304565
-0.304082
-0.303591
-0.30303
-0.30224
-0.300894
-0.29858
-0.294798
-0.289001
-0.280688
-0.269552
-0.255739
-0.240251
-0.2252
-0.213615
-0.208283
-0.209988
-0.216441
-0.223487
-0.227575
-0.227943
-0.22723
-0.229811
-0.238426
-0.251937
-0.266432
-0.278127
-0.285127
-0.287236
-0.285291
-0.280508
-0.274101
-0.267116
-0.260251
-0.254035
-0.24893
-0.245527
-0.2445
-0.246349
-0.250975
-0.257648
-0.265273
-0.272769
-0.279404
-0.284761
-0.288791
-0.29155
-0.293222
-0.293977
-0.294009
-0.293466
-0.292489
-0.291205
-0.28972
-0.288148
-0.286583
-0.285137
-0.283879
-0.282902
-0.282233
-0.281894
-0.281835
-0.281957
-0.282065
-0.281901
-0.281104
-0.27925
-0.275916
-0.270822
-0.264049
-0.256287
-0.248925
-0.243664
-0.241686
-0.242863
-0.245771
-0.248527
-0.249752
-0.249128
-0.247263
-0.245294
-0.244366
-0.245205
-0.248036
-0.252571
-0.258129
-0.263842
-0.268788
-0.272264
-0.273928
-0.273818
-0.272316
-0.269882
-0.267037
-0.26419
-0.26165
-0.259675
-0.258423
-0.257941
-0.258078
-0.258662
-0.259573
-0.260948
-0.262865
-0.265056
-0.26668
-0.266393
-0.262715
-0.254519
-0.241608
-0.225423
-0.209394
-0.198319
-0.196299
-0.204399
-0.220065
-0.238756
-0.256235
-0.269788
-0.278313
-0.28181
-0.281015
-0.277341
-0.272725
-0.269378
-0.268952
-0.271849
-0.277036
-0.282627
-0.286795
-0.288395
-0.287032
-0.283058
-0.277418
-0.271667
-0.267595
-0.266736
-0.269765
-0.276254
-0.284996
-0.294542
-0.303729
-0.311831
-0.318551
-0.323769
-0.327563
-0.329971
-0.331032
-0.330666
-0.328726
-0.324956
-0.319062
-0.31085
-0.300482
-0.288842
-0.277653
-0.269152
-0.265064
-0.265476
-0.268911
-0.273399
-0.277601
-0.281361
-0.285275
-0.290039
-0.295914
-0.302544
-0.309255
-0.31539
-0.320435
-0.324187
-0.326659
-0.327924
-0.328125
-0.3274
-0.325842
-0.323529
-0.3205
-0.316763
-0.312295
-0.3071
-0.301205
-0.294683
-0.287751
-0.280707
-0.27401
-0.268159
-0.263637
-0.260797
-0.25975
-0.260367
-0.262307
-0.265175
-0.268618
-0.272357
-0.276217
-0.280149
-0.284094
-0.288073
-0.292026
-0.295894
-0.299588
-0.302948
-0.305805
-0.30793
-0.309013
-0.308728
-0.30657
-0.301919
-0.293977
-0.281819
-0.264729
-0.242699
-0.217338
-0.192465
-0.17326
-0.163797
-0.164661
-0.172658
-0.183106
-0.19227
-0.199021
-0.205069
-0.213468
-0.226185
-0.24228
-0.258575
-0.271528
-0.278397
-0.277118
-0.265903
-0.244146
-0.215499
-0.191223
-0.1857
-0.202782
-0.23138
-0.257988
-0.276327
-0.286339
-0.290149
-0.289915
-0.287106
-0.282699
-0.277239
-0.271154
-0.264863
-0.258945
-0.254137
-0.251169
-0.250599
-0.252531
-0.256507
-0.261801
-0.267538
-0.273041
-0.277899
-0.281929
-0.285136
-0.287618
-0.289511
-0.290952
-0.29204
-0.292889
-0.293559
-0.29407
-0.294475
-0.29474
-0.294856
-0.294808
-0.294474
-0.293797
-0.292606
-0.290707
-0.287785
-0.283423
-0.277132
-0.268347
-0.256634
-0.241884
-0.224536
-0.205946
-0.189134
-0.179532
-0.183215
-0.201655
-0.228886
-0.255751
-0.275733
-0.286558
-0.28894
-0.28541
-0.279823
-0.276377
-0.277816
-0.283836
-0.291441
-0.297035
-0.298172
-0.294299
-0.286779
-0.278578
-0.273217
-0.273065
-0.278065
-0.286093
-0.294565
-0.301666
-0.306775
-0.310019
-0.3118
-0.312449
-0.312097
-0.310655
-0.308054
-0.304475
-0.300535
-0.297278
-0.295859
-0.296934
-0.300432
-0.305562
-0.311162
-0.316154
-0.319743
-0.321459
-0.321129
-0.318735
-0.314459
-0.308613
-0.301722
-0.294419
-0.287378
-0.281226
-0.276384
-0.273118
-0.271629
-0.272036
-0.274314
-0.278166
-0.283079
-0.288353
-0.293382
-0.297711
-0.301076
-0.303364
-0.304604
-0.304975
-0.304823
-0.304711
-0.305323
-0.307302
-0.31093
-0.315891
-0.321289
-0.325885
-0.328556
-0.328639
-0.326158
-0.321903
-0.317227
-0.313517
-0.311488
-0.310801
-0.310237
-0.308395
-0.304285
-0.297839
-0.290309
-0.28446
-0.283602
-0.289699
-0.301802
-0.316841
-0.331694
-0.344592
-0.35511
-0.363565
-0.370343
-0.375658
-0.379544
-0.381898
-0.382546
-0.381389
-0.378401
-0.373675
-0.367433
-0.359985
-0.351879
-0.344073
-0.338212
-0.336209
-0.33935
-0.347188
-0.357512
-0.36754
-0.375118
-0.379288
-0.380084
-0.378134
-0.374324
-0.369511
-0.364408
-0.359502
-0.355004
-0.350893
-0.347026
-0.343201
-0.339332
-0.335523
-0.332133
-0.329722
-0.328995
-0.330481
-0.334397
-0.340546
-0.348309
-0.356801
-0.365131
-0.372623
-0.378883
-0.383759
-0.387323
-0.389695
-0.391035
-0.391413
-0.390841
-0.389248
-0.386521
-0.382489
-0.377043
-0.370074
-0.361629
-0.351889
-0.341223
-0.330176
-0.319446
-0.309729
-0.301613
-0.295552
-0.291766
-0.290301
-0.291065
-0.293841
-0.298216
-0.303644
-0.309488
-0.315125
-0.320029
-0.323832
-0.326383
-0.327658
-0.327761
-0.326897
-0.325316
-0.323277
-0.320991
-0.318596
-0.316132
-0.313564
-0.310797
-0.307725
-0.304304
-0.300486
-0.296297
-0.291888
-0.287584
-0.284023
-0.282093
-0.282663
-0.286147
-0.292135
-0.299576
-0.307068
-0.313362
-0.317497
-0.318825
-0.316983
-0.311864
-0.303876
-0.294358
-0.285759
-0.281158
-0.282705
-0.290126
-0.300898
-0.311736
-0.320148
-0.324803
-0.325294
-0.321514
-0.313505
-0.301462
-0.286352
-0.27056
-0.257672
-0.250498
-0.248778
-0.249585
-0.250317
-0.250708
-0.251869
-0.254777
-0.260124
-0.268794
-0.281036
-0.295318
-0.308664
-0.318203
-0.322348
-0.320866
-0.314572
-0.305213
-0.295326
-0.28751
-0.282947
