3.71816
3.71816
3.71816
3.71816
3.71816
3.71816
3.71815
3.71815
3.71815
3.71812
3.7181
3.71807
3.71804
3.718
3.71797
3.71793
3.7179
3.71785
3.71782
3.71778
3.71775
3.71772
3.71768
3.71765
3.71763
3.7176
3.71756
3.71755
3.71754
3.71752
3.7175
3.71749
3.71748
3.71745
3.71744
3.71742
3.71742
3.71741
3.7174
3.71739
3.71738
3.71737
3.71737
3.71734
3.71733
3.71731
3.7173
3.71729
3.71727
3.71725
3.71723
3.71721
3.71718
3.71716
3.71715
3.71714
3.71712
3.7171
3.71707
3.71706
3.71706
3.71709
3.71714
3.71723
3.71737
3.71756
3.71778
3.71798
3.71805
3.71786
3.71734
3.71665
3.71603
3.71574
3.7158
3.71611
3.71654
3.71704
3.71758
3.71813
3.7186
3.71885
3.71877
3.71834
3.7177
3.71706
3.71646
3.71592
3.71552
3.7154
3.71559
3.71599
3.71645
3.71683
3.71708
3.71723
3.71736
3.7175
3.71765
3.7177
3.71763
3.71741
3.71716
3.71695
3.71687
3.7169
3.71699
3.71708
3.71705
3.7169
3.71665
3.71634
3.71607
3.71588
3.71582
3.7159
3.71608
3.71636
3.71669
3.71702
3.71733
3.71762
3.71792
3.71832
3.71891
3.71978
3.72083
3.72153
3.72097
3.71875
3.71597
3.71423
3.71383
3.7141
3.71458
3.71505
3.71548
3.71588
3.71619
3.71648
3.71675
3.71702
3.7173
3.71759
3.71788
3.7182
3.71847
3.71865
3.71866
3.71843
3.71798
3.71744
3.71692
3.71648
3.71611
3.71586
3.71573
3.71578
3.71597
3.71628
3.71664
3.71703
3.71744
3.71783
3.71817
3.71839
3.71844
3.71828
3.71796
3.71762
3.71738
3.71722
3.71711
3.717
3.71692
3.71689
3.71695
3.71708
3.71728
3.71757
3.71793
3.71839
3.71885
3.71911
3.71884
3.71784
3.71644
3.71536
3.715
3.71526
3.71582
3.71643
3.71701
3.71754
3.71803
3.71847
3.71878
3.71891
3.71878
3.71838
3.7178
3.71716
3.71659
3.71617
3.71594
3.71588
3.71597
3.71616
3.7164
3.71666
3.71694
3.71724
3.71762
3.71806
3.71852
3.71879
3.71863
3.71787
3.71675
3.71584
3.71551
3.71569
3.71608
3.71648
3.71681
3.71706
3.71722
3.71735
3.71743
3.71751
3.71761
3.71769
3.7178
3.71791
3.71805
3.71815
3.71818
3.71812
3.71794
3.71769
3.71744
3.71723
3.71708
3.71694
3.71676
3.71654
3.71633
3.71617
3.71612
3.71618
3.71633
3.71653
3.71677
3.71704
3.7173
3.71758
3.71783
3.71805
3.71815
3.71811
3.718
3.71791
3.71792
3.71794
3.71776
3.71723
3.71643
3.71573
3.71545
3.71559
3.71598
3.7164
3.71677
3.71707
3.71728
3.71743
3.71754
3.71761
3.71765
3.71765
3.71768
3.71775
3.71787
3.71806
3.71831
3.71859
3.71878
3.71875
3.71828
3.7173
3.71606
3.71513
3.71485
3.71515
3.71569
3.71624
3.71669
3.71703
3.71726
3.7174
3.7175
3.71758
3.71768
3.71781
3.718
3.71821
3.71838
3.71848
3.71847
3.71837
3.71822
3.71798
3.71767
3.71734
3.7171
3.71704
3.71711
3.71715
3.71702
3.71667
3.7162
3.71581
3.71566
3.71576
3.71601
3.71631
3.71656
3.71671
3.71679
3.71684
3.7169
3.71703
3.71719
3.71741
3.71766
3.71789
3.71806
3.71812
3.71805
3.71788
3.71769
3.71755
3.71749
3.71746
3.71734
3.71714
3.71689
3.71669
3.7166
3.71661
3.71672
3.71685
3.71697
3.71705
3.71709
3.71708
3.71702
3.71694
3.71686
3.7168
3.71677
3.71679
3.71684
3.71691
3.717
3.71711
3.71723
3.71736
3.71749
3.71763
3.71777
3.71789
3.71801
3.71809
3.71814
3.71812
3.71798
3.71769
3.71731
3.71692
3.71665
3.71656
3.71669
3.7169
3.71713
3.71721
3.71709
3.71679
3.71642
3.71612
3.71597
3.71598
3.7161
3.71627
3.71645
3.71662
3.71678
3.71694
3.7171
3.71727
3.71744
3.71765
3.71789
3.71817
3.71847
3.71878
3.71902
3.71915
3.71912
3.71887
3.71845
3.71795
3.71745
3.71701
3.71668
3.71642
3.7162
3.71602
3.7159
3.71586
3.71597
3.71618
3.71647
3.71681
3.71716
3.71749
3.71776
3.71792
3.71796
3.71784
3.71758
3.71726
3.71697
3.71683
3.71681
3.71689
3.71701
3.71715
3.71727
3.71735
3.71739
3.71741
3.7174
3.71737
3.71733
3.71729
3.71726
3.71726
3.71725
3.71728
3.71732
3.71738
3.71748
3.71762
3.71779
3.718
3.71825
3.71852
3.71876
3.71888
3.71873
3.71825
3.7175
3.71671
3.71611
3.71581
3.71574
3.71587
3.7161
3.71635
3.71655
3.7167
3.7168
3.71684
3.71686
3.71688
3.71692
3.71699
3.71706
3.71714
3.71721
3.71726
3.71729
3.71732
3.71733
3.71733
3.71734
3.71736
3.71738
3.71744
3.71756
3.71773
3.71796
3.71823
3.7185
3.71874
3.71884
3.71867
3.71818
3.71747
3.7168
3.71649
3.71662
3.717
3.7173
3.71721
3.7167
3.71607
3.71573
3.71581
3.71621
3.7167
3.71717
3.71752
3.71775
3.71787
3.71788
3.71785
3.71777
3.71763
3.71741
3.71715
3.71685
3.7166
3.71644
3.7164
3.71645
3.71655
3.7167
3.71682
3.71694
3.71703
3.71712
3.71718
3.71723
3.71727
3.7173
3.71732
3.71732
3.71732
3.71731
3.71729
3.71726
3.71723
3.7172
3.71717
3.71716
3.71717
3.71721
3.71729
3.71741
3.71758
3.71776
3.71791
3.71796
3.71783
3.71755
3.7172
3.71694
3.71686
3.71695
3.71713
3.7173
3.71738
3.71734
3.71719
3.717
3.71681
3.71667
3.71661
3.71664
3.71675
3.71692
3.71711
3.71728
3.71739
3.71746
3.71748
3.71747
3.71743
3.71735
3.71728
3.7172
3.71714
3.71709
3.71706
3.71701
3.71695
3.71694
3.71705
3.71731
3.71772
3.7182
3.71864
3.71885
3.71864
3.71793
3.71691
3.71596
3.71539
3.7153
3.71556
3.71603
3.71654
3.71702
3.7174
3.71762
3.71762
3.71739
3.71706
3.71676
3.7166
3.71664
3.71685
3.71714
3.71743
3.71765
3.71776
3.7177
3.71746
3.71709
3.7167
3.7164
3.71624
3.71621
3.71628
3.71641
3.71654
3.7167
3.71684
3.71698
3.71712
3.71727
3.71743
3.71762
3.71785
3.71808
3.71828
3.71834
3.7182
3.71784
3.71735
3.71694
3.71674
3.7167
3.71675
3.71678
3.71672
3.71662
3.7165
3.71644
3.71647
3.71654
3.71667
3.71681
3.71693
3.71705
3.71715
3.71724
3.71733
3.71742
3.71749
3.71756
3.71764
3.71771
3.71777
3.71784
3.71786
3.71786
3.71779
3.71767
3.71751
3.71734
3.71717
3.71702
3.71691
3.71684
3.71679
3.71676
3.71676
3.71674
3.71675
3.71674
3.71675
3.71676
3.71678
3.71682
3.71687
3.71695
3.71708
3.71723
3.71744
3.71772
3.71808
3.71855
3.71906
3.71951
3.71971
3.71943
3.71864
3.71758
3.71663
3.71614
3.7161
3.71632
3.71652
3.71644
3.71607
3.71563
3.71541
3.71555
3.71603
3.71674
3.71764
3.71869
3.71968
3.72001
3.71889
3.71657
3.71461
3.71414
3.71476
3.71566
3.7164
3.71692
3.71724
3.71746
3.71759
3.71768
3.71772
3.71773
3.71767
3.71752
3.71731
3.71706
3.71681
3.71665
3.71656
3.71655
3.7166
3.71668
3.71677
3.71685
3.71692
3.71698
3.71702
3.71706
3.71708
3.71709
3.71711
3.7171
3.71712
3.71714
3.71714
3.71717
3.71721
3.71727
3.71735
3.71747
3.71764
3.71787
3.71814
3.71844
3.71874
3.71896
3.71898
3.71861
3.71761
3.7161
3.71478
3.7143
3.71471
3.71557
3.71649
3.71725
3.71769
3.71771
3.71734
3.7168
3.71643
3.71644
3.71677
3.71727
3.71774
3.718
3.71791
3.71749
3.71693
3.71648
3.7163
3.71635
3.71654
3.71676
3.71693
3.71705
3.71716
3.71726
3.71738
3.71749
3.71756
3.71755
3.71744
3.7172
3.71693
3.71672
3.71661
3.71662
3.71672
3.71689
3.71709
3.71729
3.7175
3.71766
3.7178
3.71786
3.71787
3.71782
3.7177
3.71756
3.71739
3.71721
3.71702
3.71684
3.71671
3.71663
3.71662
3.71667
3.71676
3.71686
3.71696
3.71706
3.71714
3.71717
3.71713
3.71702
3.71686
3.7167
3.7166
3.7166
3.71674
3.71698
3.71725
3.71748
3.7176
3.71758
3.71744
3.71727
3.71718
3.71724
3.71741
3.71765
3.71784
3.71786
3.71753
3.71692
3.71621
3.71572
3.71559
3.71571
3.71595
3.71619
3.71638
3.71653
3.71668
3.71683
3.71699
3.71717
3.71736
3.71755
3.71772
3.71786
3.71795
3.71798
3.7179
3.71763
3.71717
3.71664
3.71623
3.71611
3.71625
3.71656
3.71692
3.71723
3.71746
3.71761
3.71767
3.71768
3.71764
3.7176
3.71757
3.71756
3.71757
3.71757
3.71756
3.7175
3.71739
3.7172
3.71695
3.71671
3.71651
3.71638
3.71635
3.7164
3.71651
3.71663
3.71677
3.71689
3.71701
3.7171
3.71719
3.71729
3.7174
3.71751
3.71764
3.71777
3.71793
3.71807
3.71818
3.71825
3.71826
3.71819
3.71805
3.71788
3.71766
3.71743
3.7172
3.71699
3.7168
3.71667
3.71661
3.7166
3.71664
3.71673
3.71686
3.71698
3.7171
3.71721
3.71729
3.71735
3.71738
3.71739
3.7174
3.71741
3.71742
3.71744
3.71748
3.71751
3.71755
3.71759
3.7176
3.71757
3.71746
3.71726
3.71698
3.71669
3.71648
3.71639
3.71645
3.71662
3.71686
3.71716
3.71749
3.71781
3.71806
3.71812
3.71789
3.71737
3.71672
3.71622
3.71603
3.71616
3.71647
3.71688
3.71729
3.71772
3.71814
3.71852
3.71875
3.71867
3.71821
3.71759
3.71716
3.71705
3.71711
3.7171
3.71697
3.71677
3.71651
3.71614
3.71583
3.71576
3.71598
3.71645
3.71701
3.71755
3.71796
3.71816
3.71809
3.71779
3.71749
