-0.00318056
-0.00318241
-0.0031855
-0.00318982
-0.0031954
-0.00320224
-0.00321036
-0.00321977
-0.00323098
-0.00324547
-0.00326092
-0.00327881
-0.00329843
-0.00332033
-0.00334265
-0.00336779
-0.00339416
-0.00342322
-0.00345243
-0.00348493
-0.00351818
-0.00355319
-0.00359148
-0.00363172
-0.00367233
-0.00371649
-0.00376409
-0.003811
-0.00386066
-0.00391417
-0.00397118
-0.00403022
-0.0040929
-0.00416014
-0.00423001
-0.00430513
-0.00438266
-0.0044648
-0.00455206
-0.004645
-0.00474304
-0.00484724
-0.0049571
-0.00507586
-0.00520018
-0.00533263
-0.00547273
-0.00562093
-0.00577927
-0.00594688
-0.00612394
-0.00631014
-0.0065055
-0.00670778
-0.00691602
-0.00712625
-0.00733544
-0.00753382
-0.00771041
-0.00784452
-0.00790962
-0.00786528
-0.00765565
-0.00720271
-0.00641012
-0.00516907
-0.00339329
-0.00109235
0.00152581
0.00396746
0.0055297
0.00563442
0.00421605
0.00180532
-0.000795405
-0.00288248
-0.00401311
-0.00394596
-0.00256157
0.000177229
0.00415633
0.00899867
0.0140144
0.0183631
0.0214024
0.0228983
0.0228827
0.0214658
0.0188965
0.0156983
0.0125749
0.0101429
0.00871619
0.00827874
0.00860373
0.00943433
0.0106245
0.012155
0.0140269
0.0161179
0.0181466
0.0197684
0.0207651
0.0211513
0.0211456
0.0210235
0.0209748
0.0210222
0.0210132
0.0206965
0.0198189
0.0182189
0.0158925
0.0129977
0.00981624
0.00668806
0.00394065
0.00184088
0.00055916
0.00017149
0.000672611
0.00201687
0.00419068
0.00729806
0.0116466
0.0177338
0.0260019
0.0361637
0.0462527
0.0527185
0.0529716
0.047835
0.0401765
0.0322365
0.0249857
0.0186935
0.0133917
0.00903215
0.00553544
0.00283834
0.000907026
-0.000262129
-0.000650236
-0.000233386
0.00100245
0.00304441
0.00581468
0.00912845
0.0126352
0.01582
0.0181281
0.0191749
0.0188648
0.0173229
0.0147449
0.0113629
0.0074839
0.00350512
-0.000168637
-0.00320346
-0.00537896
-0.0065747
-0.00674341
-0.00589645
-0.00411627
-0.00160384
0.00128328
0.00406139
0.00628816
0.00775477
0.00853184
0.00881279
0.00873865
0.00835763
0.00771955
0.00694964
0.00623715
0.00577428
0.00572791
0.00625777
0.00754325
0.00977406
0.0130333
0.0170664
0.0209775
0.0232606
0.0226038
0.0189846
0.0137219
0.00841655
0.0040938
0.0011462
-0.000373092
-0.000517469
0.000633413
0.00295674
0.00621263
0.00999618
0.0137304
0.0167663
0.0185614
0.0188343
0.0176212
0.0151979
0.0119633
0.00834283
0.00472392
0.00140553
-0.00141415
-0.00362624
-0.00516607
-0.00596071
-0.00589412
-0.00482438
-0.00268518
0.000297759
0.0033683
0.00526633
0.00487792
0.00210589
-0.00205963
-0.00634854
-0.00993479
-0.0125439
-0.0142341
-0.0151796
-0.0155514
-0.015477
-0.0150412
-0.0142854
-0.0132254
-0.0118606
-0.01017
-0.00814055
-0.00577424
-0.00312691
-0.000330643
0.00239525
0.00477912
0.00659398
0.0077423
0.00827742
0.00831194
0.00790454
0.00701713
0.00556878
0.00353889
0.00103025
-0.00173652
-0.0044902
-0.00697779
-0.00900717
-0.0104488
-0.0112239
-0.0112887
-0.0106234
-0.00925695
-0.00729003
-0.00493358
-0.00247671
-0.000181184
0.00186031
0.00375876
0.00562075
0.00722075
0.00787825
0.00685596
0.00403113
9.5575e-05
-0.00394056
-0.00732476
-0.00974503
-0.0111959
-0.011811
-0.0117548
-0.0111752
-0.0102003
-0.0089438
-0.00750109
-0.00594086
-0.00427765
-0.00246898
-0.00040934
0.00204024
0.00500297
0.00852291
0.0124826
0.0164935
0.019759
0.0211413
0.0197432
0.015708
0.0102623
0.00487097
0.000470459
-0.0026364
-0.00453753
-0.00546371
-0.00565606
-0.00531472
-0.004574
-0.00350737
-0.0021175
-0.000353292
0.00186747
0.00459927
0.007813
0.0113548
0.0149699
0.0184003
0.0214488
0.0239489
0.0257099
0.026588
0.0266636
0.0262654
0.0257451
0.0251977
0.0243703
0.022805
0.0201399
0.0163787
0.0119301
0.00738798
0.00324993
-0.000240779
-0.00308867
-0.00543819
-0.00744907
-0.0092144
-0.0107264
-0.0118979
-0.0126096
-0.0127421
-0.0122192
-0.0110374
-0.0092947
-0.00720861
-0.00508927
-0.00323647
-0.00181252
-0.000779477
1.42526e-05
0.000665982
0.00110167
0.00112969
0.000591515
-0.000498415
-0.00194888
-0.00349789
-0.00491981
-0.00609142
-0.00698026
-0.00762415
-0.00810743
-0.00853814
-0.00902241
-0.00963471
-0.010398
-0.011282
-0.0122126
-0.013097
-0.0138492
-0.0143984
-0.01469
-0.0146838
-0.0143497
-0.0136614
-0.0125993
-0.0111505
-0.0093179
-0.00712687
-0.00462055
-0.00187275
0.00101306
0.00387844
0.00648245
0.00851361
0.00968103
0.0098556
0.00917909
0.00801907
0.00682286
0.00592618
0.00544278
0.00520253
0.00481848
0.00385464
0.00204926
-0.000552096
-0.00365318
-0.00687566
-0.00990651
-0.0125481
-0.0147069
-0.0163507
-0.0174796
-0.0181007
-0.0182176
-0.0178197
-0.0168801
-0.0153515
-0.0131747
-0.0102874
-0.00664821
-0.00226968
0.00273095
0.00810439
0.0134601
0.0183171
0.0222185
0.0248439
0.0260766
0.0259954
0.024793
0.0226748
0.0198048
0.0163086
0.0123295
0.00808805
0.00388261
2.89978e-05
-0.00320781
-0.00565561
-0.00724377
-0.0079839
-0.00797088
-0.00738746
-0.00651448
-0.00571171
-0.00533578
-0.00560836
-0.00653107
-0.00789367
-0.00940291
-0.0107899
-0.0118894
-0.0126351
-0.0130371
-0.0131487
-0.0130403
-0.0127828
-0.012443
-0.0120736
-0.0117096
-0.0113653
-0.0110367
-0.0106987
-0.0103183
-0.00984515
-0.00922577
-0.00839955
-0.00730335
-0.005871
-0.00403137
-0.00171118
0.00115997
0.00461996
0.00862083
0.0129356
0.0170655
0.0202821
0.0218692
0.0214915
0.0193571
0.0160475
0.0122105
0.00837469
0.00487884
0.00187752
-0.000624491
-0.00272055
-0.0045395
-0.00619361
-0.00773987
-0.00917778
-0.0104709
-0.0115719
-0.0124439
-0.0130723
-0.0134647
-0.0136463
-0.0136529
-0.0135237
-0.0132952
-0.0129933
-0.0126242
-0.0121732
-0.0116009
-0.0108364
-0.00978756
-0.00834538
-0.00639497
-0.00383843
-0.000631261
0.00315875
0.00727122
0.0111995
0.0142436
0.0157702
0.0156034
0.0142442
0.0126127
0.0114981
0.0110774
0.0107852
0.00968182
0.00718713
0.00357363
-0.00027506
-0.00349541
-0.00562921
-0.00660767
-0.00660242
-0.00588451
-0.00473849
-0.00341567
-0.00210098
-0.000934797
-4.35053e-05
0.000422818
0.000301984
-0.000517052
-0.00200977
-0.00400423
-0.00624229
-0.00846768
-0.010495
-0.0122172
-0.0136025
-0.0146558
-0.0154089
-0.0158983
-0.0161653
-0.0162459
-0.0161748
-0.0159847
-0.0157052
-0.0153661
-0.0149948
-0.0146192
-0.0142611
-0.013942
-0.0136715
-0.0134533
-0.0132758
-0.0131129
-0.012919
-0.0126311
-0.0121667
-0.0114314
-0.0103353
-0.00882508
-0.00693316
-0.00483076
-0.00284171
-0.00135518
-0.000639195
-0.000668561
-0.00112712
-0.00159354
-0.00175812
-0.00154238
-0.00107865
-0.000617789
-0.000413648
-0.000631273
-0.00131802
-0.00240422
-0.00372989
-0.00508663
-0.00625882
-0.00707916
-0.00746316
-0.0074165
-0.0070207
-0.00638827
-0.00563936
-0.00487247
-0.004164
-0.00357553
-0.00314641
-0.0028852
-0.00275901
-0.00272466
-0.00275605
-0.00286997
-0.00307246
-0.00329194
-0.00333206
-0.00289039
-0.00164116
0.000650332
0.00399425
0.00802838
0.0119489
0.0146622
0.0152431
0.0134508
0.00986025
0.00550335
0.00136207
-0.00191432
-0.00403725
-0.00498176
-0.00490683
-0.00413073
-0.00310055
-0.00231926
-0.00216782
-0.00274148
-0.00381117
-0.00495736
-0.00577136
-0.00599089
-0.00552992
-0.00447417
-0.00305641
-0.00164088
-0.000646487
-0.000428594
-0.00114532
-0.00270275
-0.00482162
-0.00716375
-0.00944546
-0.0114795
-0.0131713
-0.0144788
-0.0153985
-0.0159305
-0.0160744
-0.0158128
-0.0151145
-0.0139322
-0.0122165
-0.00994784
-0.00719369
-0.00418156
-0.00132767
0.000846555
0.00194376
0.00192661
0.00111298
-6.03249e-05
-0.00129454
-0.00254025
-0.00391453
-0.00555514
-0.00750238
-0.0096648
-0.0118755
-0.0139656
-0.0158057
-0.0173301
-0.0185225
-0.0193896
-0.0199541
-0.0202397
-0.0202656
-0.0200464
-0.0195907
-0.0189029
-0.0179843
-0.0168416
-0.0154902
-0.01396
-0.0123099
-0.0106233
-0.0090148
-0.00761137
-0.00653325
-0.00586618
-0.00563927
-0.00582232
-0.00633706
-0.00708767
-0.00798391
-0.00895267
-0.00994389
-0.0109298
-0.011888
-0.0128054
-0.0136591
-0.0144229
-0.0150625
-0.0155321
-0.0157805
-0.0157458
-0.0153525
-0.0145162
-0.0131244
-0.0110405
-0.00809914
-0.00412267
0.00100881
0.0072361
0.0141312
0.0207834
0.0259929
0.02882
0.0291152
0.027568
0.0252244
0.0229311
0.0209696
0.0190047
0.0164043
0.0127836
0.00839079
0.0039697
0.000346157
-0.00183307
-0.00209131
-5.87242e-05
0.00432528
0.0101548
0.0148879
0.0153598
0.0107327
0.00343024
-0.00354035
-0.00870519
-0.0119578
-0.0137134
-0.0144257
-0.0144287
-0.0139519
-0.0131433
-0.0121226
-0.0110105
-0.00995824
-0.0091477
-0.00875828
-0.00891975
-0.0096548
-0.0108614
-0.0123617
-0.0139501
-0.0154581
-0.0167757
-0.0178479
-0.0186626
-0.0192319
-0.0195791
-0.0197301
-0.0197068
-0.019531
-0.0192168
-0.0187719
-0.0182051
-0.0175142
-0.016697
-0.015748
-0.0146479
-0.0133802
-0.0119114
-0.0101987
-0.00817777
-0.00576384
-0.00285684
0.000647902
0.0048191
0.00964197
0.0149667
0.0204317
0.0253073
0.0283589
0.0282541
0.0246961
0.0190269
0.0133048
0.0090311
0.00677266
0.00640933
0.00738731
0.0088469
0.0098462
0.00976941
0.00867406
0.00721034
0.00617156
0.00609794
0.00710604
0.00887801
0.0107395
0.0118949
0.0118079
0.0104827
0.0083874
0.00610653
0.00405891
0.00241134
0.00115913
0.000228365
-0.00044608
-0.000886996
-0.00107635
-0.00100223
-0.000712386
-0.000353346
-0.000161976
-0.000391706
-0.00119
-0.00253316
-0.00423142
-0.00601054
-0.00760947
-0.00883182
-0.00955771
-0.00973474
-0.00935712
-0.00846627
-0.00714391
-0.00551926
-0.00375294
-0.00201624
-0.000465342
0.000786323
0.00166288
0.00211084
0.00209898
0.00163497
0.000789738
-0.000308899
-0.00149665
-0.00262312
-0.00357375
-0.00427795
-0.00470373
-0.0048544
-0.00476958
-0.00453043
-0.0042651
-0.00412949
-0.00426483
-0.00472894
-0.00544365
-0.00619934
-0.00671385
-0.00673004
-0.00609716
-0.00482428
-0.00309561
-0.00122331
0.000473237
0.00182252
0.00288739
0.00392041
0.00521609
0.00697148
0.00917262
0.0115072
0.0133394
0.0139203
0.0128159
0.0102373
0.00687821
0.00345872
0.000412343
-0.00212529
-0.00418447
-0.0058253
-0.00707806
-0.00793604
-0.0083668
-0.00833096
-0.0078057
-0.00679152
-0.00531944
-0.00345294
-0.00128522
0.00103508
0.00326456
0.00502218
0.00587149
0.00552991
0.00410371
0.00209175
0.000129444
-0.00128593
-0.00192115
-0.00177322
-0.00098297
0.000244191
0.00169909
0.00320255
0.00462615
0.00590251
0.00701767
0.0079908
0.00885286
0.00961367
0.0102406
0.0106466
0.010701
0.0102521
0.00918454
0.00745898
0.00513741
0.00237988
-0.000592624
-0.00355565
-0.00633021
-0.00880189
-0.010917
-0.0126707
-0.0140778
-0.0151604
-0.0159283
-0.0163782
-0.0164921
-0.0162433
-0.0155994
-0.0145398
-0.0130549
-0.0111683
-0.00894
-0.00647523
-0.00392139
-0.0014576
0.000735671
0.00250334
0.00373019
0.00435551
0.00436411
0.00377942
0.00266183
0.00111688
-0.000713878
-0.00266665
-0.00458014
-0.00631701
-0.00777868
-0.00891366
-0.00970682
-0.0101755
-0.0103619
-0.0103216
-0.0101138
-0.00978929
-0.00938293
-0.00890813
-0.00836075
-0.00772517
-0.00698456
-0.00613243
-0.00516837
-0.00410826
-0.00299558
-0.00191718
-0.00102611
-0.000527032
-0.000613349
-0.00136939
-0.00269713
-0.00434368
-0.00598022
-0.00730457
-0.00808489
-0.00816611
-0.00746326
-0.00596394
-0.00378237
-0.00124325
0.00108117
0.00249395
0.00251648
0.00121112
-0.000847881
-0.00291023
-0.00438795
-0.00495481
-0.00449249
-0.00297402
-0.000417263
0.00310288
0.00733091
0.011695
0.0153678
0.0177035
0.018734
0.0190792
0.0192997
0.019464
0.0193355
0.0187045
0.0174251
0.0153239
0.012376
0.00895413
0.00574994
0.00342633
0.00236081
0.00261936
0.00401921
0.00615832
0.00845562
0.0103229
0.011485
