2.5
2.50001
2.50003
2.50006
2.5001
2.50014
2.5002
2.50026
2.50033
2.50041
2.5005
2.5006
2.50071
2.50083
2.50096
2.50111
2.50126
2.50142
2.5016
2.50179
2.50199
2.50221
2.50244
2.50269
2.50295
2.50322
2.50352
2.50383
2.50416
2.5045
2.50487
2.50527
2.50568
2.50612
2.50659
2.50708
2.5076
2.50816
2.50875
2.50937
2.51004
2.51074
2.5115
2.5123
2.51315
2.51406
2.51504
2.51608
2.5172
2.51839
2.51967
2.52104
2.52251
2.52408
2.52576
2.52755
2.52945
2.53145
2.53352
2.53565
2.53775
2.53974
2.54147
2.54273
2.54323
2.54263
2.54061
2.53709
2.53254
2.52827
2.52632
2.52851
2.53527
2.54518
2.55595
2.56551
2.57257
2.57648
2.57687
2.5736
2.56684
2.55751
2.54745
2.53903
2.53416
2.53353
2.53704
2.54437
2.55493
2.56733
2.57958
2.58988
2.59727
2.6018
2.60416
2.60513
2.60519
2.60434
2.60251
2.59992
2.59732
2.59571
2.59575
2.59742
2.6001
2.60292
2.60526
2.607
2.60853
2.61058
2.61394
2.61915
2.62632
2.63508
2.64471
2.65432
2.66301
2.67009
2.67511
2.6779
2.6785
2.67709
2.67374
2.66816
2.65943
2.64592
2.62594
2.59961
2.5719
2.55312
2.55179
2.56633
2.58816
2.61027
2.62976
2.64602
2.6592
2.66964
2.67772
2.68376
2.68794
2.69032
2.69086
2.68947
2.68606
2.68061
2.6732
2.66423
2.65455
2.64551
2.63869
2.63522
2.63539
2.63885
2.64505
2.65339
2.66311
2.67315
2.68244
2.69007
2.69545
2.69829
2.69848
2.69603
2.69112
2.68424
2.67632
2.66871
2.6627
2.65891
2.65715
2.65678
2.65734
2.65869
2.66075
2.66318
2.66549
2.66714
2.66766
2.6666
2.66343
2.65752
2.64845
2.6367
2.6246
2.61651
2.61663
2.62553
2.63956
2.65393
2.66552
2.6732
2.67693
2.67691
2.6734
2.66669
2.65736
2.64644
2.63546
2.62625
2.62037
2.61866
2.62108
2.62683
2.63481
2.64381
2.65276
2.66084
2.66754
2.67259
2.67586
2.67718
2.67623
2.67254
2.66575
2.65627
2.64608
2.63879
2.63792
2.64413
2.6547
2.66582
2.67496
2.68131
2.6851
2.68694
2.68738
2.68683
2.68554
2.68364
2.68117
2.67808
2.67429
2.6697
2.66426
2.65805
2.65134
2.6447
2.63886
2.63447
2.6318
2.63069
2.63076
2.6318
2.63391
2.63737
2.64233
2.64859
2.65559
2.66261
2.66897
2.67417
2.67786
2.67987
2.68008
2.67844
2.67497
2.66991
2.6638
2.65741
2.65149
2.64629
2.64143
2.63641
2.63168
2.62916
2.63117
2.63838
2.64899
2.66005
2.6693
2.67583
2.67968
2.68131
2.68123
2.67989
2.67768
2.6749
2.67181
2.66857
2.66524
2.66167
2.65749
2.65226
2.64551
2.63698
2.62681
2.61591
2.60642
2.60165
2.60451
2.61502
2.62981
2.64454
2.65639
2.6645
2.6692
2.67129
2.67154
2.67058
2.66881
2.66646
2.66353
2.65982
2.65506
2.64899
2.64159
2.63319
2.62444
2.61604
2.60847
2.60216
2.59759
2.59521
2.59484
2.59551
2.5961
2.59622
2.59653
2.59842
2.60311
2.61077
2.62038
2.63025
2.63894
2.64576
2.65078
2.65449
2.65744
2.65999
2.66217
2.66377
2.66444
2.66381
2.66164
2.65785
2.65263
2.64654
2.64042
2.63512
2.63112
2.62829
2.62613
2.62426
2.62283
2.62239
2.62346
2.62609
2.62976
2.63371
2.63729
2.64012
2.64212
2.64341
2.64424
2.64492
2.64579
2.64709
2.64892
2.6512
2.65376
2.65634
2.65873
2.66072
2.66218
2.66301
2.66314
2.66249
2.66098
2.65856
2.65521
2.65095
2.64585
2.64005
2.63377
2.62738
2.62149
2.61695
2.61461
2.61492
2.61754
2.62143
2.62527
2.62802
2.62929
2.62951
2.62981
2.63155
2.63562
2.642
2.64992
2.65832
2.66631
2.67336
2.67926
2.68398
2.68756
2.69008
2.69156
2.69201
2.69134
2.6894
2.68599
2.68087
2.67382
2.66475
2.65384
2.64163
2.62909
2.61748
2.60805
2.60168
2.59871
2.59891
2.6017
2.60652
2.61294
2.62069
2.62949
2.63885
2.64804
2.65623
2.66272
2.66707
2.66911
2.66888
2.66663
2.66285
2.6583
2.65399
2.65097
2.64991
2.65089
2.65334
2.65639
2.65927
2.66148
2.66284
2.66339
2.66329
2.66276
2.66201
2.66123
2.66056
2.6601
2.65991
2.65996
2.66021
2.66053
2.6608
2.66085
2.66053
2.65964
2.65797
2.6553
2.65138
2.64593
2.63873
2.62978
2.61955
2.60931
2.60107
2.59697
2.59813
2.60406
2.61313
2.62345
2.63352
2.64238
2.64964
2.65534
2.6598
2.66348
2.66674
2.66979
2.67268
2.67532
2.67758
2.67937
2.68063
2.68139
2.68173
2.68175
2.68156
2.68126
2.68094
2.68062
2.68026
2.67975
2.67889
2.67743
2.67502
2.67131
2.66594
2.6587
2.64966
2.6394
2.62925
2.6212
2.61717
2.61786
2.62196
2.62674
2.62971
2.63016
2.62963
2.63101
2.63633
2.64511
2.65483
2.66289
2.66789
2.6696
2.66854
2.66551
2.66131
2.65666
2.65207
2.64787
2.64437
2.64196
2.6411
2.64213
2.64505
2.64939
2.65445
2.65948
2.66397
2.66764
2.67041
2.67233
2.6735
2.67406
2.67413
2.6738
2.67317
2.67233
2.67136
2.67031
2.66927
2.6683
2.66745
2.66677
2.66631
2.66606
2.66601
2.66608
2.66616
2.66608
2.6656
2.66444
2.66233
2.65906
2.65464
2.6495
2.64451
2.64081
2.63926
2.63987
2.64175
2.64365
2.64459
2.64428
2.64309
2.64176
2.64104
2.64147
2.64323
2.64616
2.64983
2.65365
2.65702
2.65946
2.66069
2.66074
2.6598
2.65823
2.65635
2.65444
2.65272
2.65135
2.65047
2.65009
2.65015
2.6505
2.65109
2.65197
2.65321
2.65467
2.65582
2.6558
2.65362
2.64848
2.64017
2.62952
2.61869
2.61083
2.6088
2.61357
2.62364
2.63604
2.64787
2.65721
2.66324
2.66588
2.66561
2.66331
2.66023
2.65785
2.65734
2.65907
2.66243
2.66618
2.6691
2.67035
2.66964
2.66714
2.66345
2.65958
2.6567
2.65589
2.65764
2.66177
2.66749
2.67383
2.68001
2.68549
2.69006
2.69364
2.69627
2.69797
2.69877
2.69862
2.69744
2.69505
2.69127
2.68595
2.67917
2.67146
2.6639
2.65799
2.65494
2.65495
2.6571
2.66007
2.6629
2.66542
2.668
2.67111
2.67494
2.67932
2.68382
2.68795
2.6914
2.694
2.69573
2.69665
2.69685
2.69643
2.69545
2.69396
2.692
2.68955
2.68662
2.68321
2.67932
2.67501
2.67041
2.66571
2.6612
2.65722
2.6541
2.65209
2.65128
2.65159
2.65281
2.65467
2.65694
2.65941
2.66198
2.6646
2.66723
2.66988
2.67251
2.6751
2.67758
2.67984
2.68178
2.68325
2.68406
2.68397
2.68267
2.67976
2.67471
2.66691
2.65586
2.64147
2.6247
2.60793
2.5946
2.58758
2.58753
2.59253
2.59947
2.60572
2.61036
2.61434
2.61969
2.62788
2.63846
2.64942
2.65837
2.66343
2.66317
2.6564
2.64255
2.62367
2.60674
2.60151
2.6116
2.63035
2.6485
2.66132
2.66849
2.67138
2.67144
2.66971
2.66686
2.66328
2.65925
2.65506
2.65108
2.64777
2.64565
2.6451
2.64623
2.64877
2.65224
2.65606
2.65976
2.66305
2.6658
2.66799
2.66969
2.67099
2.67198
2.67273
2.67331
2.67377
2.67412
2.67439
2.67457
2.67466
2.67463
2.67443
2.674
2.67325
2.67204
2.67017
2.66738
2.66333
2.65766
2.65005
2.64041
2.629
2.61662
2.60516
2.59809
2.59954
2.61096
2.62879
2.64697
2.66087
2.6687
2.67079
2.66874
2.66502
2.66248
2.66308
2.66685
2.67192
2.67587
2.67696
2.67469
2.66985
2.66433
2.66047
2.65999
2.66303
2.66826
2.67394
2.67881
2.68235
2.68463
2.6859
2.68641
2.68624
2.68536
2.6837
2.68136
2.67872
2.67648
2.67537
2.67591
2.6781
2.68145
2.68519
2.68859
2.69109
2.69237
2.69228
2.69082
2.68808
2.68427
2.67972
2.67486
2.67013
2.66595
2.66263
2.66034
2.65923
2.65937
2.66077
2.66325
2.66647
2.66998
2.67337
2.67631
2.67862
2.68022
2.68111
2.68141
2.68133
2.68122
2.68156
2.68278
2.68509
2.68833
2.69193
2.69508
2.69702
2.69726
2.69576
2.693
2.68987
2.6873
2.68584
2.68532
2.68498
2.68387
2.68129
2.67712
2.67211
2.668
2.66701
2.6706
2.67835
2.68828
2.69827
2.70703
2.7142
2.71996
2.72458
2.72822
2.73092
2.73259
2.73314
2.7325
2.73063
2.7276
2.72353
2.71862
2.71324
2.70798
2.70389
2.70225
2.70399
2.70895
2.71575
2.72253
2.72779
2.7308
2.73154
2.7304
2.72795
2.72479
2.72139
2.7181
2.71507
2.71231
2.70972
2.70718
2.7046
2.70206
2.69976
2.69808
2.69746
2.69829
2.70074
2.7047
2.70979
2.71543
2.72102
2.72609
2.73034
2.73369
2.73614
2.7378
2.73876
2.73907
2.73875
2.73776
2.73602
2.73342
2.72988
2.72533
2.7198
2.71338
2.70631
2.69896
2.69176
2.68519
2.67966
2.67547
2.67279
2.67166
2.67204
2.67376
2.67659
2.68017
2.68406
2.68785
2.69117
2.69379
2.69558
2.69651
2.69665
2.69613
2.69511
2.69377
2.69226
2.69066
2.68903
2.68732
2.68549
2.68347
2.68121
2.67869
2.67593
2.67299
2.6701
2.66765
2.66623
2.66643
2.66856
2.67241
2.67731
2.68235
2.68665
2.68957
2.69066
2.68965
2.68645
2.68129
2.67498
2.6691
2.66568
2.66628
2.6709
2.67795
2.68527
2.69108
2.69446
2.69505
2.69282
2.68776
2.67999
2.67007
2.65948
2.65059
2.6454
2.64396
2.64442
2.64495
2.6452
2.64589
2.6477
2.65109
2.65663
2.66458
2.67405
2.6831
2.68977
2.69291
2.69228
2.68836
2.68225
2.67561
2.6702
2.66696
